1762936147785 0.0 299
1762936147813 0.0 299
1762936173902 1.0 599
1762936173933 1.0 599
1762936200508 2.0 899
1762936200543 2.0 899
1762936227413 3.0 1199
1762936227465 3.0 1199
1762936253181 4.0 1499
1762936253206 4.0 1499
1762936279834 5.0 1799
1762936279862 5.0 1799
1762936306478 6.0 2099
1762936306517 6.0 2099
1762936333442 7.0 2399
1762936333480 7.0 2399
1762936360297 8.0 2699
1762936360327 8.0 2699
1762936387069 9.0 2999
1762936387088 9.0 2999
1762936414009 10.0 3299
1762936414046 10.0 3299
1762936441235 11.0 3599
1762936441254 11.0 3599
1762936468649 12.0 3899
1762936468670 12.0 3899
1762936495678 13.0 4199
1762936495695 13.0 4199
1762936522248 14.0 4499
1762936522277 14.0 4499
1762936548729 15.0 4799
1762936548763 15.0 4799
1762936575220 16.0 5099
1762936575242 16.0 5099
1762936602262 17.0 5399
1762936602281 17.0 5399
1762936629178 18.0 5699
1762936629204 18.0 5699
1762936656057 19.0 5999
1762936656075 19.0 5999
1762936682751 20.0 6299
1762936682787 20.0 6299
1762936709195 21.0 6599
1762936709217 21.0 6599
1762936736430 22.0 6899
1762936736460 22.0 6899
1762936763293 23.0 7199
1762936763311 23.0 7199
1762936790296 24.0 7499
1762936790319 24.0 7499
1762936817394 25.0 7799
1762936817414 25.0 7799
1762936844415 26.0 8099
1762936844445 26.0 8099
1762936871187 27.0 8399
1762936871205 27.0 8399
1762936897897 28.0 8699
1762936897920 28.0 8699
1762936924997 29.0 8999
1762936925036 29.0 8999
1762936952028 30.0 9299
1762936952049 30.0 9299
1762936978644 31.0 9599
1762936978671 31.0 9599
1762937005409 32.0 9899
1762937005427 32.0 9899
1762937032267 33.0 10199
1762937032294 33.0 10199
1762937059054 34.0 10499
1762937059078 34.0 10499
1762937085989 35.0 10799
1762937086011 35.0 10799
1762937113076 36.0 11099
1762937113095 36.0 11099
1762937140199 37.0 11399
1762937140216 37.0 11399
1762937167273 38.0 11699
1762937167291 38.0 11699
1762937194321 39.0 11999
1762937194339 39.0 11999
1762937221208 40.0 12299
1762937221228 40.0 12299
1762937247666 41.0 12599
1762937247698 41.0 12599
1762937274038 42.0 12899
1762937274069 42.0 12899
1762937300737 43.0 13199
1762937300770 43.0 13199
1762937327234 44.0 13499
1762937327257 44.0 13499
1762937352912 45.0 13799
1762937352928 45.0 13799
1762937377729 46.0 14099
1762937377745 46.0 14099
1762937404532 47.0 14399
1762937404549 47.0 14399
1762937431796 48.0 14699
1762937431814 48.0 14699
1762937458764 49.0 14999
1762937458780 49.0 14999
1762937485112 50.0 15299
1762937485133 50.0 15299
1762937512520 51.0 15599
1762937512541 51.0 15599
1762937539624 52.0 15899
1762937539663 52.0 15899
1762937566712 53.0 16199
1762937566730 53.0 16199
1762937593670 54.0 16499
1762937593702 54.0 16499
1762937620470 55.0 16799
1762937620512 55.0 16799
1762937647050 56.0 17099
1762937647067 56.0 17099
1762937672954 57.0 17399
1762937672974 57.0 17399
1762937699793 58.0 17699
1762937699815 58.0 17699
1762937727204 59.0 17999
1762937727220 59.0 17999
1762937754173 60.0 18299
1762937754191 60.0 18299
1762937781104 61.0 18599
1762937781123 61.0 18599
1762937807734 62.0 18899
1762937807755 62.0 18899
1762937835143 63.0 19199
1762937835160 63.0 19199
1762937862299 64.0 19499
1762937862318 64.0 19499
1762937889313 65.0 19799
1762937889332 65.0 19799
1762937916277 66.0 20099
1762937916301 66.0 20099
1762937943198 67.0 20399
1762937943216 67.0 20399
1762937969685 68.0 20699
1762937969707 68.0 20699
1762937995551 69.0 20999
1762937995568 69.0 20999
1762938020592 70.0 21299
1762938020621 70.0 21299
1762938045528 71.0 21599
1762938045544 71.0 21599
1762938071910 72.0 21899
1762938071934 72.0 21899
1762938099238 73.0 22199
1762938099260 73.0 22199
1762938124619 74.0 22499
1762938124645 74.0 22499
1762938149512 75.0 22799
1762938149527 75.0 22799
1762938174741 76.0 23099
1762938174758 76.0 23099
1762938200454 77.0 23399
1762938200474 77.0 23399
1762938227654 78.0 23699
1762938227678 78.0 23699
1762938254826 79.0 23999
1762938254846 79.0 23999
1762938281806 80.0 24299
1762938281824 80.0 24299
1762938308523 81.0 24599
1762938308542 81.0 24599
1762938334696 82.0 24899
1762938334712 82.0 24899
1762938361539 83.0 25199
1762938361560 83.0 25199
1762938388540 84.0 25499
1762938388563 84.0 25499
1762938415151 85.0 25799
1762938415172 85.0 25799
1762938441377 86.0 26099
1762938441392 86.0 26099
1762938467850 87.0 26399
1762938467878 87.0 26399
1762938494904 88.0 26699
1762938494933 88.0 26699
1762938521726 89.0 26999
1762938521752 89.0 26999
1762938548323 90.0 27299
1762938548340 90.0 27299
1762938575216 91.0 27599
1762938575235 91.0 27599
1762938602180 92.0 27899
1762938602203 92.0 27899
1762938629209 93.0 28199
1762938629228 93.0 28199
1762938656249 94.0 28499
1762938656269 94.0 28499
1762938682728 95.0 28799
1762938682746 95.0 28799
1762938709141 96.0 29099
1762938709157 96.0 29099
1762938735290 97.0 29399
1762938735306 97.0 29399
1762938761463 98.0 29699
1762938761484 98.0 29699
1762938787841 99.0 29999
1762938787860 99.0 29999
1762938814646 100.0 30299
1762938814664 100.0 30299
1762938841326 101.0 30599
1762938841350 101.0 30599
1762938868144 102.0 30899
1762938868170 102.0 30899
1762938895178 103.0 31199
1762938895197 103.0 31199
1762938921999 104.0 31499
1762938922019 104.0 31499
1762938949336 105.0 31799
1762938949359 105.0 31799
1762938976343 106.0 32099
1762938976362 106.0 32099
1762939003418 107.0 32399
1762939003436 107.0 32399
1762939030421 108.0 32699
1762939030439 108.0 32699
1762939044930 109.0 32700
