1762936125734 0.001 49
1762936129690 0.001 99
1762936133576 0.001 149
1762936137418 0.001 199
1762936140987 0.001 249
1762936144563 0.001 299
1762936151341 0.001 349
1762936154991 0.001 399
1762936158799 0.001 449
1762936162655 0.001 499
1762936166465 0.001 549
1762936170342 0.001 599
1762936177751 0.001 649
1762936181589 0.001 699
1762936185377 0.001 749
1762936189172 0.001 799
1762936193023 0.001 849
1762936196877 0.001 899
1762936204358 0.001 949
1762936208231 0.001 999
1762936212145 0.001 1049
1762936215954 0.001 1099
1762936219847 0.001 1149
1762936223713 0.001 1199
1762936231296 0.001 1249
1762936235176 0.001 1299
1762936239056 0.001 1349
1762936242760 0.001 1399
1762936246358 0.001 1449
1762936249962 0.001 1499
1762936256825 0.001 1549
1762936260804 0.001 1599
1762936264637 0.001 1649
1762936268476 0.001 1699
1762936272349 0.001 1749
1762936276158 0.001 1799
1762936283639 0.001 1849
1762936287469 0.001 1899
1762936291383 0.001 1949
1762936295231 0.001 1999
1762936299070 0.001 2049
1762936302873 0.001 2099
1762936310426 0.001 2149
1762936314299 0.001 2199
1762936318157 0.001 2249
1762936321996 0.001 2299
1762936325837 0.001 2349
1762936329725 0.001 2399
1762936337336 0.001 2449
1762936341230 0.001 2499
1762936345106 0.001 2549
1762936348997 0.001 2599
1762936352786 0.001 2649
1762936356662 0.001 2699
1762936364129 0.001 2749
1762936368013 0.001 2799
1762936371895 0.001 2849
1762936375737 0.001 2899
1762936379615 0.001 2949
1762936383389 0.001 2999
1762936390841 0.001 3049
1762936394794 0.001 3099
1762936398733 0.001 3149
1762936402618 0.001 3199
1762936406492 0.001 3249
1762936410309 0.001 3299
1762936417918 0.001 3349
1762936421835 0.001 3399
1762936425722 0.001 3449
1762936429632 0.001 3499
1762936433566 0.001 3549
1762936437431 0.001 3599
1762936445123 0.001 3649
1762936449096 0.001 3699
1762936453017 0.001 3749
1762936456953 0.001 3799
1762936460885 0.001 3849
1762936464842 0.001 3899
1762936472502 0.001 3949
1762936476399 0.001 3999
1762936480316 0.001 4049
1762936484228 0.001 4099
1762936488112 0.001 4149
1762936492013 0.001 4199
1762936499463 0.001 4249
1762936503294 0.001 4299
1762936507131 0.001 4349
1762936510999 0.001 4399
1762936514808 0.001 4449
1762936518635 0.001 4499
1762936526022 0.001 4549
1762936529835 0.001 4599
1762936533714 0.001 4649
1762936537562 0.001 4699
1762936541363 0.001 4749
1762936545146 0.001 4799
1762936552513 0.001 4849
1762936556292 0.001 4899
1762936560178 0.001 4949
1762936563996 0.001 4999
1762936567604 0.001 5049
1762936571516 0.001 5099
1762936579050 0.001 5149
1762936582909 0.001 5199
1762936586781 0.001 5249
1762936590692 0.001 5299
1762936594627 0.001 5349
1762936598578 0.001 5399
1762936606142 0.001 5449
1762936610058 0.001 5499
1762936613953 0.001 5549
1762936617862 0.001 5599
1762936621761 0.001 5649
1762936625567 0.001 5699
1762936633008 0.001 5749
1762936636891 0.001 5799
1762936640762 0.001 5849
1762936644669 0.001 5899
1762936648537 0.001 5949
1762936652396 0.001 5999
1762936659888 0.001 6049
1762936663707 0.001 6099
1762936667509 0.001 6149
1762936671419 0.001 6199
1762936675246 0.001 6249
1762936679101 0.001 6299
1762936686570 0.001 6349
1762936690371 0.001 6399
1762936694220 0.001 6449
1762936697846 0.001 6499
1762936701617 0.001 6549
1762936705496 0.001 6599
1762936713054 0.001 6649
1762936716947 0.001 6699
1762936720988 0.001 6749
1762936724881 0.001 6799
1762936728788 0.001 6849
1762936732680 0.001 6899
1762936740239 0.001 6949
1762936744068 0.001 6999
1762936747919 0.001 7049
1762936751789 0.001 7099
1762936755660 0.001 7149
1762936759539 0.001 7199
1762936767170 0.001 7249
1762936771037 0.001 7299
1762936774954 0.001 7349
1762936778805 0.001 7399
1762936782662 0.001 7449
1762936786578 0.001 7499
1762936794124 0.001 7549
1762936798002 0.001 7599
1762936801930 0.001 7649
1762936805837 0.001 7699
1762936809774 0.001 7749
1762936813686 0.001 7799
1762936821216 0.001 7849
1762936825120 0.001 7899
1762936829026 0.001 7949
1762936832959 0.001 7999
1762936836850 0.001 8049
1762936840764 0.001 8099
1762936848272 0.001 8149
1762936852215 0.001 8199
1762936856118 0.001 8249
1762936859934 0.001 8299
1762936863825 0.001 8349
1762936867610 0.001 8399
1762936874939 0.001 8449
1762936878737 0.001 8499
1762936882554 0.001 8549
1762936886385 0.001 8599
1762936890200 0.001 8649
1762936894160 0.001 8699
1762936901798 0.001 8749
1762936905484 0.001 8799
1762936909236 0.001 8849
1762936913149 0.001 8899
1762936917254 0.001 8949
1762936921211 0.001 8999
1762936928886 0.001 9049
1762936932742 0.001 9099
1762936936637 0.001 9149
1762936940555 0.001 9199
1762936944452 0.001 9249
1762936948381 0.001 9299
1762936955830 0.001 9349
1762936959742 0.001 9399
1762936963552 0.001 9449
1762936967396 0.001 9499
1762936971228 0.001 9549
1762936975030 0.001 9599
1762936982457 0.001 9649
1762936986324 0.001 9699
1762936990195 0.001 9749
1762936994066 0.001 9799
1762936997894 0.001 9849
1762937001773 0.001 9899
1762937009240 0.001 9949
1762937013068 0.001 9999
1762937016927 0.001 10049
1762937020811 0.001 10099
1762937024698 0.001 10149
1762937028583 0.001 10199
1762937036071 0.001 10249
1762937039939 0.001 10299
1762937043794 0.001 10349
1762937047611 0.001 10399
1762937051454 0.001 10449
1762937055330 0.001 10499
1762937062919 0.001 10549
1762937066811 0.001 10599
1762937070697 0.001 10649
1762937074572 0.001 10699
1762937078477 0.001 10749
1762937082322 0.001 10799
1762937089845 0.001 10849
1762937093722 0.001 10899
1762937097586 0.001 10949
1762937101521 0.001 10999
1762937105396 0.001 11049
1762937109295 0.001 11099
1762937116988 0.001 11149
1762937120907 0.001 11199
1762937124769 0.001 11249
1762937128656 0.001 11299
1762937132577 0.001 11349
1762937136491 0.001 11399
1762937144057 0.001 11449
1762937148017 0.001 11499
1762937151935 0.001 11549
1762937155739 0.001 11599
1762937159626 0.001 11649
1762937163555 0.001 11699
1762937171154 0.001 11749
1762937175059 0.001 11799
1762937178963 0.001 11849
1762937182869 0.001 11899
1762937186791 0.001 11949
1762937190649 0.001 11999
1762937198163 0.0003 12049
1762937202070 0.0003 12099
1762937205997 0.0003 12149
1762937209867 0.0003 12199
1762937213740 0.0003 12249
1762937217574 0.0003 12299
1762937225011 0.0003 12349
1762937228819 0.0003 12399
1762937232659 0.0003 12449
1762937236469 0.0003 12499
1762937240267 0.0003 12549
1762937244049 0.0003 12599
1762937251448 0.0003 12649
1762937255261 0.0003 12699
1762937259043 0.0003 12749
1762937262854 0.0003 12799
1762937266645 0.0003 12849
1762937270483 0.0003 12899
1762937277830 0.0003 12949
1762937281665 0.0003 12999
1762937285495 0.0003 13049
1762937289358 0.0003 13099
1762937293230 0.0003 13149
1762937297149 0.0003 13199
1762937304564 0.0003 13249
1762937308397 0.0003 13299
1762937312192 0.0003 13349
1762937316015 0.0003 13399
1762937319827 0.0003 13449
1762937323621 0.0003 13499
1762937331041 0.0003 13549
1762937334906 0.0003 13599
1762937338841 0.0003 13649
1762937342491 0.0003 13699
1762937346114 0.0003 13749
1762937349696 0.0003 13799
1762937356472 0.0003 13849
1762937360078 0.0003 13899
1762937363685 0.0003 13949
1762937367327 0.0003 13999
1762937370930 0.0003 14049
1762937374524 0.0003 14099
1762937381281 0.0003 14149
1762937384874 0.0003 14199
1762937388883 0.0003 14249
1762937392843 0.0003 14299
1762937396763 0.0003 14349
1762937400717 0.0003 14399
1762937408458 0.0003 14449
1762937412354 0.0003 14499
1762937416229 0.0003 14549
1762937420175 0.0003 14599
1762937424113 0.0003 14649
1762937428053 0.0003 14699
1762937435644 0.0003 14749
1762937439585 0.0003 14799
1762937443500 0.0003 14849
1762937447422 0.0003 14899
1762937451294 0.0003 14949
1762937455172 0.0003 14999
1762937462609 0.0003 15049
1762937466343 0.0003 15099
1762937470021 0.0003 15149
1762937473680 0.0003 15199
1762937477448 0.0003 15249
1762937481397 0.0003 15299
1762937489098 0.0003 15349
1762937493081 0.0003 15399
1762937497019 0.0003 15449
1762937500938 0.0003 15499
1762937504836 0.0003 15549
1762937508752 0.0003 15599
1762937516417 0.0003 15649
1762937520299 0.0003 15699
1762937524209 0.0003 15749
1762937528133 0.0003 15799
1762937532065 0.0003 15849
1762937535950 0.0003 15899
1762937543504 0.0003 15949
1762937547388 0.0003 15999
1762937551272 0.0003 16049
1762937555161 0.0003 16099
1762937559101 0.0003 16149
1762937563082 0.0003 16199
1762937570607 0.0003 16249
1762937574521 0.0003 16299
1762937578415 0.0003 16349
1762937582292 0.0003 16399
1762937586135 0.0003 16449
1762937590056 0.0003 16499
1762937597477 0.0003 16549
1762937601339 0.0003 16599
1762937605219 0.0003 16649
1762937609089 0.0003 16699
1762937612987 0.0003 16749
1762937616836 0.0003 16799
1762937624284 0.0003 16849
1762937628215 0.0003 16899
1762937632076 0.0003 16949
1762937635699 0.0003 16999
1762937639500 0.0003 17049
1762937643414 0.0003 17099
1762937650929 0.0003 17149
1762937654823 0.0003 17199
1762937658750 0.0003 17249
1762937662489 0.0003 17299
1762937666113 0.0003 17349
1762937669723 0.0003 17399
1762937676563 0.0003 17449
1762937680463 0.0003 17499
1762937684311 0.0003 17549
1762937688164 0.0003 17599
1762937692068 0.0003 17649
1762937696087 0.0003 17699
1762937703694 0.0003 17749
1762937707665 0.0003 17799
1762937711608 0.0003 17849
1762937715516 0.0003 17899
1762937719449 0.0003 17949
1762937723410 0.0003 17999
1762937731031 8.999999999999999e-05 18049
1762937734935 8.999999999999999e-05 18099
1762937738812 8.999999999999999e-05 18149
1762937742749 8.999999999999999e-05 18199
1762937746657 8.999999999999999e-05 18249
1762937750557 8.999999999999999e-05 18299
1762937757981 8.999999999999999e-05 18349
1762937761871 8.999999999999999e-05 18399
1762937765749 8.999999999999999e-05 18449
1762937769586 8.999999999999999e-05 18499
1762937773469 8.999999999999999e-05 18549
1762937777396 8.999999999999999e-05 18599
1762937784820 8.999999999999999e-05 18649
1762937788482 8.999999999999999e-05 18699
1762937792333 8.999999999999999e-05 18749
1762937796341 8.999999999999999e-05 18799
1762937800194 8.999999999999999e-05 18849
1762937804069 8.999999999999999e-05 18899
1762937811686 8.999999999999999e-05 18949
1762937815578 8.999999999999999e-05 18999
1762937819493 8.999999999999999e-05 19049
1762937823503 8.999999999999999e-05 19099
1762937827428 8.999999999999999e-05 19149
1762937831435 8.999999999999999e-05 19199
1762937839068 8.999999999999999e-05 19249
1762937842979 8.999999999999999e-05 19299
1762937846872 8.999999999999999e-05 19349
1762937850786 8.999999999999999e-05 19399
1762937854696 8.999999999999999e-05 19449
1762937858601 8.999999999999999e-05 19499
1762937866156 8.999999999999999e-05 19549
1762937870038 8.999999999999999e-05 19599
1762937873929 8.999999999999999e-05 19649
1762937877799 8.999999999999999e-05 19699
1762937881733 8.999999999999999e-05 19749
1762937885621 8.999999999999999e-05 19799
1762937893120 8.999999999999999e-05 19849
1762937897026 8.999999999999999e-05 19899
1762937900932 8.999999999999999e-05 19949
1762937904826 8.999999999999999e-05 19999
1762937908717 8.999999999999999e-05 20049
1762937912557 8.999999999999999e-05 20099
1762937920137 8.999999999999999e-05 20149
1762937923971 8.999999999999999e-05 20199
1762937927914 8.999999999999999e-05 20249
1762937931808 8.999999999999999e-05 20299
1762937935746 8.999999999999999e-05 20349
1762937939585 8.999999999999999e-05 20399
1762937946991 8.999999999999999e-05 20449
1762937950803 8.999999999999999e-05 20499
1762937954631 8.999999999999999e-05 20549
1762937958448 8.999999999999999e-05 20599
1762937962255 8.999999999999999e-05 20649
1762937966062 8.999999999999999e-05 20699
1762937973490 8.999999999999999e-05 20749
1762937977073 8.999999999999999e-05 20799
1762937980656 8.999999999999999e-05 20849
1762937984386 8.999999999999999e-05 20899
1762937988178 8.999999999999999e-05 20949
1762937992040 8.999999999999999e-05 20999
1762937999157 8.999999999999999e-05 21049
1762938002761 8.999999999999999e-05 21099
1762938006382 8.999999999999999e-05 21149
1762938009990 8.999999999999999e-05 21199
1762938013585 8.999999999999999e-05 21249
1762938017270 8.999999999999999e-05 21299
1762938024276 8.999999999999999e-05 21349
1762938027903 8.999999999999999e-05 21399
1762938031508 8.999999999999999e-05 21449
1762938035116 8.999999999999999e-05 21499
1762938038715 8.999999999999999e-05 21549
1762938042315 8.999999999999999e-05 21599
1762938049108 8.999999999999999e-05 21649
1762938052729 8.999999999999999e-05 21699
1762938056429 8.999999999999999e-05 21749
1762938060377 8.999999999999999e-05 21799
1762938064353 8.999999999999999e-05 21849
1762938068238 8.999999999999999e-05 21899
1762938075766 8.999999999999999e-05 21949
1762938079673 8.999999999999999e-05 21999
1762938083567 8.999999999999999e-05 22049
1762938087493 8.999999999999999e-05 22099
1762938091487 8.999999999999999e-05 22149
1762938095487 8.999999999999999e-05 22199
1762938103105 8.999999999999999e-05 22249
1762938106962 8.999999999999999e-05 22299
1762938110609 8.999999999999999e-05 22349
1762938114212 8.999999999999999e-05 22399
1762938117824 8.999999999999999e-05 22449
1762938121416 8.999999999999999e-05 22499
1762938128189 8.999999999999999e-05 22549
1762938131791 8.999999999999999e-05 22599
1762938135387 8.999999999999999e-05 22649
1762938138984 8.999999999999999e-05 22699
1762938142585 8.999999999999999e-05 22749
1762938146185 8.999999999999999e-05 22799
1762938153137 8.999999999999999e-05 22849
1762938156781 8.999999999999999e-05 22899
1762938160492 8.999999999999999e-05 22949
1762938164133 8.999999999999999e-05 22999
1762938167841 8.999999999999999e-05 23049
1762938171494 8.999999999999999e-05 23099
1762938178415 8.999999999999999e-05 23149
1762938182093 8.999999999999999e-05 23199
1762938185743 8.999999999999999e-05 23249
1762938189457 8.999999999999999e-05 23299
1762938193113 8.999999999999999e-05 23349
1762938196811 8.999999999999999e-05 23399
1762938204397 8.999999999999999e-05 23449
1762938208313 8.999999999999999e-05 23499
1762938212230 8.999999999999999e-05 23549
1762938216141 8.999999999999999e-05 23599
1762938220061 8.999999999999999e-05 23649
1762938223998 8.999999999999999e-05 23699
1762938231599 8.999999999999999e-05 23749
1762938235519 8.999999999999999e-05 23799
1762938239392 8.999999999999999e-05 23849
1762938243339 8.999999999999999e-05 23899
1762938247287 8.999999999999999e-05 23949
1762938251210 8.999999999999999e-05 23999
1762938258745 8.999999999999999e-05 24049
1762938262654 8.999999999999999e-05 24099
1762938266594 8.999999999999999e-05 24149
1762938270468 8.999999999999999e-05 24199
1762938274282 8.999999999999999e-05 24249
1762938278162 8.999999999999999e-05 24299
1762938285630 8.999999999999999e-05 24349
1762938289531 8.999999999999999e-05 24399
1762938293396 8.999999999999999e-05 24449
1762938297251 8.999999999999999e-05 24499
1762938301109 8.999999999999999e-05 24549
1762938304941 8.999999999999999e-05 24599
1762938312330 8.999999999999999e-05 24649
1762938316167 8.999999999999999e-05 24699
1762938319985 8.999999999999999e-05 24749
1762938323808 8.999999999999999e-05 24799
1762938327644 8.999999999999999e-05 24849
1762938331493 8.999999999999999e-05 24899
1762938338633 8.999999999999999e-05 24949
1762938342568 8.999999999999999e-05 24999
1762938346378 8.999999999999999e-05 25049
1762938350248 8.999999999999999e-05 25099
1762938354052 8.999999999999999e-05 25149
1762938357875 8.999999999999999e-05 25199
1762938365401 8.999999999999999e-05 25249
1762938369229 8.999999999999999e-05 25299
1762938373100 8.999999999999999e-05 25349
1762938376991 8.999999999999999e-05 25399
1762938380927 8.999999999999999e-05 25449
1762938384868 8.999999999999999e-05 25499
1762938392338 8.999999999999999e-05 25549
1762938396178 8.999999999999999e-05 25599
1762938399998 8.999999999999999e-05 25649
1762938403883 8.999999999999999e-05 25699
1762938407685 8.999999999999999e-05 25749
1762938411527 8.999999999999999e-05 25799
1762938418986 8.999999999999999e-05 25849
1762938422815 8.999999999999999e-05 25899
1762938426659 8.999999999999999e-05 25949
1762938430495 8.999999999999999e-05 25999
1762938434501 8.999999999999999e-05 26049
1762938438171 8.999999999999999e-05 26099
1762938445088 8.999999999999999e-05 26149
1762938448910 8.999999999999999e-05 26199
1762938452751 8.999999999999999e-05 26249
1762938456593 8.999999999999999e-05 26299
1762938460434 8.999999999999999e-05 26349
1762938464243 8.999999999999999e-05 26399
1762938471708 8.999999999999999e-05 26449
1762938475588 8.999999999999999e-05 26499
1762938479458 8.999999999999999e-05 26549
1762938483364 8.999999999999999e-05 26599
1762938487291 8.999999999999999e-05 26649
1762938491192 8.999999999999999e-05 26699
1762938498754 8.999999999999999e-05 26749
1762938502657 8.999999999999999e-05 26799
1762938506642 8.999999999999999e-05 26849
1762938510452 8.999999999999999e-05 26899
1762938514277 8.999999999999999e-05 26949
1762938518113 8.999999999999999e-05 26999
1762938525545 8.999999999999999e-05 27049
1762938529354 8.999999999999999e-05 27099
1762938533198 8.999999999999999e-05 27149
1762938536985 8.999999999999999e-05 27199
1762938540822 8.999999999999999e-05 27249
1762938544675 8.999999999999999e-05 27299
1762938552114 8.999999999999999e-05 27349
1762938555962 8.999999999999999e-05 27399
1762938559924 8.999999999999999e-05 27449
1762938563833 8.999999999999999e-05 27499
1762938567744 8.999999999999999e-05 27549
1762938571652 8.999999999999999e-05 27599
1762938579054 8.999999999999999e-05 27649
1762938582892 8.999999999999999e-05 27699
1762938586796 8.999999999999999e-05 27749
1762938590671 8.999999999999999e-05 27799
1762938594609 8.999999999999999e-05 27849
1762938598507 8.999999999999999e-05 27899
1762938606016 8.999999999999999e-05 27949
1762938609899 8.999999999999999e-05 27999
1762938613843 8.999999999999999e-05 28049
1762938617774 8.999999999999999e-05 28099
1762938621659 8.999999999999999e-05 28149
1762938625570 8.999999999999999e-05 28199
1762938633088 8.999999999999999e-05 28249
1762938636970 8.999999999999999e-05 28299
1762938640933 8.999999999999999e-05 28349
1762938644797 8.999999999999999e-05 28399
1762938648680 8.999999999999999e-05 28449
1762938652611 8.999999999999999e-05 28499
1762938660007 8.999999999999999e-05 28549
1762938663843 8.999999999999999e-05 28599
1762938667658 8.999999999999999e-05 28649
1762938671456 8.999999999999999e-05 28699
1762938675252 8.999999999999999e-05 28749
1762938679103 8.999999999999999e-05 28799
1762938686545 8.999999999999999e-05 28849
1762938690372 8.999999999999999e-05 28899
1762938694188 8.999999999999999e-05 28949
1762938697964 8.999999999999999e-05 28999
1762938701753 8.999999999999999e-05 29049
1762938705569 8.999999999999999e-05 29099
1762938712909 8.999999999999999e-05 29149
1762938716749 8.999999999999999e-05 29199
1762938720359 8.999999999999999e-05 29249
1762938724347 8.999999999999999e-05 29299
1762938728153 8.999999999999999e-05 29349
1762938731967 8.999999999999999e-05 29399
1762938738834 8.999999999999999e-05 29449
1762938742586 8.999999999999999e-05 29499
1762938746373 8.999999999999999e-05 29549
1762938750154 8.999999999999999e-05 29599
1762938753972 8.999999999999999e-05 29649
1762938757761 8.999999999999999e-05 29699
1762938765249 8.999999999999999e-05 29749
1762938769102 8.999999999999999e-05 29799
1762938772923 8.999999999999999e-05 29849
1762938776788 8.999999999999999e-05 29899
1762938780495 8.999999999999999e-05 29949
1762938784292 8.999999999999999e-05 29999
1762938791660 2.6999999999999996e-05 30049
1762938795468 2.6999999999999996e-05 30099
1762938799432 2.6999999999999996e-05 30149
1762938803276 2.6999999999999996e-05 30199
1762938807132 2.6999999999999996e-05 30249
1762938810954 2.6999999999999996e-05 30299
1762938818453 2.6999999999999996e-05 30349
1762938822261 2.6999999999999996e-05 30399
1762938826055 2.6999999999999996e-05 30449
1762938829879 2.6999999999999996e-05 30499
1762938833745 2.6999999999999996e-05 30549
1762938837610 2.6999999999999996e-05 30599
1762938845176 2.6999999999999996e-05 30649
1762938849034 2.6999999999999996e-05 30699
1762938852915 2.6999999999999996e-05 30749
1762938856839 2.6999999999999996e-05 30799
1762938860695 2.6999999999999996e-05 30849
1762938864545 2.6999999999999996e-05 30899
1762938871986 2.6999999999999996e-05 30949
1762938875867 2.6999999999999996e-05 30999
1762938879689 2.6999999999999996e-05 31049
1762938883582 2.6999999999999996e-05 31099
1762938887444 2.6999999999999996e-05 31149
1762938891368 2.6999999999999996e-05 31199
1762938899168 2.6999999999999996e-05 31249
1762938903137 2.6999999999999996e-05 31299
1762938907073 2.6999999999999996e-05 31349
1762938910873 2.6999999999999996e-05 31399
1762938914628 2.6999999999999996e-05 31449
1762938918394 2.6999999999999996e-05 31499
1762938925991 2.6999999999999996e-05 31549
1762938930001 2.6999999999999996e-05 31599
1762938933983 2.6999999999999996e-05 31649
1762938937941 2.6999999999999996e-05 31699
1762938941822 2.6999999999999996e-05 31749
1762938945701 2.6999999999999996e-05 31799
1762938953202 2.6999999999999996e-05 31849
1762938957117 2.6999999999999996e-05 31899
1762938960997 2.6999999999999996e-05 31949
1762938964905 2.6999999999999996e-05 31999
1762938968806 2.6999999999999996e-05 32049
1762938972706 2.6999999999999996e-05 32099
1762938980209 2.6999999999999996e-05 32149
1762938984122 2.6999999999999996e-05 32199
1762938988059 2.6999999999999996e-05 32249
1762938991939 2.6999999999999996e-05 32299
1762938995867 2.6999999999999996e-05 32349
1762938999730 2.6999999999999996e-05 32399
1762939007239 2.6999999999999996e-05 32449
1762939011266 2.6999999999999996e-05 32499
1762939015265 2.6999999999999996e-05 32549
1762939019174 2.6999999999999996e-05 32599
1762939023088 2.6999999999999996e-05 32649
1762939026887 2.6999999999999996e-05 32699
