1762936147813 2.5814356803894043 299
1762936173933 1.8671629428863525 599
1762936200543 1.7726718187332153 899
1762936227465 1.721807599067688 1199
1762936253206 1.6940950155258179 1499
1762936279862 1.6694544553756714 1799
1762936306517 1.6675225496292114 2099
1762936333480 1.6286388635635376 2399
1762936360327 1.6349140405654907 2699
1762936387088 1.6037451028823853 2999
1762936414046 1.6127890348434448 3299
1762936441254 1.5973368883132935 3599
1762936468670 1.5898336172103882 3899
1762936495695 1.5777491331100464 4199
1762936522277 1.5720763206481934 4499
1762936548763 1.5711208581924438 4799
1762936575242 1.5634090900421143 5099
1762936602281 1.5506831407546997 5399
1762936629204 1.5558078289031982 5699
1762936656075 1.532616138458252 5999
1762936682787 1.5343583822250366 6299
1762936709217 1.5340523719787598 6599
1762936736460 1.5385491847991943 6899
1762936763311 1.5191140174865723 7199
1762936790319 1.505825161933899 7499
1762936817414 1.514054536819458 7799
1762936844445 1.5092672109603882 8099
1762936871205 1.5158989429473877 8399
1762936897920 1.5137226581573486 8699
1762936925036 1.494842529296875 8999
1762936952049 1.5045850276947021 9299
1762936978671 1.5019731521606445 9599
1762937005427 1.4740502834320068 9899
1762937032294 1.4921834468841553 10199
1762937059078 1.4811606407165527 10499
1762937086011 1.4897491931915283 10799
1762937113095 1.4669090509414673 11099
1762937140216 1.4652858972549438 11399
1762937167291 1.46425461769104 11699
1762937194339 1.4729979038238525 11999
1762937221228 1.428484559059143 12299
1762937247698 1.4253023862838745 12599
1762937274069 1.4398059844970703 12899
1762937300770 1.4312132596969604 13199
1762937327257 1.444537878036499 13499
1762937352928 1.4373717308044434 13799
1762937377745 1.4400691986083984 14099
1762937404549 1.4276677370071411 14399
1762937431814 1.4262666702270508 14699
1762937458780 1.4298328161239624 14999
1762937485133 1.4247711896896362 15299
1762937512541 1.424278974533081 15599
1762937539663 1.4215995073318481 15899
1762937566730 1.4244145154953003 16199
1762937593702 1.4248487949371338 16499
1762937620512 1.4144892692565918 16799
1762937647067 1.417091965675354 17099
1762937672974 1.4263584613800049 17399
1762937699815 1.4149246215820312 17699
1762937727220 1.4303786754608154 17999
1762937754191 1.401410698890686 18299
1762937781123 1.4191856384277344 18599
1762937807755 1.4189436435699463 18899
1762937835160 1.4031798839569092 19199
1762937862318 1.4069072008132935 19499
1762937889332 1.404869556427002 19799
1762937916301 1.4001350402832031 20099
1762937943216 1.403374195098877 20399
1762937969707 1.3993759155273438 20699
1762937995568 1.4096602201461792 20999
1762938020621 1.3970893621444702 21299
1762938045544 1.4051713943481445 21599
1762938071934 1.4002958536148071 21899
1762938099260 1.4020586013793945 22199
1762938124645 1.4095841646194458 22499
1762938149527 1.4017117023468018 22799
1762938174758 1.398625135421753 23099
1762938200474 1.4016858339309692 23399
1762938227678 1.4098116159439087 23699
1762938254846 1.408359169960022 23999
1762938281824 1.392453908920288 24299
1762938308542 1.3885023593902588 24599
1762938334712 1.4046907424926758 24899
1762938361560 1.4100943803787231 25199
1762938388563 1.4010311365127563 25499
1762938415172 1.3999993801116943 25799
1762938441392 1.3994871377944946 26099
1762938467878 1.3860805034637451 26399
1762938494933 1.391550064086914 26699
1762938521752 1.3909811973571777 26999
1762938548340 1.3988947868347168 27299
1762938575235 1.390547275543213 27599
1762938602203 1.3983697891235352 27899
1762938629228 1.3972785472869873 28199
1762938656269 1.3910443782806396 28499
1762938682746 1.4044591188430786 28799
1762938709157 1.3968219757080078 29099
1762938735306 1.396423578262329 29399
1762938761484 1.3958531618118286 29699
1762938787860 1.3965636491775513 29999
1762938814664 1.3819066286087036 30299
1762938841350 1.3929978609085083 30599
1762938868170 1.3901996612548828 30899
1762938895197 1.3830301761627197 31199
1762938922019 1.3893494606018066 31499
1762938949359 1.3933632373809814 31799
1762938976362 1.3896585702896118 32099
1762939003436 1.3911370038986206 32399
1762939030439 1.3901643753051758 32699
