1762936147813 11.61160659790039 299
1762936173933 8.001139640808105 599
1762936200543 7.618222713470459 899
1762936227465 7.331299304962158 1199
1762936253206 6.9762983322143555 1499
1762936279862 7.171628952026367 1799
1762936306517 7.023859024047852 2099
1762936333480 6.854703903198242 2399
1762936360327 7.088919162750244 2699
1762936387088 6.838989734649658 2999
1762936414046 6.786616802215576 3299
1762936441254 6.746860027313232 3599
1762936468670 6.531744956970215 3899
1762936495695 6.697136402130127 4199
1762936522277 6.701001167297363 4499
1762936548763 6.522636413574219 4799
1762936575242 6.561554908752441 5099
1762936602281 6.564775466918945 5399
1762936629204 6.286020755767822 5699
1762936656075 6.274725437164307 5999
1762936682787 6.26542329788208 6299
1762936709217 6.378910541534424 6599
1762936736460 6.397904872894287 6899
1762936763311 6.1610612869262695 7199
1762936790319 6.202162742614746 7499
1762936817414 6.151971340179443 7799
1762936844445 6.183079242706299 8099
1762936871205 5.913515090942383 8399
1762936897920 6.226912021636963 8699
1762936925036 6.075843334197998 8999
1762936952049 5.967714786529541 9299
1762936978671 6.084728240966797 9599
1762937005427 5.851522445678711 9899
1762937032294 6.046393394470215 10199
1762937059078 6.06094217300415 10499
1762937086011 5.843412399291992 10799
1762937113095 5.70689058303833 11099
1762937140216 5.746024131774902 11399
1762937167291 5.868215560913086 11699
1762937194339 5.8870015144348145 11999
1762937221228 5.519515514373779 12299
1762937247698 5.553440570831299 12599
1762937274069 5.7825517654418945 12899
1762937300770 5.577542304992676 13199
1762937327257 5.614902496337891 13499
1762937352928 5.545670032501221 13799
1762937377745 5.612973213195801 14099
1762937404549 5.621613025665283 14399
1762937431814 5.52901554107666 14699
1762937458780 5.445988655090332 14999
1762937485133 5.5032429695129395 15299
1762937512541 5.42113733291626 15599
1762937539663 5.525904178619385 15899
1762937566730 5.576539993286133 16199
1762937593702 5.579694747924805 16499
1762937620512 5.517790794372559 16799
1762937647067 5.484755039215088 17099
1762937672974 5.563366413116455 17399
1762937699815 5.368922233581543 17699
1762937727220 5.223341464996338 17999
1762937754191 5.406547546386719 18299
1762937781123 5.31340217590332 18599
1762937807755 5.480139255523682 18899
1762937835160 5.542104244232178 19199
1762937862318 5.269767761230469 19499
1762937889332 5.328386306762695 19799
1762937916301 5.492652416229248 20099
1762937943216 5.611971855163574 20399
1762937969707 5.347325801849365 20699
1762937995568 5.454815864562988 20999
1762938020621 5.253785133361816 21299
1762938045544 5.298861503601074 21599
1762938071934 5.215506076812744 21899
1762938099260 5.549010276794434 22199
1762938124645 5.424483299255371 22499
1762938149527 5.42427396774292 22799
1762938174758 5.4828877449035645 23099
1762938200474 5.395844459533691 23399
1762938227678 5.273198127746582 23699
1762938254846 5.233014106750488 23999
1762938281824 5.394676208496094 24299
1762938308542 5.307812213897705 24599
1762938334712 5.3699493408203125 24899
1762938361560 5.472280502319336 25199
1762938388563 5.296670436859131 25499
1762938415172 5.325015068054199 25799
1762938441392 5.26388692855835 26099
1762938467878 5.291229248046875 26399
1762938494933 5.316664218902588 26699
1762938521752 5.262304306030273 26999
1762938548340 5.229259967803955 27299
1762938575235 5.390496253967285 27599
1762938602203 5.373035907745361 27899
1762938629228 5.402744293212891 28199
1762938656269 5.188650131225586 28499
1762938682746 5.438632011413574 28799
1762938709157 5.224867820739746 29099
1762938735306 5.388444900512695 29399
1762938761484 5.3578290939331055 29699
1762938787860 5.383808135986328 29999
1762938814664 5.2981157302856445 30299
1762938841350 5.290904521942139 30599
1762938868170 5.332240581512451 30899
1762938895197 5.260895252227783 31199
1762938922019 5.305020332336426 31499
1762938949359 5.262795925140381 31799
1762938976362 5.214600086212158 32099
1762939003436 5.212430477142334 32399
1762939030439 5.153726100921631 32699
