1762936147813 2.5090532302856445 299
1762936173933 1.789108395576477 599
1762936200543 1.700049638748169 899
1762936227465 1.6570898294448853 1199
1762936253206 1.6247634887695312 1499
1762936279862 1.5977799892425537 1799
1762936306517 1.600476622581482 2099
1762936333480 1.571117877960205 2399
1762936360327 1.563456416130066 2699
1762936387088 1.544427752494812 2999
1762936414046 1.5463106632232666 3299
1762936441254 1.53037691116333 3599
1762936468670 1.5249783992767334 3899
1762936495695 1.516481637954712 4199
1762936522277 1.5127301216125488 4499
1762936548763 1.511322021484375 4799
1762936575242 1.5031675100326538 5099
1762936602281 1.491063117980957 5399
1762936629204 1.4971721172332764 5699
1762936656075 1.4795336723327637 5999
1762936682787 1.4717885255813599 6299
1762936709217 1.4729567766189575 6599
1762936736460 1.4757535457611084 6899
1762936763311 1.4609370231628418 7199
1762936790319 1.4613914489746094 7499
1762936817414 1.4587526321411133 7799
1762936844445 1.4602255821228027 8099
1762936871205 1.4624770879745483 8399
1762936897920 1.454240083694458 8699
1762936925036 1.4388563632965088 8999
1762936952049 1.444338083267212 9299
1762936978671 1.4477304220199585 9599
1762937005427 1.4304187297821045 9899
1762937032294 1.4402680397033691 10199
1762937059078 1.428741455078125 10499
1762937086011 1.4284313917160034 10799
1762937113095 1.4152212142944336 11099
1762937140216 1.4169310331344604 11399
1762937167291 1.412989854812622 11699
1762937194339 1.419482707977295 11999
1762937221228 1.3755570650100708 12299
1762937247698 1.3703948259353638 12599
1762937274069 1.3860554695129395 12899
1762937300770 1.3811264038085938 13199
1762937327257 1.3892558813095093 13499
1762937352928 1.3780663013458252 13799
1762937377745 1.3831098079681396 14099
1762937404549 1.379541277885437 14399
1762937431814 1.3733810186386108 14699
1762937458780 1.3781194686889648 14999
1762937485133 1.376204013824463 15299
1762937512541 1.3728305101394653 15599
1762937539663 1.3717315196990967 15899
1762937566730 1.3730894327163696 16199
1762937593702 1.3678758144378662 16499
1762937620512 1.3603084087371826 16799
1762937647067 1.3635509014129639 17099
1762937672974 1.3739949464797974 17399
1762937699815 1.3642573356628418 17699
1762937727220 1.3723701238632202 17999
1762937754191 1.349563717842102 18299
1762937781123 1.3595304489135742 18599
1762937807755 1.362209677696228 18899
1762937835160 1.3557727336883545 19199
1762937862318 1.3560841083526611 19499
1762937889332 1.3526287078857422 19799
1762937916301 1.34791100025177 20099
1762937943216 1.3540077209472656 20399
1762937969707 1.3487470149993896 20699
1762937995568 1.3556939363479614 20999
1762938020621 1.346993088722229 21299
1762938045544 1.3464319705963135 21599
1762938071934 1.3511455059051514 21899
1762938099260 1.3493852615356445 22199
1762938124645 1.3531959056854248 22499
1762938149527 1.3497298955917358 22799
1762938174758 1.3538600206375122 23099
1762938200474 1.3467285633087158 23399
1762938227678 1.3510342836380005 23699
1762938254846 1.3530023097991943 23999
1762938281824 1.3438690900802612 24299
1762938308542 1.341507911682129 24599
1762938334712 1.3515821695327759 24899
1762938361560 1.3524264097213745 25199
1762938388563 1.3466742038726807 25499
1762938415172 1.347935676574707 25799
1762938441392 1.3433661460876465 26099
1762938467878 1.3398547172546387 26399
1762938494933 1.34223473072052 26699
1762938521752 1.3379887342453003 26999
1762938548340 1.343125581741333 27299
1762938575235 1.3464741706848145 27599
1762938602203 1.3487210273742676 27899
1762938629228 1.3450700044631958 28199
1762938656269 1.3418307304382324 28499
1762938682746 1.3491771221160889 28799
1762938709157 1.3428658246994019 29099
1762938735306 1.3469202518463135 29399
1762938761484 1.3418781757354736 29699
1762938787860 1.349972128868103 29999
1762938814664 1.3370426893234253 30299
1762938841350 1.3415329456329346 30599
1762938868170 1.3376938104629517 30899
1762938895197 1.3321876525878906 31199
1762938922019 1.3372939825057983 31499
1762938949359 1.3463366031646729 31799
1762938976362 1.3422387838363647 32099
1762939003436 1.336775541305542 32399
1762939030439 1.337867021560669 32699
