1762936147813 2.712944746017456 299
1762936173933 2.1166329383850098 599
1762936200543 2.1028857231140137 899
1762936227465 2.0648703575134277 1199
1762936253206 2.0486433506011963 1499
1762936279862 2.0201549530029297 1799
1762936306517 2.0259084701538086 2099
1762936333480 2.010272264480591 2399
1762936360327 1.9990707635879517 2699
1762936387088 1.9894628524780273 2999
1762936414046 1.9803082942962646 3299
1762936441254 1.989799976348877 3599
1762936468670 1.9755182266235352 3899
1762936495695 1.967104196548462 4199
1762936522277 1.959694743156433 4499
1762936548763 1.9613823890686035 4799
1762936575242 1.9530303478240967 5099
1762936602281 1.938891887664795 5399
1762936629204 1.9445213079452515 5699
1762936656075 1.9400135278701782 5999
1762936682787 1.9214391708374023 6299
1762936709217 1.9250036478042603 6599
1762936736460 1.9256187677383423 6899
1762936763311 1.91602623462677 7199
1762936790319 1.934285283088684 7499
1762936817414 1.9010206460952759 7799
1762936844445 1.9172070026397705 8099
1762936871205 1.9087246656417847 8399
1762936897920 1.9042941331863403 8699
1762936925036 1.8858051300048828 8999
1762936952049 1.890474557876587 9299
1762936978671 1.896418571472168 9599
1762937005427 1.890815258026123 9899
1762937032294 1.8879677057266235 10199
1762937059078 1.8651008605957031 10499
1762937086011 1.8749563694000244 10799
1762937113095 1.8575040102005005 11099
1762937140216 1.86532723903656 11399
1762937167291 1.8508108854293823 11699
1762937194339 1.859127402305603 11999
1762937221228 1.8224663734436035 12299
1762937247698 1.817476749420166 12599
1762937274069 1.837878942489624 12899
1762937300770 1.82911217212677 13199
1762937327257 1.840911865234375 13499
1762937352928 1.8206673860549927 13799
1762937377745 1.8274140357971191 14099
1762937404549 1.8383095264434814 14399
1762937431814 1.8196437358856201 14699
1762937458780 1.821472406387329 14999
1762937485133 1.834317922592163 15299
1762937512541 1.8189947605133057 15599
1762937539663 1.8210314512252808 15899
1762937566730 1.8252474069595337 16199
1762937593702 1.8044240474700928 16499
1762937620512 1.793561339378357 16799
1762937647067 1.8002402782440186 17099
1762937672974 1.8218040466308594 17399
1762937699815 1.8047505617141724 17699
1762937727220 1.8143688440322876 17999
1762937754191 1.7957243919372559 18299
1762937781123 1.798919916152954 18599
1762937807755 1.807768702507019 18899
1762937835160 1.8064888715744019 19199
1762937862318 1.8004392385482788 19499
1762937889332 1.7934836149215698 19799
1762937916301 1.7980884313583374 20099
1762937943216 1.8060704469680786 20399
1762937969707 1.7870736122131348 20699
1762937995568 1.7924771308898926 20999
1762938020621 1.7808560132980347 21299
1762938045544 1.7831448316574097 21599
1762938071934 1.7925783395767212 21899
1762938099260 1.7967177629470825 22199
1762938124645 1.7940363883972168 22499
1762938149527 1.7943881750106812 22799
1762938174758 1.7986645698547363 23099
1762938200474 1.7864733934402466 23399
1762938227678 1.7870622873306274 23699
1762938254846 1.7909939289093018 23999
1762938281824 1.788832426071167 24299
1762938308542 1.789203405380249 24599
1762938334712 1.7952070236206055 24899
1762938361560 1.7987289428710938 25199
1762938388563 1.7948789596557617 25499
1762938415172 1.7937877178192139 25799
1762938441392 1.779719352722168 26099
1762938467878 1.7788116931915283 26399
1762938494933 1.7855337858200073 26699
1762938521752 1.7676118612289429 26999
1762938548340 1.78257417678833 27299
1762938575235 1.7951630353927612 27599
1762938602203 1.7928870916366577 27899
1762938629228 1.780990719795227 28199
1762938656269 1.7798206806182861 28499
1762938682746 1.7958446741104126 28799
1762938709157 1.7779319286346436 29099
1762938735306 1.7888928651809692 29399
1762938761484 1.777312994003296 29699
1762938787860 1.7990845441818237 29999
1762938814664 1.7840301990509033 30299
1762938841350 1.7837563753128052 30599
1762938868170 1.7722944021224976 30899
1762938895197 1.7669384479522705 31199
1762938922019 1.783713698387146 31499
1762938949359 1.7930753231048584 31799
1762938976362 1.7889729738235474 32099
1762939003436 1.7698720693588257 32399
1762939030439 1.7738733291625977 32699
