1762936147813 9.279389381408691 299
1762936173933 4.456748962402344 599
1762936200543 3.7658369541168213 899
1762936227465 3.675935745239258 1199
1762936253206 3.3260202407836914 1499
1762936279862 3.300886869430542 1799
1762936306517 3.2152974605560303 2099
1762936333480 3.0296599864959717 2399
1762936360327 3.154895305633545 2699
1762936387088 2.9716696739196777 2999
1762936414046 2.970855712890625 3299
1762936441254 2.957698106765747 3599
1762936468670 2.8127079010009766 3899
1762936495695 2.838204860687256 4199
1762936522277 2.8089559078216553 4499
1762936548763 2.7588603496551514 4799
1762936575242 2.786745548248291 5099
1762936602281 2.7105250358581543 5399
1762936629204 2.7154271602630615 5699
1762936656075 2.705038547515869 5999
1762936682787 2.755223512649536 6299
1762936709217 2.6045022010803223 6599
1762936736460 2.6563377380371094 6899
1762936763311 2.5743134021759033 7199
1762936790319 2.6504220962524414 7499
1762936817414 2.5864415168762207 7799
1762936844445 2.6093249320983887 8099
1762936871205 2.5718185901641846 8399
1762936897920 2.565981388092041 8699
1762936925036 2.5606443881988525 8999
1762936952049 2.503103494644165 9299
1762936978671 2.5834646224975586 9599
1762937005427 2.4675114154815674 9899
1762937032294 2.560614585876465 10199
1762937059078 2.5473055839538574 10499
1762937086011 2.4063825607299805 10799
1762937113095 2.4113810062408447 11099
1762937140216 2.3479018211364746 11399
1762937167291 2.419935941696167 11699
1762937194339 2.4436066150665283 11999
1762937221228 2.24348521232605 12299
1762937247698 2.2022533416748047 12599
1762937274069 2.3528270721435547 12899
1762937300770 2.293149471282959 13199
1762937327257 2.3198697566986084 13499
1762937352928 2.3137571811676025 13799
1762937377745 2.2823970317840576 14099
1762937404549 2.306163787841797 14399
1762937431814 2.2980659008026123 14699
1762937458780 2.2369728088378906 14999
1762937485133 2.2196767330169678 15299
1762937512541 2.18475079536438 15599
1762937539663 2.2774462699890137 15899
1762937566730 2.314908981323242 16199
1762937593702 2.27003812789917 16499
1762937620512 2.2205493450164795 16799
1762937647067 2.27641224861145 17099
1762937672974 2.254544496536255 17399
1762937699815 2.257627248764038 17699
1762937727220 2.1946332454681396 17999
1762937754191 2.2113850116729736 18299
1762937781123 2.1776368618011475 18599
1762937807755 2.2008438110351562 18899
1762937835160 2.2090940475463867 19199
1762937862318 2.170511484146118 19499
1762937889332 2.172231912612915 19799
1762937916301 2.189831256866455 20099
1762937943216 2.184504985809326 20399
1762937969707 2.161020040512085 20699
1762937995568 2.2397682666778564 20999
1762938020621 2.1953110694885254 21299
1762938045544 2.17419695854187 21599
1762938071934 2.1283905506134033 21899
1762938099260 2.2446422576904297 22199
1762938124645 2.182077169418335 22499
1762938149527 2.2224888801574707 22799
1762938174758 2.207230806350708 23099
1762938200474 2.174636125564575 23399
1762938227678 2.1777772903442383 23699
1762938254846 2.1394946575164795 23999
1762938281824 2.204603910446167 24299
1762938308542 2.164466142654419 24599
1762938334712 2.2370834350585938 24899
1762938361560 2.2771947383880615 25199
1762938388563 2.1365489959716797 25499
1762938415172 2.1784417629241943 25799
1762938441392 2.177194118499756 26099
1762938467878 2.1716713905334473 26399
1762938494933 2.1774914264678955 26699
1762938521752 2.2120473384857178 26999
1762938548340 2.124521017074585 27299
1762938575235 2.2276062965393066 27599
1762938602203 2.1823761463165283 27899
1762938629228 2.1913020610809326 28199
1762938656269 2.1843581199645996 28499
1762938682746 2.154560089111328 28799
1762938709157 2.1550371646881104 29099
1762938735306 2.223609685897827 29399
1762938761484 2.1869595050811768 29699
1762938787860 2.2185325622558594 29999
1762938814664 2.1654279232025146 30299
1762938841350 2.1603729724884033 30599
1762938868170 2.151931047439575 30899
1762938895197 2.1360504627227783 31199
1762938922019 2.204359292984009 31499
1762938949359 2.1534759998321533 31799
1762938976362 2.1588854789733887 32099
1762939003436 2.1399385929107666 32399
1762939030439 2.102445363998413 32699
