1762936147813 2.414364814758301 299
1762936173933 1.6081907749176025 599
1762936200543 1.4780516624450684 899
1762936227465 1.4308967590332031 1199
1762936253206 1.3939763307571411 1499
1762936279862 1.3567001819610596 1799
1762936306517 1.3527846336364746 2099
1762936333480 1.3245769739151 2399
1762936360327 1.313498616218567 2699
1762936387088 1.2933638095855713 2999
1762936414046 1.295684576034546 3299
1762936441254 1.276874303817749 3599
1762936468670 1.2703121900558472 3899
1762936495695 1.262198805809021 4199
1762936522277 1.2615772485733032 4499
1762936548763 1.258025050163269 4799
1762936575242 1.2467613220214844 5099
1762936602281 1.2282898426055908 5399
1762936629204 1.2421523332595825 5699
1762936656075 1.2247458696365356 5999
1762936682787 1.2209994792938232 6299
1762936709217 1.2155044078826904 6599
1762936736460 1.2175995111465454 6899
1762936763311 1.2085446119308472 7199
1762936790319 1.2006393671035767 7499
1762936817414 1.2093520164489746 7799
1762936844445 1.2098402976989746 8099
1762936871205 1.209825038909912 8399
1762936897920 1.1984612941741943 8699
1762936925036 1.1884045600891113 8999
1762936952049 1.1879234313964844 9299
1762936978671 1.194874882698059 9599
1762937005427 1.1803488731384277 9899
1762937032294 1.1907920837402344 10199
1762937059078 1.1801269054412842 10499
1762937086011 1.1811798810958862 10799
1762937113095 1.174065351486206 11099
1762937140216 1.1650567054748535 11399
1762937167291 1.1712795495986938 11699
1762937194339 1.1730846166610718 11999
1762937221228 1.1261024475097656 12299
1762937247698 1.1261769533157349 12599
1762937274069 1.1272028684616089 12899
1762937300770 1.133185863494873 13199
1762937327257 1.1367599964141846 13499
1762937352928 1.1311216354370117 13799
1762937377745 1.133873462677002 14099
1762937404549 1.131244421005249 14399
1762937431814 1.126300573348999 14699
1762937458780 1.130011796951294 14999
1762937485133 1.1277351379394531 15299
1762937512541 1.1232408285140991 15599
1762937539663 1.1256109476089478 15899
1762937566730 1.1239888668060303 16199
1762937593702 1.1179615259170532 16499
1762937620512 1.1213456392288208 16799
1762937647067 1.125165581703186 17099
1762937672974 1.1196954250335693 17399
1762937699815 1.1233257055282593 17699
1762937727220 1.130880355834961 17999
1762937754191 1.1092334985733032 18299
1762937781123 1.1154786348342896 18599
1762937807755 1.1126993894577026 18899
1762937835160 1.1107193231582642 19199
1762937862318 1.116076111793518 19499
1762937889332 1.1083778142929077 19799
1762937916301 1.1007529497146606 20099
1762937943216 1.1074655055999756 20399
1762937969707 1.1107174158096313 20699
1762937995568 1.1091394424438477 20999
1762938020621 1.1130237579345703 21299
1762938045544 1.1055985689163208 21599
1762938071934 1.1056143045425415 21899
1762938099260 1.1048662662506104 22199
1762938124645 1.1089649200439453 22499
1762938149527 1.1024764776229858 22799
1762938174758 1.1058069467544556 23099
1762938200474 1.1093162298202515 23399
1762938227678 1.1077635288238525 23699
1762938254846 1.111229658126831 23999
1762938281824 1.1003838777542114 24299
1762938308542 1.0962451696395874 24599
1762938334712 1.107715368270874 24899
1762938361560 1.105334758758545 25199
1762938388563 1.0990759134292603 25499
1762938415172 1.1061549186706543 25799
1762938441392 1.1009387969970703 26099
1762938467878 1.1037523746490479 26399
1762938494933 1.1031553745269775 26699
1762938521752 1.1009165048599243 26999
1762938548340 1.097002387046814 27299
1762938575235 1.100726842880249 27599
1762938602203 1.1027326583862305 27899
1762938629228 1.1046628952026367 28199
1762938656269 1.101893663406372 28499
1762938682746 1.1044418811798096 28799
1762938709157 1.1033169031143188 29099
1762938735306 1.098794937133789 29399
1762938761484 1.096432089805603 29699
1762938787860 1.110087275505066 29999
1762938814664 1.0890592336654663 30299
1762938841350 1.0971293449401855 30599
1762938868170 1.0986777544021606 30899
1762938895197 1.0913407802581787 31199
1762938922019 1.0924707651138306 31499
1762938949359 1.0999914407730103 31799
1762938976362 1.0964910984039307 32099
1762939003436 1.1018216609954834 32399
1762939030439 1.0956600904464722 32699
