1762936147813 2.71716046333313 299
1762936173933 1.8844106197357178 599
1762936200543 1.787959337234497 899
1762936227465 1.7402490377426147 1199
1762936253206 1.703709363937378 1499
1762936279862 1.6774640083312988 1799
1762936306517 1.6782042980194092 2099
1762936333480 1.646615743637085 2399
1762936360327 1.6407840251922607 2699
1762936387088 1.6188675165176392 2999
1762936414046 1.620586633682251 3299
1762936441254 1.6046615839004517 3599
1762936468670 1.5965156555175781 3899
1762936495695 1.5891480445861816 4199
1762936522277 1.584257960319519 4499
1762936548763 1.5819445848464966 4799
1762936575242 1.5744507312774658 5099
1762936602281 1.5620471239089966 5399
1762936629204 1.5660178661346436 5699
1762936656075 1.5476102828979492 5999
1762936682787 1.5405267477035522 6299
1762936709217 1.5413246154785156 6599
1762936736460 1.544899344444275 6899
1762936763311 1.5273228883743286 7199
1762936790319 1.5287624597549438 7499
1762936817414 1.5251606702804565 7799
1762936844445 1.5271532535552979 8099
1762936871205 1.5271542072296143 8399
1762936897920 1.521444320678711 8699
1762936925036 1.5045720338821411 8999
1762936952049 1.5092390775680542 9299
1762936978671 1.5132653713226318 9599
1762937005427 1.4933563470840454 9899
1762937032294 1.50542414188385 10199
1762937059078 1.4938561916351318 10499
1762937086011 1.4907926321029663 10799
1762937113095 1.47645103931427 11099
1762937140216 1.4782642126083374 11399
1762937167291 1.475546956062317 11699
1762937194339 1.4823265075683594 11999
1762937221228 1.434969186782837 12299
1762937247698 1.4293535947799683 12599
1762937274069 1.4477728605270386 12899
1762937300770 1.4411180019378662 13199
1762937327257 1.4498034715652466 13499
1762937352928 1.4379615783691406 13799
1762937377745 1.4432543516159058 14099
1762937404549 1.4400818347930908 14399
1762937431814 1.4326632022857666 14699
1762937458780 1.4365192651748657 14999
1762937485133 1.43533194065094 15299
1762937512541 1.4310508966445923 15599
1762937539663 1.4311264753341675 15899
1762937566730 1.4331809282302856 16199
1762937593702 1.4277294874191284 16499
1762937620512 1.4184519052505493 16799
1762937647067 1.422252893447876 17099
1762937672974 1.4334385395050049 17399
1762937699815 1.4220575094223022 17699
1762937727220 1.429274082183838 17999
1762937754191 1.4072954654693604 18299
1762937781123 1.4166396856307983 18599
1762937807755 1.4208979606628418 18899
1762937835160 1.414410948753357 19199
1762937862318 1.4129329919815063 19499
1762937889332 1.409471869468689 19799
1762937916301 1.4064959287643433 20099
1762937943216 1.412888526916504 20399
1762937969707 1.4059112071990967 20699
1762937995568 1.4138325452804565 20999
1762938020621 1.403368353843689 21299
1762938045544 1.4031659364700317 21599
1762938071934 1.4073563814163208 21899
1762938099260 1.408193588256836 22199
1762938124645 1.4112584590911865 22499
1762938149527 1.4074814319610596 22799
1762938174758 1.412287950515747 23099
1762938200474 1.4041252136230469 23399
1762938227678 1.4074236154556274 23699
1762938254846 1.4089696407318115 23999
1762938281824 1.400902271270752 24299
1762938308542 1.3982305526733398 24599
1762938334712 1.4092189073562622 24899
1762938361560 1.4107885360717773 25199
1762938388563 1.4034576416015625 25499
1762938415172 1.4049855470657349 25799
1762938441392 1.3995325565338135 26099
1762938467878 1.3963133096694946 26399
1762938494933 1.3992537260055542 26699
1762938521752 1.3947111368179321 26999
1762938548340 1.3988796472549438 27299
1762938575235 1.403964877128601 27599
1762938602203 1.4059181213378906 27899
1762938629228 1.4024155139923096 28199
1762938656269 1.3975664377212524 28499
1762938682746 1.406067967414856 28799
1762938709157 1.3987534046173096 29099
1762938735306 1.404665470123291 29399
1762938761484 1.3996689319610596 29699
1762938787860 1.407660961151123 29999
1762938814664 1.393534541130066 30299
1762938841350 1.3983409404754639 30599
1762938868170 1.3947412967681885 30899
1762938895197 1.3883743286132812 31199
1762938922019 1.3942605257034302 31499
1762938949359 1.4029104709625244 31799
1762938976362 1.3980060815811157 32099
1762939003436 1.3921712636947632 32399
1762939030439 1.393000841140747 32699
