1762936147813 2.607042074203491 299
1762936173933 2.016709804534912 599
1762936200543 1.9453706741333008 899
1762936227465 1.910400390625 1199
1762936253206 1.880373239517212 1499
1762936279862 1.8624792098999023 1799
1762936306517 1.8784151077270508 2099
1762936333480 1.8429092168807983 2399
1762936360327 1.83366858959198 2699
1762936387088 1.8162733316421509 2999
1762936414046 1.8146709203720093 3299
1762936441254 1.7999250888824463 3599
1762936468670 1.795411229133606 3899
1762936495695 1.7926448583602905 4199
1762936522277 1.7806694507598877 4499
1762936548763 1.783068299293518 4799
1762936575242 1.7797915935516357 5099
1762936602281 1.7743208408355713 5399
1762936629204 1.7789465188980103 5699
1762936656075 1.7497305870056152 5999
1762936682787 1.7400928735733032 6299
1762936709217 1.7448508739471436 6599
1762936736460 1.7471845149993896 6899
1762936763311 1.7298526763916016 7199
1762936790319 1.7360858917236328 7499
1762936817414 1.7253475189208984 7799
1762936844445 1.7290818691253662 8099
1762936871205 1.7295552492141724 8399
1762936897920 1.7251460552215576 8699
1762936925036 1.7044705152511597 8999
1762936952049 1.7180707454681396 9299
1762936978671 1.7136828899383545 9599
1762937005427 1.6972730159759521 9899
1762937032294 1.707675814628601 10199
1762937059078 1.6996203660964966 10499
1762937086011 1.6860424280166626 10799
1762937113095 1.672544240951538 11099
1762937140216 1.684168815612793 11399
1762937167291 1.6689332723617554 11699
1762937194339 1.6805164813995361 11999
1762937221228 1.6383168697357178 12299
1762937247698 1.6294878721237183 12599
1762937274069 1.656201958656311 12899
1762937300770 1.6446102857589722 13199
1762937327257 1.6541874408721924 13499
1762937352928 1.6402018070220947 13799
1762937377745 1.6451953649520874 14099
1762937404549 1.6389379501342773 14399
1762937431814 1.6366044282913208 14699
1762937458780 1.6454633474349976 14999
1762937485133 1.6390161514282227 15299
1762937512541 1.6363584995269775 15599
1762937539663 1.6322486400604248 15899
1762937566730 1.6376529932022095 16199
1762937593702 1.6313600540161133 16499
1762937620512 1.6194957494735718 16799
1762937647067 1.6194136142730713 17099
1762937672974 1.6409255266189575 17399
1762937699815 1.6212352514266968 17699
1762937727220 1.627193570137024 17999
1762937754191 1.6036216020584106 18299
1762937781123 1.617738962173462 18599
1762937807755 1.621886968612671 18899
1762937835160 1.6167981624603271 19199
1762937862318 1.6130532026290894 19499
1762937889332 1.6114250421524048 19799
1762937916301 1.6013067960739136 20099
1762937943216 1.6146001815795898 20399
1762937969707 1.606415867805481 20699
1762937995568 1.6166481971740723 20999
1762938020621 1.5999614000320435 21299
1762938045544 1.5970346927642822 21599
1762938071934 1.6118444204330444 21899
1762938099260 1.6064921617507935 22199
1762938124645 1.6107299327850342 22499
1762938149527 1.6135209798812866 22799
1762938174758 1.620749592781067 23099
1762938200474 1.5966684818267822 23399
1762938227678 1.6054543256759644 23699
1762938254846 1.6081973314285278 23999
1762938281824 1.6037745475769043 24299
1762938308542 1.6012343168258667 24599
1762938334712 1.6083301305770874 24899
1762938361560 1.6089249849319458 25199
1762938388563 1.600103497505188 25499
1762938415172 1.6007134914398193 25799
1762938441392 1.5957785844802856 26099
1762938467878 1.5952298641204834 26399
1762938494933 1.594334363937378 26699
1762938521752 1.5950678586959839 26999
1762938548340 1.6001012325286865 27299
1762938575235 1.6050015687942505 27599
1762938602203 1.6112489700317383 27899
1762938629228 1.605711579322815 28199
1762938656269 1.5967659950256348 28499
1762938682746 1.6038978099822998 28799
1762938709157 1.595971941947937 29099
1762938735306 1.609661340713501 29399
1762938761484 1.5986298322677612 29699
1762938787860 1.606379747390747 29999
1762938814664 1.5966905355453491 30299
1762938841350 1.6000127792358398 30599
1762938868170 1.5926181077957153 30899
1762938895197 1.587174654006958 31199
1762938922019 1.5900651216506958 31499
1762938949359 1.6093944311141968 31799
1762938976362 1.6045008897781372 32099
1762939003436 1.5895928144454956 32399
1762939030439 1.595892071723938 32699
