1762936147813 10.337158203125 299
1762936173933 6.280848503112793 599
1762936200543 5.787128448486328 899
1762936227465 5.534839630126953 1199
1762936253206 5.218536853790283 1499
1762936279862 5.30021333694458 1799
1762936306517 5.158398628234863 2099
1762936333480 5.031647205352783 2399
1762936360327 5.175264358520508 2699
1762936387088 4.949459552764893 2999
1762936414046 4.921146392822266 3299
1762936441254 4.932769775390625 3599
1762936468670 4.755967617034912 3899
1762936495695 4.837118625640869 4199
1762936522277 4.772618770599365 4499
1762936548763 4.71453332901001 4799
1762936575242 4.756718635559082 5099
1762936602281 4.720562934875488 5399
1762936629204 4.595400333404541 5699
1762936656075 4.544729709625244 5999
1762936682787 4.6016926765441895 6299
1762936709217 4.564680576324463 6599
1762936736460 4.624558925628662 6899
1762936763311 4.430111408233643 7199
1762936790319 4.517120838165283 7499
1762936817414 4.456009387969971 7799
1762936844445 4.480040550231934 8099
1762936871205 4.306578636169434 8399
1762936897920 4.494512557983398 8699
1762936925036 4.425326347351074 8999
1762936952049 4.338606834411621 9299
1762936978671 4.396207809448242 9599
1762937005427 4.243982791900635 9899
1762937032294 4.396924018859863 10199
1762937059078 4.387110710144043 10499
1762937086011 4.202896595001221 10799
1762937113095 4.13405704498291 11099
1762937140216 4.122220993041992 11399
1762937167291 4.2048540115356445 11699
1762937194339 4.22379732131958 11999
1762937221228 3.991161584854126 12299
1762937247698 3.9606568813323975 12599
1762937274069 4.146551132202148 12899
1762937300770 4.026490688323975 13199
1762937327257 4.061917781829834 13499
1762937352928 4.022701263427734 13799
1762937377745 4.036321640014648 14099
1762937404549 4.067802906036377 14399
1762937431814 3.995570659637451 14699
1762937458780 3.9275338649749756 14999
1762937485133 3.9904234409332275 15299
1762937512541 3.9210398197174072 15599
1762937539663 3.9976210594177246 15899
1762937566730 4.031935214996338 16199
1762937593702 4.014744758605957 16499
1762937620512 3.919224977493286 16799
1762937647067 3.9724905490875244 17099
1762937672974 3.9898035526275635 17399
1762937699815 3.9065518379211426 17699
1762937727220 3.8220925331115723 17999
1762937754191 3.895482063293457 18299
1762937781123 3.8391919136047363 18599
1762937807755 3.939666986465454 18899
1762937835160 3.947432041168213 19199
1762937862318 3.8201913833618164 19499
1762937889332 3.821525812149048 19799
1762937916301 3.9487218856811523 20099
1762937943216 3.9667837619781494 20399
1762937969707 3.8678321838378906 20699
1762937995568 3.9285287857055664 20999
1762938020621 3.7895383834838867 21299
1762938045544 3.823253870010376 21599
1762938071934 3.7608866691589355 21899
1762938099260 3.9642343521118164 22199
1762938124645 3.899890422821045 22499
1762938149527 3.907548427581787 22799
1762938174758 3.925086498260498 23099
1762938200474 3.8817787170410156 23399
1762938227678 3.8015379905700684 23699
1762938254846 3.7574708461761475 23999
1762938281824 3.8562378883361816 24299
1762938308542 3.8252675533294678 24599
1762938334712 3.883803606033325 24899
1762938361560 3.9438669681549072 25199
1762938388563 3.8238584995269775 25499
1762938415172 3.818626880645752 25799
1762938441392 3.7907285690307617 26099
1762938467878 3.814873218536377 26399
1762938494933 3.8292548656463623 26699
1762938521752 3.8312265872955322 26999
1762938548340 3.764460802078247 27299
1762938575235 3.8799033164978027 27599
1762938602203 3.8586769104003906 27899
1762938629228 3.8812074661254883 28199
1762938656269 3.7657859325408936 28499
1762938682746 3.835782527923584 28799
1762938709157 3.781371593475342 29099
1762938735306 3.8968636989593506 29399
1762938761484 3.877697706222534 29699
1762938787860 3.9032068252563477 29999
1762938814664 3.813283920288086 30299
1762938841350 3.8287458419799805 30599
1762938868170 3.8156886100769043 30899
1762938895197 3.7937419414520264 31199
1762938922019 3.847450017929077 31499
1762938949359 3.8105056285858154 31799
1762938976362 3.7659013271331787 32099
1762939003436 3.750317335128784 32399
1762939030439 3.7141611576080322 32699
