1762936147813 8.30330753326416 299
1762936173933 3.0975306034088135 599
1762936200543 2.445873975753784 899
1762936227465 2.2459933757781982 1199
1762936253206 1.9143327474594116 1499
1762936279862 1.9185534715652466 1799
1762936306517 1.806191325187683 2099
1762936333480 1.7378612756729126 2399
1762936360327 1.7330081462860107 2699
1762936387088 1.6994441747665405 2999
1762936414046 1.6249613761901855 3299
1762936441254 1.620611548423767 3599
1762936468670 1.5359470844268799 3899
1762936495695 1.5073597431182861 4199
1762936522277 1.5608160495758057 4499
1762936548763 1.5142678022384644 4799
1762936575242 1.5363588333129883 5099
1762936602281 1.4436098337173462 5399
1762936629204 1.4410591125488281 5699
1762936656075 1.4277013540267944 5999
1762936682787 1.4411680698394775 6299
1762936709217 1.4138007164001465 6599
1762936736460 1.4623326063156128 6899
1762936763311 1.3530728816986084 7199
1762936790319 1.4127172231674194 7499
1762936817414 1.3951336145401 7799
1762936844445 1.3896936178207397 8099
1762936871205 1.3652735948562622 8399
1762936897920 1.385605812072754 8699
1762936925036 1.3765217065811157 8999
1762936952049 1.3405145406723022 9299
1762936978671 1.3950858116149902 9599
1762937005427 1.338802456855774 9899
1762937032294 1.3644418716430664 10199
1762937059078 1.3686188459396362 10499
1762937086011 1.2968850135803223 10799
1762937113095 1.2792593240737915 11099
1762937140216 1.275673747062683 11399
1762937167291 1.2972383499145508 11699
1762937194339 1.3296000957489014 11999
1762937221228 1.1896718740463257 12299
1762937247698 1.1631065607070923 12599
1762937274069 1.2093939781188965 12899
1762937300770 1.1777982711791992 13199
1762937327257 1.197283148765564 13499
1762937352928 1.1866142749786377 13799
1762937377745 1.2026493549346924 14099
1762937404549 1.185712218284607 14399
1762937431814 1.1954320669174194 14699
1762937458780 1.1649454832077026 14999
1762937485133 1.1772304773330688 15299
1762937512541 1.1569876670837402 15599
1762937539663 1.1995887756347656 15899
1762937566730 1.1580533981323242 16199
1762937593702 1.1688061952590942 16499
1762937620512 1.1516063213348389 16799
1762937647067 1.184565782546997 17099
1762937672974 1.181252121925354 17399
1762937699815 1.1939009428024292 17699
1762937727220 1.1585476398468018 17999
1762937754191 1.120652675628662 18299
1762937781123 1.1195045709609985 18599
1762937807755 1.1464215517044067 18899
1762937835160 1.1365286111831665 19199
1762937862318 1.1353065967559814 19499
1762937889332 1.1225892305374146 19799
1762937916301 1.1632827520370483 20099
1762937943216 1.131047010421753 20399
1762937969707 1.1321516036987305 20699
1762937995568 1.1629283428192139 20999
1762938020621 1.1076526641845703 21299
1762938045544 1.129083275794983 21599
1762938071934 1.1247771978378296 21899
1762938099260 1.1243854761123657 22199
1762938124645 1.1085107326507568 22499
1762938149527 1.155853033065796 22799
1762938174758 1.1474663019180298 23099
1762938200474 1.1187824010849 23399
1762938227678 1.114525556564331 23699
1762938254846 1.1028131246566772 23999
1762938281824 1.1269465684890747 24299
1762938308542 1.112539291381836 24599
1762938334712 1.175338625907898 24899
1762938361560 1.1697074174880981 25199
1762938388563 1.1205531358718872 25499
1762938415172 1.1109297275543213 25799
1762938441392 1.1161761283874512 26099
1762938467878 1.129191517829895 26399
1762938494933 1.1368099451065063 26699
1762938521752 1.1319475173950195 26999
1762938548340 1.1128356456756592 27299
1762938575235 1.1267684698104858 27599
1762938602203 1.149247169494629 27899
1762938629228 1.1265391111373901 28199
1762938656269 1.100196361541748 28499
1762938682746 1.1034255027770996 28799
1762938709157 1.1165543794631958 29099
1762938735306 1.1556838750839233 29399
1762938761484 1.12950599193573 29699
1762938787860 1.1178151369094849 29999
1762938814664 1.0916240215301514 30299
1762938841350 1.1334723234176636 30599
1762938868170 1.0939737558364868 30899
1762938895197 1.1156140565872192 31199
1762938922019 1.14519202709198 31499
1762938949359 1.0851150751113892 31799
1762938976362 1.11255943775177 32099
1762939003436 1.1042345762252808 32399
1762939030439 1.1049225330352783 32699
