1762936147813 2.7953946590423584 299
1762936173933 1.9656518697738647 599
1762936200543 1.8617808818817139 899
1762936227465 1.8050354719161987 1199
1762936253206 1.7737985849380493 1499
1762936279862 1.7497354745864868 1799
1762936306517 1.7451987266540527 2099
1762936333480 1.7042924165725708 2399
1762936360327 1.7119836807250977 2699
1762936387088 1.6784048080444336 2999
1762936414046 1.6869677305221558 3299
1762936441254 1.6715859174728394 3599
1762936468670 1.6604725122451782 3899
1762936495695 1.6497373580932617 4199
1762936522277 1.6415479183197021 4499
1762936548763 1.6415114402770996 4799
1762936575242 1.6350065469741821 5099
1762936602281 1.620421290397644 5399
1762936629204 1.6242057085037231 5699
1762936656075 1.6004747152328491 5999
1762936682787 1.6029307842254639 6299
1762936709217 1.6003841161727905 6599
1762936736460 1.6074990034103394 6899
1762936763311 1.584597110748291 7199
1762936790319 1.5717233419418335 7499
1762936817414 1.579761028289795 7799
1762936844445 1.5751564502716064 8099
1762936871205 1.5800657272338867 8399
1762936897920 1.580322027206421 8699
1762936925036 1.5603874921798706 8999
1762936952049 1.5695029497146606 9299
1762936978671 1.5667110681533813 9599
1762937005427 1.5362211465835571 9899
1762937032294 1.5573638677597046 10199
1762937059078 1.5460140705108643 10499
1762937086011 1.551539421081543 10799
1762937113095 1.5278377532958984 11099
1762937140216 1.5255720615386963 11399
1762937167291 1.5259867906570435 11699
1762937194339 1.5350829362869263 11999
1762937221228 1.4869585037231445 12299
1762937247698 1.4838975667953491 12599
1762937274069 1.5013909339904785 12899
1762937300770 1.4912387132644653 13199
1762937327257 1.5046645402908325 13499
1762937352928 1.4969314336776733 13799
1762937377745 1.499337911605835 14099
1762937404549 1.488260269165039 14399
1762937431814 1.4852617979049683 14699
1762937458780 1.4871609210968018 14999
1762937485133 1.4828221797943115 15299
1762937512541 1.4818532466888428 15599
1762937539663 1.4810223579406738 15899
1762937566730 1.4844918251037598 16199
1762937593702 1.4840385913848877 16499
1762937620512 1.4724923372268677 16799
1762937647067 1.475806474685669 17099
1762937672974 1.48610258102417 17399
1762937699815 1.4718542098999023 17699
1762937727220 1.486835241317749 17999
1762937754191 1.4589431285858154 18299
1762937781123 1.476298451423645 18599
1762937807755 1.4770194292068481 18899
1762937835160 1.4614276885986328 19199
1762937862318 1.463555097579956 19499
1762937889332 1.4607802629470825 19799
1762937916301 1.4584382772445679 20099
1762937943216 1.4621516466140747 20399
1762937969707 1.4559937715530396 20699
1762937995568 1.467602014541626 20999
1762938020621 1.4526137113571167 21299
1762938045544 1.4616137742996216 21599
1762938071934 1.4555745124816895 21899
1762938099260 1.4602082967758179 22199
1762938124645 1.4675220251083374 22499
1762938149527 1.4592103958129883 22799
1762938174758 1.456176996231079 23099
1762938200474 1.458778977394104 23399
1762938227678 1.4665608406066895 23699
1762938254846 1.464447259902954 23999
1762938281824 1.448137879371643 24299
1762938308542 1.4442250728607178 24599
1762938334712 1.4617797136306763 24899
1762938361560 1.468022108078003 25199
1762938388563 1.4575186967849731 25499
1762938415172 1.4561346769332886 25799
1762938441392 1.4556769132614136 26099
1762938467878 1.44254732131958 26399
1762938494933 1.4488483667373657 26699
1762938521752 1.4479732513427734 26999
1762938548340 1.454370141029358 27299
1762938575235 1.4481501579284668 27599
1762938602203 1.4552322626113892 27899
1762938629228 1.4542182683944702 28199
1762938656269 1.445775032043457 28499
1762938682746 1.460323691368103 28799
1762938709157 1.4526642560958862 29099
1762938735306 1.4541921615600586 29399
1762938761484 1.4534069299697876 29699
1762938787860 1.4540488719940186 29999
1762938814664 1.4381217956542969 30299
1762938841350 1.4487262964248657 30599
1762938868170 1.4466266632080078 30899
1762938895197 1.4383647441864014 31199
1762938922019 1.4455569982528687 31499
1762938949359 1.4494985342025757 31799
1762938976362 1.4453972578048706 32099
1762939003436 1.4457411766052246 32399
1762939030439 1.4452486038208008 32699
