1762936147813 12.124346733093262 299
1762936173933 9.02938175201416 599
1762936200543 8.958575248718262 899
1762936227465 8.734763145446777 1199
1762936253206 8.39590072631836 1499
1762936279862 8.54132080078125 1799
1762936306517 8.382034301757812 2099
1762936333480 8.22559928894043 2399
1762936360327 8.385883331298828 2699
1762936387088 8.01423454284668 2999
1762936414046 8.041600227355957 3299
1762936441254 8.239556312561035 3599
1762936468670 7.9864983558654785 3899
1762936495695 8.217020988464355 4199
1762936522277 8.047981262207031 4499
1762936548763 7.943076133728027 4799
1762936575242 7.981795787811279 5099
1762936602281 8.041826248168945 5399
1762936629204 7.867539882659912 5699
1762936656075 7.661669731140137 5999
1762936682787 7.7511067390441895 6299
1762936709217 7.852755546569824 6599
1762936736460 7.796686172485352 6899
1762936763311 7.531582832336426 7199
1762936790319 7.842209339141846 7499
1762936817414 7.536290645599365 7799
1762936844445 7.608856678009033 8099
1762936871205 7.2260847091674805 8399
1762936897920 7.674868583679199 8699
1762936925036 7.534545421600342 8999
1762936952049 7.369391441345215 9299
1762936978671 7.3809380531311035 9599
1762937005427 7.272586822509766 9899
1762937032294 7.5085883140563965 10199
1762937059078 7.373109340667725 10499
1762937086011 7.142192840576172 10799
1762937113095 7.030906677246094 11099
1762937140216 7.014932155609131 11399
1762937167291 7.150390625 11699
1762937194339 7.119019985198975 11999
1762937221228 6.947751998901367 12299
1762937247698 6.834774494171143 12599
1762937274069 7.055365085601807 12899
1762937300770 6.881326675415039 13199
1762937327257 6.975401878356934 13499
1762937352928 6.906888008117676 13799
1762937377745 7.024009704589844 14099
1762937404549 6.961606025695801 14399
1762937431814 6.878993034362793 14699
1762937458780 6.942678928375244 14999
1762937485133 7.026194095611572 15299
1762937512541 6.862552165985107 15599
1762937539663 6.8507771492004395 15899
1762937566730 6.981091499328613 16199
1762937593702 6.948162078857422 16499
1762937620512 6.734406471252441 16799
1762937647067 6.845117092132568 17099
1762937672974 6.738745212554932 17399
1762937699815 6.840567588806152 17699
1762937727220 6.606864929199219 17999
1762937754191 6.762710094451904 18299
1762937781123 6.605518341064453 18599
1762937807755 6.742452144622803 18899
1762937835160 6.862837791442871 19199
1762937862318 6.601039409637451 19499
1762937889332 6.63043737411499 19799
1762937916301 6.7999773025512695 20099
1762937943216 6.835427284240723 20399
1762937969707 6.725054740905762 20699
1762937995568 6.776798725128174 20999
1762938020621 6.6120686531066895 21299
1762938045544 6.635135650634766 21599
1762938071934 6.565779685974121 21899
1762938099260 6.975015640258789 22199
1762938124645 6.785480499267578 22499
1762938149527 6.740034103393555 22799
1762938174758 6.836156368255615 23099
1762938200474 6.777799129486084 23399
1762938227678 6.530377388000488 23699
1762938254846 6.419937610626221 23999
1762938281824 6.682955741882324 24299
1762938308542 6.624775409698486 24599
1762938334712 6.671115398406982 24899
1762938361560 6.813631534576416 25199
1762938388563 6.661811351776123 25499
1762938415172 6.627519130706787 25799
1762938441392 6.550725936889648 26099
1762938467878 6.570645332336426 26399
1762938494933 6.518571853637695 26699
1762938521752 6.597707748413086 26999
1762938548340 6.506201267242432 27299
1762938575235 6.719424247741699 27599
1762938602203 6.656320095062256 27899
1762938629228 6.721246719360352 28199
1762938656269 6.601771831512451 28499
1762938682746 6.564836502075195 28799
1762938709157 6.501938343048096 29099
1762938735306 6.68916130065918 29399
1762938761484 6.678459167480469 29699
1762938787860 6.789723873138428 29999
1762938814664 6.635393142700195 30299
1762938841350 6.777663230895996 30599
1762938868170 6.575587272644043 30899
1762938895197 6.615417957305908 31199
1762938922019 6.751034736633301 31499
1762938949359 6.605165958404541 31799
1762938976362 6.552745342254639 32099
1762939003436 6.547613143920898 32399
1762939030439 6.385486125946045 32699
