1762936147813 1.9929085969924927 299
1762936173933 1.0391241312026978 599
1762936200543 0.8888566493988037 899
1762936227465 0.8505385518074036 1199
1762936253206 0.7900787591934204 1499
1762936279862 0.7627361416816711 1799
1762936306517 0.761783242225647 2099
1762936333480 0.7390278577804565 2399
1762936360327 0.725078284740448 2699
1762936387088 0.714516818523407 2999
1762936414046 0.7178981900215149 3299
1762936441254 0.6902987360954285 3599
1762936468670 0.6895558834075928 3899
1762936495695 0.6821372509002686 4199
1762936522277 0.6939741969108582 4499
1762936548763 0.6846256256103516 4799
1762936575242 0.6788914203643799 5099
1762936602281 0.6604428887367249 5399
1762936629204 0.6665313243865967 5699
1762936656075 0.6575907468795776 5999
1762936682787 0.6492109894752502 6299
1762936709217 0.6546918749809265 6599
1762936736460 0.651103675365448 6899
1762936763311 0.6463051438331604 7199
1762936790319 0.6466490030288696 7499
1762936817414 0.649217426776886 7799
1762936844445 0.642158567905426 8099
1762936871205 0.6606221199035645 8399
1762936897920 0.6374987959861755 8699
1762936925036 0.6364454627037048 8999
1762936952049 0.6251493692398071 9299
1762936978671 0.64357990026474 9599
1762937005427 0.6250799894332886 9899
1762937032294 0.6318709254264832 10199
1762937059078 0.6279000043869019 10499
1762937086011 0.6248921155929565 10799
1762937113095 0.6221336126327515 11099
1762937140216 0.618935227394104 11399
1762937167291 0.6256587505340576 11699
1762937194339 0.6227134466171265 11999
1762937221228 0.5764066576957703 12299
1762937247698 0.5770804286003113 12599
1762937274069 0.5774683356285095 12899
1762937300770 0.5788668394088745 13199
1762937327257 0.5819475054740906 13499
1762937352928 0.5765258073806763 13799
1762937377745 0.5803409218788147 14099
1762937404549 0.5763301253318787 14399
1762937431814 0.5800198316574097 14699
1762937458780 0.5771145820617676 14999
1762937485133 0.5752682089805603 15299
1762937512541 0.5766893625259399 15599
1762937539663 0.5776836276054382 15899
1762937566730 0.572437584400177 16199
1762937593702 0.5730308890342712 16499
1762937620512 0.5719950795173645 16799
1762937647067 0.5713151693344116 17099
1762937672974 0.5760402679443359 17399
1762937699815 0.5760636329650879 17699
1762937727220 0.5767950415611267 17999
1762937754191 0.5621880888938904 18299
1762937781123 0.5598607659339905 18599
1762937807755 0.5610446333885193 18899
1762937835160 0.5590181946754456 19199
1762937862318 0.5622418522834778 19499
1762937889332 0.5607941150665283 19799
1762937916301 0.5587072968482971 20099
1762937943216 0.5594842433929443 20399
1762937969707 0.5591424107551575 20699
1762937995568 0.5590553283691406 20999
1762938020621 0.5632647275924683 21299
1762938045544 0.5584828853607178 21599
1762938071934 0.561295747756958 21899
1762938099260 0.5593021512031555 22199
1762938124645 0.5587868094444275 22499
1762938149527 0.5582218766212463 22799
1762938174758 0.5595299005508423 23099
1762938200474 0.5590971112251282 23399
1762938227678 0.5586056709289551 23699
1762938254846 0.5602136850357056 23999
1762938281824 0.5576180219650269 24299
1762938308542 0.5571873188018799 24599
1762938334712 0.560751736164093 24899
1762938361560 0.5570839047431946 25199
1762938388563 0.554953932762146 25499
1762938415172 0.5601029396057129 25799
1762938441392 0.5583679676055908 26099
1762938467878 0.5555088520050049 26399
1762938494933 0.556468665599823 26699
1762938521752 0.5554927587509155 26999
1762938548340 0.5553041100502014 27299
1762938575235 0.5568764209747314 27599
1762938602203 0.5560367107391357 27899
1762938629228 0.5557137131690979 28199
1762938656269 0.558073103427887 28499
1762938682746 0.5564534664154053 28799
1762938709157 0.5568766593933105 29099
1762938735306 0.5550591945648193 29399
1762938761484 0.5537958145141602 29699
1762938787860 0.5580528378486633 29999
1762938814664 0.5532541275024414 30299
1762938841350 0.5523911118507385 30599
1762938868170 0.5508267879486084 30899
1762938895197 0.5490066409111023 31199
1762938922019 0.5518903732299805 31499
1762938949359 0.5527827739715576 31799
1762938976362 0.5525240302085876 32099
1762939003436 0.551312267780304 32399
1762939030439 0.5545985698699951 32699
