1762936147813 2.145768880844116 299
1762936173933 1.0708845853805542 599
1762936200543 0.9125392436981201 899
1762936227465 0.8713354468345642 1199
1762936253206 0.8076048493385315 1499
1762936279862 0.7795329093933105 1799
1762936306517 0.7775731682777405 2099
1762936333480 0.7542754411697388 2399
1762936360327 0.7399638891220093 2699
1762936387088 0.7287949323654175 2999
1762936414046 0.73176509141922 3299
1762936441254 0.7034432888031006 3599
1762936468670 0.7020829916000366 3899
1762936495695 0.694395899772644 4199
1762936522277 0.7069768905639648 4499
1762936548763 0.6970727443695068 4799
1762936575242 0.6913553476333618 5099
1762936602281 0.6721928119659424 5399
1762936629204 0.6782233119010925 5699
1762936656075 0.6692730784416199 5999
1762936682787 0.6603830456733704 6299
1762936709217 0.6660561561584473 6599
1762936736460 0.6628108620643616 6899
1762936763311 0.6571033000946045 7199
1762936790319 0.6579640507698059 7499
1762936817414 0.6607322096824646 7799
1762936844445 0.6532290577888489 8099
1762936871205 0.6717666983604431 8399
1762936897920 0.6483774781227112 8699
1762936925036 0.6477701663970947 8999
1762936952049 0.6355751156806946 9299
1762936978671 0.6550262570381165 9599
1762937005427 0.6357046365737915 9899
1762937032294 0.6425984501838684 10199
1762937059078 0.6390284895896912 10499
1762937086011 0.6354591846466064 10799
1762937113095 0.6325029134750366 11099
1762937140216 0.6292428970336914 11399
1762937167291 0.6363669037818909 11699
1762937194339 0.6334812045097351 11999
1762937221228 0.5856490731239319 12299
1762937247698 0.5861430764198303 12599
1762937274069 0.5869670510292053 12899
1762937300770 0.5882352590560913 13199
1762937327257 0.5912147760391235 13499
1762937352928 0.585962176322937 13799
1762937377745 0.5897356867790222 14099
1762937404549 0.5855851769447327 14399
1762937431814 0.589361310005188 14699
1762937458780 0.5863747000694275 14999
1762937485133 0.5844961404800415 15299
1762937512541 0.5858429670333862 15599
1762937539663 0.5871663093566895 15899
1762937566730 0.5817321538925171 16199
1762937593702 0.5821204781532288 16499
1762937620512 0.5813190937042236 16799
1762937647067 0.5805089473724365 17099
1762937672974 0.5854024291038513 17399
1762937699815 0.5854635238647461 17699
1762937727220 0.5860958099365234 17999
1762937754191 0.5711962580680847 18299
1762937781123 0.5685495734214783 18599
1762937807755 0.5698321461677551 18899
1762937835160 0.5680268406867981 19199
1762937862318 0.571020245552063 19499
1762937889332 0.5695406794548035 19799
1762937916301 0.5675964951515198 20099
1762937943216 0.5685052275657654 20399
1762937969707 0.5680733323097229 20699
1762937995568 0.567873477935791 20999
1762938020621 0.5719324350357056 21299
1762938045544 0.5674601197242737 21599
1762938071934 0.570023775100708 21899
1762938099260 0.5683730244636536 22199
1762938124645 0.56753009557724 22499
1762938149527 0.5671185851097107 22799
1762938174758 0.5685389637947083 23099
1762938200474 0.5677655935287476 23399
1762938227678 0.5675814747810364 23699
1762938254846 0.5688125491142273 23999
1762938281824 0.566403329372406 24299
1762938308542 0.5659791231155396 24599
1762938334712 0.5697962641716003 24899
1762938361560 0.5659985542297363 25199
1762938388563 0.5637575387954712 25499
1762938415172 0.5688820481300354 25799
1762938441392 0.567048192024231 26099
1762938467878 0.5640972256660461 26399
1762938494933 0.565426766872406 26699
1762938521752 0.564311146736145 26999
1762938548340 0.5640726089477539 27299
1762938575235 0.5657822489738464 27599
1762938602203 0.565040111541748 27899
1762938629228 0.5644274950027466 28199
1762938656269 0.5668584108352661 28499
1762938682746 0.5651595592498779 28799
1762938709157 0.5655708312988281 29099
1762938735306 0.5640449523925781 29399
1762938761484 0.5625576376914978 29699
1762938787860 0.5667533278465271 29999
1762938814664 0.5619621276855469 30299
1762938841350 0.5611794590950012 30599
1762938868170 0.5594234466552734 30899
1762938895197 0.557782769203186 31199
1762938922019 0.5608001351356506 31499
1762938949359 0.5613406300544739 31799
1762938976362 0.5610760450363159 32099
1762939003436 0.5597546696662903 32399
1762939030439 0.5632795691490173 32699
