1762936147813 2.7171995639801025 299
1762936173933 1.8844119310379028 599
1762936200543 1.7879581451416016 899
1762936227465 1.7402507066726685 1199
1762936253206 1.7037098407745361 1499
1762936279862 1.677453875541687 1799
1762936306517 1.6782002449035645 2099
1762936333480 1.646605372428894 2399
1762936360327 1.6407712697982788 2699
1762936387088 1.6188637018203735 2999
1762936414046 1.6205862760543823 3299
1762936441254 1.6046490669250488 3599
1762936468670 1.5965092182159424 3899
1762936495695 1.5891413688659668 4199
1762936522277 1.5842509269714355 4499
1762936548763 1.5819345712661743 4799
1762936575242 1.5744413137435913 5099
1762936602281 1.5620490312576294 5399
1762936629204 1.566019892692566 5699
1762936656075 1.547597885131836 5999
1762936682787 1.5405175685882568 6299
1762936709217 1.541321873664856 6599
1762936736460 1.5448943376541138 6899
1762936763311 1.527313470840454 7199
1762936790319 1.5287513732910156 7499
1762936817414 1.5251529216766357 7799
1762936844445 1.527141809463501 8099
1762936871205 1.527148723602295 8399
1762936897920 1.5214343070983887 8699
1762936925036 1.504565715789795 8999
1762936952049 1.5092291831970215 9299
1762936978671 1.513256549835205 9599
1762937005427 1.493353247642517 9899
1762937032294 1.5054266452789307 10199
1762937059078 1.4938462972640991 10499
1762937086011 1.4907814264297485 10799
1762937113095 1.4764459133148193 11099
1762937140216 1.4782559871673584 11399
1762937167291 1.4755427837371826 11699
1762937194339 1.482322096824646 11999
1762937221228 1.4349597692489624 12299
1762937247698 1.4293450117111206 12599
1762937274069 1.4477657079696655 12899
1762937300770 1.4411054849624634 13199
1762937327257 1.449803113937378 13499
1762937352928 1.4379593133926392 13799
1762937377745 1.4432485103607178 14099
1762937404549 1.4400758743286133 14399
1762937431814 1.43265962600708 14699
1762937458780 1.4365075826644897 14999
1762937485133 1.4353256225585938 15299
1762937512541 1.431041955947876 15599
1762937539663 1.4311206340789795 15899
1762937566730 1.433180809020996 16199
1762937593702 1.427718997001648 16499
1762937620512 1.4184490442276 16799
1762937647067 1.4222455024719238 17099
1762937672974 1.4334346055984497 17399
1762937699815 1.422063946723938 17699
1762937727220 1.4292752742767334 17999
1762937754191 1.4072929620742798 18299
1762937781123 1.416624665260315 18599
1762937807755 1.4208952188491821 18899
1762937835160 1.4143996238708496 19199
1762937862318 1.4129310846328735 19499
1762937889332 1.409464716911316 19799
1762937916301 1.4064915180206299 20099
1762937943216 1.41288423538208 20399
1762937969707 1.4059045314788818 20699
1762937995568 1.4138306379318237 20999
1762938020621 1.4033582210540771 21299
1762938045544 1.4031620025634766 21599
1762938071934 1.4073508977890015 21899
1762938099260 1.4081904888153076 22199
1762938124645 1.4112557172775269 22499
1762938149527 1.4074773788452148 22799
1762938174758 1.4122716188430786 23099
1762938200474 1.404120683670044 23399
1762938227678 1.4074172973632812 23699
1762938254846 1.4089659452438354 23999
1762938281824 1.400900959968567 24299
1762938308542 1.3982336521148682 24599
1762938334712 1.4092143774032593 24899
1762938361560 1.4107786417007446 25199
1762938388563 1.403457760810852 25499
1762938415172 1.4049742221832275 25799
1762938441392 1.3995251655578613 26099
1762938467878 1.3963019847869873 26399
1762938494933 1.399246335029602 26699
1762938521752 1.3947041034698486 26999
1762938548340 1.3988813161849976 27299
1762938575235 1.4039593935012817 27599
1762938602203 1.4059032201766968 27899
1762938629228 1.402413010597229 28199
1762938656269 1.3975647687911987 28499
1762938682746 1.4060661792755127 28799
1762938709157 1.3987525701522827 29099
1762938735306 1.4046591520309448 29399
1762938761484 1.3996635675430298 29699
1762938787860 1.4076584577560425 29999
1762938814664 1.3935165405273438 30299
1762938841350 1.398330569267273 30599
1762938868170 1.3947319984436035 30899
1762938895197 1.388366460800171 31199
1762938922019 1.3942538499832153 31499
1762938949359 1.4029017686843872 31799
1762938976362 1.3979989290237427 32099
1762939003436 1.3921599388122559 32399
1762939030439 1.392998218536377 32699
