1762936147813 2.3841006755828857 299
1762936173933 1.3595837354660034 599
1762936200543 1.2174994945526123 899
1762936227465 1.176590085029602 1199
1762936253206 1.1270400285720825 1499
1762936279862 1.0939973592758179 1799
1762936306517 1.0855247974395752 2099
1762936333480 1.0676069259643555 2399
1762936360327 1.0517288446426392 2699
1762936387088 1.0376005172729492 2999
1762936414046 1.0389235019683838 3299
1762936441254 1.0135838985443115 3599
1762936468670 1.0082638263702393 3899
1762936495695 1.0002752542495728 4199
1762936522277 1.009509801864624 4499
1762936548763 1.003151774406433 4799
1762936575242 0.9919844269752502 5099
1762936602281 0.9730016589164734 5399
1762936629204 0.9808093309402466 5699
1762936656075 0.9685467481613159 5999
1762936682787 0.9600332379341125 6299
1762936709217 0.9660571813583374 6599
1762936736460 0.9630886316299438 6899
1762936763311 0.9551758170127869 7199
1762936790319 0.954153835773468 7499
1762936817414 0.9603238105773926 7799
1762936844445 0.9579325914382935 8099
1762936871205 0.9670974016189575 8399
1762936897920 0.9493908286094666 8699
1762936925036 0.9453056454658508 8999
1762936952049 0.936809241771698 9299
1762936978671 0.9506668448448181 9599
1762937005427 0.9351919293403625 9899
1762937032294 0.9409454464912415 10199
1762937059078 0.9360625743865967 10499
1762937086011 0.9296673536300659 10799
1762937113095 0.9281400442123413 11099
1762937140216 0.9231932759284973 11399
1762937167291 0.9308186173439026 11699
1762937194339 0.9320813417434692 11999
1762937221228 0.8829415440559387 12299
1762937247698 0.8850992918014526 12599
1762937274069 0.8881542682647705 12899
1762937300770 0.88969886302948 13199
1762937327257 0.8918599486351013 13499
1762937352928 0.8851296901702881 13799
1762937377745 0.8899410367012024 14099
1762937404549 0.8866753578186035 14399
1762937431814 0.8857364058494568 14699
1762937458780 0.8849112391471863 14999
1762937485133 0.8847603797912598 15299
1762937512541 0.8791840076446533 15599
1762937539663 0.8859549164772034 15899
1762937566730 0.8790116310119629 16199
1762937593702 0.8775728940963745 16499
1762937620512 0.8791862726211548 16799
1762937647067 0.8812187314033508 17099
1762937672974 0.8828448057174683 17399
1762937699815 0.8831005692481995 17699
1762937727220 0.8834018111228943 17999
1762937754191 0.8674013018608093 18299
1762937781123 0.8672335147857666 18599
1762937807755 0.8691746592521667 18899
1762937835160 0.865935742855072 19199
1762937862318 0.8716634511947632 19499
1762937889332 0.8682917356491089 19799
1762937916301 0.8649762272834778 20099
1762937943216 0.8668004870414734 20399
1762937969707 0.8660371899604797 20699
1762937995568 0.8683830499649048 20999
1762938020621 0.8728969693183899 21299
1762938045544 0.8655996322631836 21599
1762938071934 0.8682944774627686 21899
1762938099260 0.8615771532058716 22199
1762938124645 0.8672409057617188 22499
1762938149527 0.8623930811882019 22799
1762938174758 0.866796612739563 23099
1762938200474 0.8663849234580994 23399
1762938227678 0.8644192218780518 23699
1762938254846 0.8661701083183289 23999
1762938281824 0.8614270687103271 24299
1762938308542 0.8623596429824829 24599
1762938334712 0.8663697838783264 24899
1762938361560 0.8629924058914185 25199
1762938388563 0.857820451259613 25499
1762938415172 0.8670539259910583 25799
1762938441392 0.8621276617050171 26099
1762938467878 0.859395444393158 26399
1762938494933 0.8616852164268494 26699
1762938521752 0.8610031008720398 26999
1762938548340 0.8584624528884888 27299
1762938575235 0.8624249696731567 27599
1762938602203 0.8624235391616821 27899
1762938629228 0.8646529316902161 28199
1762938656269 0.8629010319709778 28499
1762938682746 0.862442672252655 28799
1762938709157 0.8620464205741882 29099
1762938735306 0.8582720756530762 29399
1762938761484 0.8589683771133423 29699
1762938787860 0.8675414323806763 29999
1762938814664 0.8572515845298767 30299
1762938841350 0.8571933507919312 30599
1762938868170 0.8572139143943787 30899
1762938895197 0.8531421422958374 31199
1762938922019 0.8564953207969666 31499
1762938949359 0.8583803176879883 31799
1762938976362 0.8586069345474243 32099
1762939003436 0.855231761932373 32399
1762939030439 0.8577823042869568 32699
