1762936147813 2.2035748958587646 299
1762936173933 1.3142790794372559 599
1762936200543 1.1807595491409302 899
1762936227465 1.1424601078033447 1199
1762936253206 1.096818447113037 1499
1762936279862 1.0636858940124512 1799
1762936306517 1.0568193197250366 2099
1762936333480 1.040066123008728 2399
1762936360327 1.0236849784851074 2699
1762936387088 1.0104962587356567 2999
1762936414046 1.012798547744751 3299
1762936441254 0.9876334071159363 3599
1762936468670 0.9834873676300049 3899
1762936495695 0.975661039352417 4199
1762936522277 0.9843743443489075 4499
1762936548763 0.9785696864128113 4799
1762936575242 0.9673129916191101 5099
1762936602281 0.9489983916282654 5399
1762936629204 0.9572011232376099 5699
1762936656075 0.9452527761459351 5999
1762936682787 0.9364156723022461 6299
1762936709217 0.9426268339157104 6599
1762936736460 0.9391889572143555 6899
1762936763311 0.9325435757637024 7199
1762936790319 0.9309096336364746 7499
1762936817414 0.9372649192810059 7799
1762936844445 0.9349910020828247 8099
1762936871205 0.9442605972290039 8399
1762936897920 0.9266344904899597 8699
1762936925036 0.9225948452949524 8999
1762936952049 0.9147584438323975 9299
1762936978671 0.9274698495864868 9599
1762937005427 0.9129253625869751 9899
1762937032294 0.9184450507164001 10199
1762937059078 0.9132554531097412 10499
1762937086011 0.9080760478973389 10799
1762937113095 0.9068166613578796 11099
1762937140216 0.9021074771881104 11399
1762937167291 0.9090771675109863 11699
1762937194339 0.9100897312164307 11999
1762937221228 0.8629243969917297 12299
1762937247698 0.8656759858131409 12599
1762937274069 0.86776202917099 12899
1762937300770 0.8698988556861877 13199
1762937327257 0.8714224696159363 13499
1762937352928 0.8649072647094727 13799
1762937377745 0.8696345090866089 14099
1762937404549 0.8665511012077332 14399
1762937431814 0.8654216527938843 14699
1762937458780 0.8653141260147095 14999
1762937485133 0.8648753762245178 15299
1762937512541 0.8597686886787415 15599
1762937539663 0.8655917644500732 15899
1762937566730 0.8591370582580566 16199
1762937593702 0.8579010963439941 16499
1762937620512 0.8596546053886414 16799
1762937647067 0.8611933588981628 17099
1762937672974 0.8629658818244934 17399
1762937699815 0.8629929423332214 17699
1762937727220 0.863563597202301 17999
1762937754191 0.847971498966217 18299
1762937781123 0.8484472632408142 18599
1762937807755 0.8497210144996643 18899
1762937835160 0.8466616868972778 19199
1762937862318 0.8524682521820068 19499
1762937889332 0.8491578698158264 19799
1762937916301 0.8454682230949402 20099
1762937943216 0.84754878282547 20399
1762937969707 0.8468435406684875 20699
1762937995568 0.8488515019416809 20999
1762938020621 0.8539811968803406 21299
1762938045544 0.8461949229240417 21599
1762938071934 0.8491473197937012 21899
1762938099260 0.8423704504966736 22199
1762938124645 0.8481960296630859 22499
1762938149527 0.8426774740219116 22799
1762938174758 0.847108006477356 23099
1762938200474 0.847036600112915 23399
1762938227678 0.8454551100730896 23699
1762938254846 0.8473415970802307 23999
1762938281824 0.8421463370323181 24299
1762938308542 0.8433070182800293 24599
1762938334712 0.8467869758605957 24899
1762938361560 0.842979907989502 25199
1762938388563 0.8386989831924438 25499
1762938415172 0.8481395244598389 25799
1762938441392 0.8432449698448181 26099
1762938467878 0.8402491211891174 26399
1762938494933 0.8422850370407104 26699
1762938521752 0.8415089845657349 26999
1762938548340 0.8393841981887817 27299
1762938575235 0.8431732058525085 27599
1762938602203 0.8428709506988525 27899
1762938629228 0.8452146053314209 28199
1762938656269 0.8440230488777161 28499
1762938682746 0.8437129855155945 28799
1762938709157 0.8431056141853333 29099
1762938735306 0.8387555480003357 29399
1762938761484 0.8396395444869995 29699
1762938787860 0.8482581973075867 29999
1762938814664 0.8382968902587891 30299
1762938841350 0.8380765914916992 30599
1762938868170 0.8381406664848328 30899
1762938895197 0.8341690301895142 31199
1762938922019 0.8370241522789001 31499
1762938949359 0.8397182822227478 31799
1762938976362 0.8397207260131836 32099
1762939003436 0.8362148404121399 32399
1762939030439 0.838830828666687 32699
