1762936147813 2.6051084995269775 299
1762936173933 1.6734641790390015 599
1762936200543 1.5331255197525024 899
1762936227465 1.483696460723877 1199
1762936253206 1.442553162574768 1499
1762936279862 1.4049644470214844 1799
1762936306517 1.3999130725860596 2099
1762936333480 1.3692947626113892 2399
1762936360327 1.3594328165054321 2699
1762936387088 1.337364673614502 2999
1762936414046 1.3393542766571045 3299
1762936441254 1.3204419612884521 3599
1762936468670 1.311629295349121 3899
1762936495695 1.3043211698532104 4199
1762936522277 1.3033288717269897 4499
1762936548763 1.2987734079360962 4799
1762936575242 1.2879810333251953 5099
1762936602281 1.2690486907958984 5399
1762936629204 1.282370686531067 5699
1762936656075 1.2647064924240112 5999
1762936682787 1.261675238609314 6299
1762936709217 1.2546491622924805 6599
1762936736460 1.2568227052688599 6899
1762936763311 1.2471529245376587 7199
1762936790319 1.2399883270263672 7499
1762936817414 1.248146653175354 7799
1762936844445 1.2488046884536743 8099
1762936871205 1.248410701751709 8399
1762936897920 1.237121343612671 8699
1762936925036 1.2264795303344727 8999
1762936952049 1.2255136966705322 9299
1762936978671 1.2334990501403809 9599
1762937005427 1.2174395322799683 9899
1762937032294 1.2289832830429077 10199
1762937059078 1.218159556388855 10499
1762937086011 1.2174264192581177 10799
1762937113095 1.2102022171020508 11099
1762937140216 1.2003906965255737 11399
1762937167291 1.207956314086914 11699
1762937194339 1.2096821069717407 11999
1762937221228 1.160226821899414 12299
1762937247698 1.159690022468567 12599
1762937274069 1.1625652313232422 12899
1762937300770 1.1678173542022705 13199
1762937327257 1.1722241640090942 13499
1762937352928 1.16595458984375 13799
1762937377745 1.1686440706253052 14099
1762937404549 1.1662603616714478 14399
1762937431814 1.1611096858978271 14699
1762937458780 1.1638610363006592 14999
1762937485133 1.1615170240402222 15299
1762937512541 1.1565738916397095 15599
1762937539663 1.160334825515747 15899
1762937566730 1.1589677333831787 16199
1762937593702 1.1526987552642822 16499
1762937620512 1.1553720235824585 16799
1762937647067 1.1597751379013062 17099
1762937672974 1.1540790796279907 17399
1762937699815 1.157322883605957 17699
1762937727220 1.1646528244018555 17999
1762937754191 1.1431419849395752 18299
1762937781123 1.148714303970337 18599
1762937807755 1.1464667320251465 18899
1762937835160 1.1441115140914917 19199
1762937862318 1.1492841243743896 19499
1762937889332 1.141798496246338 19799
1762937916301 1.1342229843139648 20099
1762937943216 1.140868902206421 20399
1762937969707 1.1438908576965332 20699
1762937995568 1.1431020498275757 20999
1762938020621 1.1464301347732544 21299
1762938045544 1.1387141942977905 21599
1762938071934 1.1378638744354248 21899
1762938099260 1.1387277841567993 22199
1762938124645 1.1425210237503052 22499
1762938149527 1.1363109350204468 22799
1762938174758 1.1396969556808472 23099
1762938200474 1.142655849456787 23399
1762938227678 1.1410027742385864 23699
1762938254846 1.1439756155014038 23999
1762938281824 1.133764386177063 24299
1762938308542 1.1292390823364258 24599
1762938334712 1.1419918537139893 24899
1762938361560 1.13992178440094 25199
1762938388563 1.131937861442566 25499
1762938415172 1.1393511295318604 25799
1762938441392 1.1341150999069214 26099
1762938467878 1.1369092464447021 26399
1762938494933 1.1364718675613403 26699
1762938521752 1.1346808671951294 26999
1762938548340 1.1296122074127197 27299
1762938575235 1.1349427700042725 27599
1762938602203 1.1360559463500977 27899
1762938629228 1.13821280002594 28199
1762938656269 1.1350078582763672 28499
1762938682746 1.1371299028396606 28799
1762938709157 1.1361591815948486 29099
1762938735306 1.1328814029693604 29399
1762938761484 1.129892110824585 29699
1762938787860 1.1438790559768677 29999
1762938814664 1.1220513582229614 30299
1762938841350 1.1303120851516724 30599
1762938868170 1.1317259073257446 30899
1762938895197 1.1238617897033691 31199
1762938922019 1.125974178314209 31499
1762938949359 1.1326719522476196 31799
1762938976362 1.1293861865997314 32099
1762939003436 1.1345256567001343 32399
1762939030439 1.1277920007705688 32699
