1762936147813 2.9587361812591553 299
1762936173933 2.25949764251709 599
1762936200543 2.244694471359253 899
1762936227465 2.1993112564086914 1199
1762936253206 2.1784849166870117 1499
1762936279862 2.1511712074279785 1799
1762936306517 2.156102180480957 2099
1762936333480 2.136831760406494 2399
1762936360327 2.127786636352539 2699
1762936387088 2.1133999824523926 2999
1762936414046 2.1041667461395264 3299
1762936441254 2.116840124130249 3599
1762936468670 2.09922456741333 3899
1762936495695 2.0929951667785645 4199
1762936522277 2.082624673843384 4499
1762936548763 2.0822837352752686 4799
1762936575242 2.075469493865967 5099
1762936602281 2.0616040229797363 5399
1762936629204 2.0642881393432617 5699
1762936656075 2.057312250137329 5999
1762936682787 2.039433002471924 6299
1762936709217 2.0448296070098877 6599
1762936736460 2.043940782546997 6899
1762936763311 2.0312185287475586 7199
1762936790319 2.0536046028137207 7499
1762936817414 2.0156779289245605 7799
1762936844445 2.03309965133667 8099
1762936871205 2.0193030834198 8399
1762936897920 2.02142333984375 8699
1762936925036 2.0006046295166016 8999
1762936952049 2.0026421546936035 9299
1762936978671 2.0084707736968994 9599
1762937005427 2.0012965202331543 9899
1762937032294 2.001086711883545 10199
1762937059078 1.9763493537902832 10499
1762937086011 1.9822145700454712 10799
1762937113095 1.9630444049835205 11099
1762937140216 1.9708423614501953 11399
1762937167291 1.958068609237671 11699
1762937194339 1.9664137363433838 11999
1762937221228 1.926214337348938 12299
1762937247698 1.9208372831344604 12599
1762937274069 1.9448906183242798 12899
1762937300770 1.9334441423416138 13199
1762937327257 1.9463014602661133 13499
1762937352928 1.9251538515090942 13799
1762937377745 1.9340485334396362 14099
1762937404549 1.9427944421768188 14399
1762937431814 1.9235334396362305 14699
1762937458780 1.926224708557129 14999
1762937485133 1.940018892288208 15299
1762937512541 1.9219365119934082 15599
1762937539663 1.9237784147262573 15899
1762937566730 1.930837869644165 16199
1762937593702 1.908942461013794 16499
1762937620512 1.8948999643325806 16799
1762937647067 1.9022372961044312 17099
1762937672974 1.9229698181152344 17399
1762937699815 1.9069868326187134 17699
1762937727220 1.913493037223816 17999
1762937754191 1.896468997001648 18299
1762937781123 1.8983433246612549 18599
1762937807755 1.9105277061462402 18899
1762937835160 1.9091615676879883 19199
1762937862318 1.8999733924865723 19499
1762937889332 1.892505168914795 19799
1762937916301 1.8995921611785889 20099
1762937943216 1.9082646369934082 20399
1762937969707 1.8872969150543213 20699
1762937995568 1.8947762250900269 20999
1762938020621 1.8793367147445679 21299
1762938045544 1.8821003437042236 21599
1762938071934 1.8918287754058838 21899
1762938099260 1.9010769128799438 22199
1762938124645 1.8959022760391235 22499
1762938149527 1.8942252397537231 22799
1762938174758 1.9006812572479248 23099
1762938200474 1.8871920108795166 23399
1762938227678 1.8849297761917114 23699
1762938254846 1.8874319791793823 23999
1762938281824 1.8889997005462646 24299
1762938308542 1.8875994682312012 24599
1762938334712 1.894999384880066 24899
1762938361560 1.9007140398025513 25199
1762938388563 1.8942512273788452 25499
1762938415172 1.894065499305725 25799
1762938441392 1.8774513006210327 26099
1762938467878 1.8765970468521118 26399
1762938494933 1.8837056159973145 26699
1762938521752 1.8660069704055786 26999
1762938548340 1.8795952796936035 27299
1762938575235 1.8954423666000366 27599
1762938602203 1.8918694257736206 27899
1762938629228 1.881024956703186 28199
1762938656269 1.878483772277832 28499
1762938682746 1.8944109678268433 28799
1762938709157 1.8752148151397705 29099
1762938735306 1.8885096311569214 29399
1762938761484 1.8773945569992065 29699
1762938787860 1.9001355171203613 29999
1762938814664 1.8828729391098022 30299
1762938841350 1.8846967220306396 30599
1762938868170 1.871633768081665 30899
1762938895197 1.8656775951385498 31199
1762938922019 1.8847099542617798 31499
1762938949359 1.892073631286621 31799
1762938976362 1.886326789855957 32099
1762939003436 1.8666267395019531 32399
1762939030439 1.8689765930175781 32699
