1762936147813 14.230923652648926 299
1762936173933 6.289192199707031 599
1762936200543 5.80769157409668 899
1762936227465 5.5244903564453125 1199
1762936253206 5.346126556396484 1499
1762936279862 5.189270973205566 1799
1762936306517 5.236701011657715 2099
1762936333480 5.045472621917725 2399
1762936360327 5.029049396514893 2699
1762936387088 4.916935920715332 2999
1762936414046 4.92138147354126 3299
1762936441254 4.861680030822754 3599
1762936468670 4.80937385559082 3899
1762936495695 4.784826755523682 4199
1762936522277 4.749374866485596 4499
1762936548763 4.722210884094238 4799
1762936575242 4.689865589141846 5099
1762936602281 4.651116371154785 5399
1762936629204 4.629398345947266 5699
1762936656075 4.544888496398926 5999
1762936682787 4.513519287109375 6299
1762936709217 4.509624481201172 6599
1762936736460 4.537783622741699 6899
1762936763311 4.460054397583008 7199
1762936790319 4.464999198913574 7499
1762936817414 4.430970191955566 7799
1762936844445 4.468728542327881 8099
1762936871205 4.445037841796875 8399
1762936897920 4.426243782043457 8699
1762936925036 4.313309192657471 8999
1762936952049 4.370292663574219 9299
1762936978671 4.372910022735596 9599
1762937005427 4.279382705688477 9899
1762937032294 4.329946994781494 10199
1762937059078 4.267556190490723 10499
1762937086011 4.249143600463867 10799
1762937113095 4.158045291900635 11099
1762937140216 4.201376914978027 11399
1762937167291 4.152897834777832 11699
1762937194339 4.210927486419678 11999
1762937221228 3.992372751235962 12299
1762937247698 3.962630033493042 12599
1762937274069 4.058878421783447 12899
1762937300770 4.018383502960205 13199
1762937327257 4.071808338165283 13499
1762937352928 4.008096218109131 13799
1762937377745 4.0429301261901855 14099
1762937404549 4.03198766708374 14399
1762937431814 3.9804182052612305 14699
1762937458780 4.001862525939941 14999
1762937485133 4.004255294799805 15299
1762937512541 3.982485055923462 15599
1762937539663 3.965167284011841 15899
1762937566730 3.9866371154785156 16199
1762937593702 3.959911346435547 16499
1762937620512 3.9000115394592285 16799
1762937647067 3.913069725036621 17099
1762937672974 3.984703540802002 17399
1762937699815 3.9147849082946777 17699
1762937727220 3.9604332447052 17999
1762937754191 3.851500988006592 18299
1762937781123 3.9190518856048584 18599
1762937807755 3.948214054107666 18899
1762937835160 3.911214828491211 19199
1762937862318 3.8894107341766357 19499
1762937889332 3.8821897506713867 19799
1762937916301 3.8572254180908203 20099
1762937943216 3.8900959491729736 20399
1762937969707 3.851353645324707 20699
1762937995568 3.90165114402771 20999
1762938020621 3.827970027923584 21299
1762938045544 3.840660810470581 21599
1762938071934 3.8667187690734863 21899
1762938099260 3.8660037517547607 22199
1762938124645 3.8725316524505615 22499
1762938149527 3.8662142753601074 22799
1762938174758 3.8871843814849854 23099
1762938200474 3.8302764892578125 23399
1762938227678 3.860499382019043 23699
1762938254846 3.8794476985931396 23999
1762938281824 3.8355789184570312 24299
1762938308542 3.8215084075927734 24599
1762938334712 3.872495412826538 24899
1762938361560 3.8874197006225586 25199
1762938388563 3.848611354827881 25499
1762938415172 3.837785243988037 25799
1762938441392 3.833620309829712 26099
1762938467878 3.805088520050049 26399
1762938494933 3.8351259231567383 26699
1762938521752 3.786315441131592 26999
1762938548340 3.803469657897949 27299
1762938575235 3.843510866165161 27599
1762938602203 3.857379913330078 27899
1762938629228 3.836509943008423 28199
1762938656269 3.803959608078003 28499
1762938682746 3.8753371238708496 28799
1762938709157 3.812880516052246 29099
1762938735306 3.8624720573425293 29399
1762938761484 3.8185391426086426 29699
1762938787860 3.8689463138580322 29999
1762938814664 3.7955479621887207 30299
1762938841350 3.804731845855713 30599
1762938868170 3.8053126335144043 30899
1762938895197 3.756852149963379 31199
1762938922019 3.806507110595703 31499
1762938949359 3.8534860610961914 31799
1762938976362 3.8393659591674805 32099
1762939003436 3.7887442111968994 32399
1762939030439 3.786614179611206 32699
