1762936147813 7.206998825073242 299
1762936173933 2.098548412322998 599
1762936200543 1.4564536809921265 899
1762936227465 1.199792742729187 1199
1762936253206 0.9403261542320251 1499
1762936279862 0.8841659426689148 1799
1762936306517 0.8165442943572998 2099
1762936333480 0.7941795587539673 2399
1762936360327 0.7435175180435181 2699
1762936387088 0.7034348249435425 2999
1762936414046 0.6743125915527344 3299
1762936441254 0.641964316368103 3599
1762936468670 0.5953605771064758 3899
1762936495695 0.5740660429000854 4199
1762936522277 0.6336396336555481 4499
1762936548763 0.573825478553772 4799
1762936575242 0.5834828615188599 5099
1762936602281 0.5241920948028564 5399
1762936629204 0.5415944457054138 5699
1762936656075 0.5531632900238037 5999
1762936682787 0.5118005871772766 6299
1762936709217 0.5232622027397156 6599
1762936736460 0.5349007248878479 6899
1762936763311 0.48299333453178406 7199
1762936790319 0.5020308494567871 7499
1762936817414 0.5343710780143738 7799
1762936844445 0.51343834400177 8099
1762936871205 0.5204399228096008 8399
1762936897920 0.48733970522880554 8699
1762936925036 0.5160748958587646 8999
1762936952049 0.46860450506210327 9299
1762936978671 0.5292667150497437 9599
1762937005427 0.4822896420955658 9899
1762937032294 0.4780520498752594 10199
1762937059078 0.4918845295906067 10499
1762937086011 0.4820061922073364 10799
1762937113095 0.4631761610507965 11099
1762937140216 0.45193150639533997 11399
1762937167291 0.47558829188346863 11699
1762937194339 0.4785776436328888 11999
1762937221228 0.4063723385334015 12299
1762937247698 0.39737069606781006 12599
1762937274069 0.4300902783870697 12899
1762937300770 0.4136247932910919 13199
1762937327257 0.4029487073421478 13499
1762937352928 0.40547868609428406 13799
1762937377745 0.420409619808197 14099
1762937404549 0.4033559560775757 14399
1762937431814 0.40362870693206787 14699
1762937458780 0.4098213016986847 14999
1762937485133 0.40176302194595337 15299
1762937512541 0.4094715118408203 15599
1762937539663 0.41117194294929504 15899
1762937566730 0.41385188698768616 16199
1762937593702 0.4113559424877167 16499
1762937620512 0.40718361735343933 16799
1762937647067 0.4107465147972107 17099
1762937672974 0.4076058864593506 17399
1762937699815 0.40541529655456543 17699
1762937727220 0.39582309126853943 17999
1762937754191 0.3934367597103119 18299
1762937781123 0.3793945014476776 18599
1762937807755 0.3871222138404846 18899
1762937835160 0.39599063992500305 19199
1762937862318 0.38112738728523254 19499
1762937889332 0.37748774886131287 19799
1762937916301 0.3886614143848419 20099
1762937943216 0.3956874907016754 20399
1762937969707 0.3915870189666748 20699
1762937995568 0.3770052194595337 20999
1762938020621 0.38243937492370605 21299
1762938045544 0.39232853055000305 21599
1762938071934 0.37624162435531616 21899
1762938099260 0.3908390402793884 22199
1762938124645 0.3887852132320404 22499
1762938149527 0.37999916076660156 22799
1762938174758 0.3923734128475189 23099
1762938200474 0.37926629185676575 23399
1762938227678 0.3838711977005005 23699
1762938254846 0.3822852075099945 23999
1762938281824 0.3930772542953491 24299
1762938308542 0.37424492835998535 24599
1762938334712 0.39622071385383606 24899
1762938361560 0.39230749011039734 25199
1762938388563 0.3924613296985626 25499
1762938415172 0.38667938113212585 25799
1762938441392 0.3725321292877197 26099
1762938467878 0.3728511333465576 26399
1762938494933 0.3891233503818512 26699
1762938521752 0.3796665072441101 26999
1762938548340 0.38132423162460327 27299
1762938575235 0.3927456736564636 27599
1762938602203 0.3969389498233795 27899
1762938629228 0.3770250380039215 28199
1762938656269 0.3800129294395447 28499
1762938682746 0.38469547033309937 28799
1762938709157 0.35911643505096436 29099
1762938735306 0.39793065190315247 29399
1762938761484 0.37049373984336853 29699
1762938787860 0.3692520558834076 29999
1762938814664 0.37761038541793823 30299
1762938841350 0.3957991600036621 30599
1762938868170 0.37478235363960266 30899
1762938895197 0.3849143385887146 31199
1762938922019 0.3890327513217926 31499
1762938949359 0.3687213361263275 31799
1762938976362 0.36394715309143066 32099
1762939003436 0.36012664437294006 32399
1762939030439 0.37623605132102966 32699
