1762936147813 10.650032997131348 299
1762936173933 6.6118879318237305 599
1762936200543 6.043114185333252 899
1762936227465 5.656947612762451 1199
1762936253206 5.41165018081665 1499
1762936279862 5.460597991943359 1799
1762936306517 5.280484199523926 2099
1762936333480 5.164209842681885 2399
1762936360327 5.291049957275391 2699
1762936387088 5.118291854858398 2999
1762936414046 5.048841953277588 3299
1762936441254 5.05994987487793 3599
1762936468670 4.861400127410889 3899
1762936495695 4.922001838684082 4199
1762936522277 4.773502349853516 4499
1762936548763 4.8548431396484375 4799
1762936575242 4.915892601013184 5099
1762936602281 4.758535385131836 5399
1762936629204 4.687111854553223 5699
1762936656075 4.613511085510254 5999
1762936682787 4.727789878845215 6299
1762936709217 4.548131465911865 6599
1762936736460 4.723663330078125 6899
1762936763311 4.532915115356445 7199
1762936790319 4.545673370361328 7499
1762936817414 4.511901378631592 7799
1762936844445 4.528038501739502 8099
1762936871205 4.405473232269287 8399
1762936897920 4.572285175323486 8699
1762936925036 4.536844730377197 8999
1762936952049 4.437589168548584 9299
1762936978671 4.454819202423096 9599
1762937005427 4.291703701019287 9899
1762937032294 4.488162517547607 10199
1762937059078 4.509056568145752 10499
1762937086011 4.238395690917969 10799
1762937113095 4.230264186859131 11099
1762937140216 4.175594329833984 11399
1762937167291 4.229533672332764 11699
1762937194339 4.3036675453186035 11999
1762937221228 4.005185604095459 12299
1762937247698 4.029436111450195 12599
1762937274069 4.267338752746582 12899
1762937300770 4.156576633453369 13199
1762937327257 4.13383150100708 13499
1762937352928 4.096608638763428 13799
1762937377745 4.087379455566406 14099
1762937404549 4.184338092803955 14399
1762937431814 4.08433198928833 14699
1762937458780 3.9235808849334717 14999
1762937485133 4.014235019683838 15299
1762937512541 3.970142126083374 15599
1762937539663 4.085784435272217 15899
1762937566730 4.119474411010742 16199
1762937593702 4.078116416931152 16499
1762937620512 3.996190071105957 16799
1762937647067 4.065008163452148 17099
1762937672974 4.112114429473877 17399
1762937699815 3.934885263442993 17699
1762937727220 3.9182956218719482 17999
1762937754191 3.967254161834717 18299
1762937781123 3.952603340148926 18599
1762937807755 3.986908197402954 18899
1762937835160 3.9837751388549805 19199
1762937862318 3.89852237701416 19499
1762937889332 3.8525190353393555 19799
1762937916301 4.045183181762695 20099
1762937943216 4.039726734161377 20399
1762937969707 3.9238345623016357 20699
1762937995568 4.036922931671143 20999
1762938020621 3.785663366317749 21299
1762938045544 3.8527777194976807 21599
1762938071934 3.8029394149780273 21899
1762938099260 3.9862430095672607 22199
1762938124645 3.9522013664245605 22499
1762938149527 3.992086172103882 22799
1762938174758 3.9381368160247803 23099
1762938200474 3.948274612426758 23399
1762938227678 3.8676323890686035 23699
1762938254846 3.856234312057495 23999
1762938281824 3.857200860977173 24299
1762938308542 3.853090763092041 24599
1762938334712 3.9223337173461914 24899
1762938361560 4.000259876251221 25199
1762938388563 3.919504165649414 25499
1762938415172 3.856627941131592 25799
1762938441392 3.894500494003296 26099
1762938467878 3.8948850631713867 26399
1762938494933 3.955139636993408 26699
1762938521752 3.972324848175049 26999
1762938548340 3.830793857574463 27299
1762938575235 3.9586374759674072 27599
1762938602203 3.9020004272460938 27899
1762938629228 3.9160797595977783 28199
1762938656269 3.797945261001587 28499
1762938682746 3.841195583343506 28799
1762938709157 3.8678345680236816 29099
1762938735306 3.9959259033203125 29399
1762938761484 3.932799816131592 29699
1762938787860 3.9680047035217285 29999
1762938814664 3.866691827774048 30299
1762938841350 3.8258376121520996 30599
1762938868170 3.8453595638275146 30899
1762938895197 3.821593999862671 31199
1762938922019 3.896298885345459 31499
1762938949359 3.869438648223877 31799
1762938976362 3.8138649463653564 32099
1762939003436 3.789365291595459 32399
1762939030439 3.820570230484009 32699
