1762936147813 2.8261728286743164 299
1762936173933 2.1413893699645996 599
1762936200543 2.063441753387451 899
1762936227465 2.0226268768310547 1199
1762936253206 1.9871454238891602 1499
1762936279862 1.9713698625564575 1799
1762936306517 1.9843155145645142 2099
1762936333480 1.9459518194198608 2399
1762936360327 1.939496397972107 2699
1762936387088 1.9190337657928467 2999
1762936414046 1.9177639484405518 3299
1762936441254 1.9014743566513062 3599
1762936468670 1.8935091495513916 3899
1762936495695 1.893079400062561 4199
1762936522277 1.8806082010269165 4499
1762936548763 1.8804055452346802 4799
1762936575242 1.8778722286224365 5099
1762936602281 1.8725625276565552 5399
1762936629204 1.8726446628570557 5699
1762936656075 1.8432214260101318 5999
1762936682787 1.8336644172668457 6299
1762936709217 1.8393504619598389 6599
1762936736460 1.8428642749786377 6899
1762936763311 1.8216445446014404 7199
1762936790319 1.828048825263977 7499
1762936817414 1.8161818981170654 7799
1762936844445 1.8211041688919067 8099
1762936871205 1.8177930116653442 8399
1762936897920 1.8176023960113525 8699
1762936925036 1.7938501834869385 8999
1762936952049 1.8072515726089478 9299
1762936978671 1.8037441968917847 9599
1762937005427 1.783290147781372 9899
1762937032294 1.7962700128555298 10199
1762937059078 1.7890591621398926 10499
1762937086011 1.7714508771896362 10799
1762937113095 1.7561779022216797 11099
1762937140216 1.7692253589630127 11399
1762937167291 1.7546801567077637 11699
1762937194339 1.7673665285110474 11999
1762937221228 1.7202026844024658 12299
1762937247698 1.7111260890960693 12599
1762937274069 1.7409045696258545 12899
1762937300770 1.726784586906433 13199
1762937327257 1.7369080781936646 13499
1762937352928 1.7218891382217407 13799
1762937377745 1.7278244495391846 14099
1762937404549 1.7222665548324585 14399
1762937431814 1.7173908948898315 14699
1762937458780 1.7248023748397827 14999
1762937485133 1.719485878944397 15299
1762937512541 1.7160450220108032 15599
1762937539663 1.7128764390945435 15899
1762937566730 1.7192639112472534 16199
1762937593702 1.7133784294128418 16499
1762937620512 1.6996548175811768 16799
1762937647067 1.699216365814209 17099
1762937672974 1.7227660417556763 17399
1762937699815 1.699498176574707 17699
1762937727220 1.7041451930999756 17999
1762937754191 1.682155728340149 18299
1762937781123 1.695666790008545 18599
1762937807755 1.7023694515228271 18899
1762937835160 1.6978371143341064 19199
1762937862318 1.690191388130188 19499
1762937889332 1.6892977952957153 19799
1762937916301 1.6819019317626953 20099
1762937943216 1.6962355375289917 20399
1762937969707 1.6839511394500732 20699
1762937995568 1.6960349082946777 20999
1762938020621 1.6767977476119995 21299
1762938045544 1.6740037202835083 21599
1762938071934 1.6884698867797852 21899
1762938099260 1.6874572038650513 22199
1762938124645 1.6900209188461304 22499
1762938149527 1.6925016641616821 22799
1762938174758 1.7015146017074585 23099
1762938200474 1.675206184387207 23399
1762938227678 1.6823937892913818 23699
1762938254846 1.684998869895935 23999
1762938281824 1.681816816329956 24299
1762938308542 1.6788970232009888 24599
1762938334712 1.6866992712020874 24899
1762938361560 1.688518762588501 25199
1762938388563 1.6776812076568604 25499
1762938415172 1.6793131828308105 25799
1762938441392 1.6722731590270996 26099
1762938467878 1.6720926761627197 26399
1762938494933 1.6721153259277344 26699
1762938521752 1.6714081764221191 26999
1762938548340 1.6760770082473755 27299
1762938575235 1.6831306219100952 27599
1762938602203 1.6896343231201172 27899
1762938629228 1.6838185787200928 28199
1762938656269 1.6719449758529663 28499
1762938682746 1.6832058429718018 28799
1762938709157 1.6720026731491089 29099
1762938735306 1.6884405612945557 29399
1762938761484 1.6775997877120972 29699
1762938787860 1.6845113039016724 29999
1762938814664 1.6735575199127197 30299
1762938841350 1.6771032810211182 30599
1762938868170 1.6706660985946655 30899
1762938895197 1.6641113758087158 31199
1762938922019 1.6675736904144287 31499
1762938949359 1.6865226030349731 31799
1762938976362 1.6803845167160034 32099
1762939003436 1.665050745010376 32399
1762939030439 1.6712929010391235 32699
