1762889280065 0.0 299
1762889280183 0.0 299
1762890086914 1.0 599
1762890087030 1.0 599
1762890893132 2.0 899
1762890893257 2.0 899
1762891699507 3.0 1199
1762891699619 3.0 1199
1762892506045 4.0 1499
1762892506170 4.0 1499
1762893312457 5.0 1799
1762893312570 5.0 1799
1762894118647 6.0 2099
1762894118677 6.0 2099
1762894924818 7.0 2399
1762894924846 7.0 2399
1762895731053 8.0 2699
1762895731084 8.0 2699
1762896537278 9.0 2999
1762896537307 9.0 2999
1762897343561 10.0 3299
1762897343676 10.0 3299
1762898149883 11.0 3599
1762898149914 11.0 3599
1762898956154 12.0 3899
1762898956184 12.0 3899
1762899762536 13.0 4199
1762899762655 13.0 4199
1762900568641 14.0 4499
1762900568668 14.0 4499
1762901374546 15.0 4799
1762901374583 15.0 4799
1762902180719 16.0 5099
1762902180757 16.0 5099
1762902987048 17.0 5399
1762902987083 17.0 5399
1762903793255 18.0 5699
1762903793287 18.0 5699
1762904599454 19.0 5999
1762904599485 19.0 5999
1762905405884 20.0 6299
1762905405914 20.0 6299
1762906212351 21.0 6599
1762906212471 21.0 6599
1762907018818 22.0 6899
1762907018847 22.0 6899
1762907824989 23.0 7199
1762907825019 23.0 7199
1762908631255 24.0 7499
1762908631284 24.0 7499
1762909437521 25.0 7799
1762909437553 25.0 7799
1762910244078 26.0 8099
1762910244108 26.0 8099
1762911050285 27.0 8399
1762911050315 27.0 8399
1762911856608 28.0 8699
1762911856636 28.0 8699
1762912662982 29.0 8999
1762912663015 29.0 8999
1762913469298 30.0 9299
1762913469328 30.0 9299
1762914275658 31.0 9599
1762914275688 31.0 9599
1762915081790 32.0 9899
1762915081820 32.0 9899
1762915888031 33.0 10199
1762915888067 33.0 10199
1762916694417 34.0 10499
1762916694447 34.0 10499
1762917500677 35.0 10799
1762917500710 35.0 10799
