1762888604597 0.001 49
1762888737160 0.001 99
1762888869842 0.001 149
1762889002484 0.001 199
1762889135180 0.001 249
1762889267794 0.001 299
1762889410349 0.001 349
1762889543171 0.001 399
1762889676012 0.001 449
1762889808811 0.001 499
1762889941705 0.001 549
1762890074507 0.001 599
1762890217176 0.001 649
1762890349925 0.001 699
1762890482672 0.001 749
1762890615402 0.001 799
1762890748221 0.001 849
1762890881023 0.001 899
1762891023443 0.001 949
1762891156238 0.001 999
1762891289003 0.001 1049
1762891421761 0.001 1099
1762891554548 0.001 1149
1762891687317 0.001 1199
1762891829796 0.001 1249
1762891962515 0.001 1299
1762892095288 0.001 1349
1762892228085 0.001 1399
1762892360932 0.001 1449
1762892493684 0.001 1499
1762892636376 0.001 1549
1762892769210 0.001 1599
1762892901968 0.001 1649
1762893034808 0.001 1699
1762893167576 0.001 1749
1762893300345 0.001 1799
1762893442677 0.001 1849
1762893575451 0.001 1899
1762893708246 0.001 1949
1762893840991 0.001 1999
1762893973693 0.001 2049
1762894106466 0.001 2099
1762894248828 0.001 2149
1762894381606 0.001 2199
1762894514359 0.001 2249
1762894647091 0.001 2299
1762894779921 0.001 2349
1762894912640 0.001 2399
1762895054987 0.001 2449
1762895187713 0.001 2499
1762895320538 0.001 2549
1762895453274 0.001 2599
1762895586047 0.001 2649
1762895718793 0.001 2699
1762895861272 0.001 2749
1762895994013 0.001 2799
1762896126799 0.001 2849
1762896259633 0.001 2899
1762896392397 0.001 2949
1762896525174 0.001 2999
1762896667476 0.001 3049
1762896800269 0.001 3099
1762896933067 0.001 3149
1762897065887 0.001 3199
1762897198634 0.001 3249
1762897331401 0.001 3299
1762897473862 0.001 3349
1762897606636 0.001 3399
1762897739361 0.001 3449
1762897872110 0.001 3499
1762898004908 0.001 3549
1762898137682 0.001 3599
1762898280047 0.001 3649
1762898412826 0.001 3699
1762898545624 0.001 3749
1762898678415 0.001 3799
1762898811200 0.001 3849
1762898943965 0.001 3899
1762899086322 0.001 3949
1762899219111 0.001 3999
1762899351880 0.001 4049
1762899484637 0.001 4099
1762899617465 0.001 4149
1762899750209 0.001 4199
1762899892982 0.001 4249
1762900025838 0.001 4299
1762900158475 0.001 4349
1762900291152 0.001 4399
1762900423763 0.001 4449
1762900556462 0.001 4499
1762900698742 0.001 4549
1762900831451 0.001 4599
1762900964116 0.001 4649
1762901096814 0.001 4699
1762901229592 0.001 4749
1762901362266 0.001 4799
1762901504744 0.001 4849
1762901637522 0.001 4899
1762901770352 0.001 4949
1762901903164 0.001 4999
1762902035923 0.001 5049
1762902168645 0.001 5099
1762902310856 0.001 5149
1762902443720 0.001 5199
1762902576470 0.001 5249
1762902709234 0.001 5299
1762902841985 0.001 5349
1762902974748 0.001 5399
1762903117179 0.001 5449
1762903249954 0.001 5499
1762903382702 0.001 5549
1762903515468 0.001 5599
1762903648295 0.001 5649
1762903781052 0.001 5699
1762903923471 0.001 5749
1762904056238 0.001 5799
1762904189007 0.001 5849
1762904321696 0.001 5899
1762904454488 0.001 5949
1762904587261 0.001 5999
1762904729663 0.001 6049
1762904862508 0.001 6099
1762904995312 0.001 6149
1762905128115 0.001 6199
1762905260883 0.001 6249
1762905393734 0.001 6299
1762905536088 0.001 6349
1762905668914 0.001 6399
1762905801718 0.001 6449
1762905934496 0.001 6499
1762906067290 0.001 6549
1762906200100 0.001 6599
1762906342600 0.001 6649
1762906475454 0.001 6699
1762906608189 0.001 6749
1762906740940 0.001 6799
1762906873690 0.001 6849
1762907006518 0.001 6899
1762907148949 0.001 6949
1762907281677 0.001 6999
1762907414401 0.001 7049
1762907547210 0.001 7099
1762907680063 0.001 7149
1762907812883 0.001 7199
1762907955173 0.001 7249
1762908087919 0.001 7299
1762908220703 0.001 7349
1762908353525 0.001 7399
1762908486337 0.001 7449
1762908619074 0.001 7499
1762908761394 0.001 7549
1762908894221 0.001 7599
1762909026985 0.001 7649
1762909159744 0.001 7699
1762909292595 0.001 7749
1762909425259 0.001 7799
1762909567747 0.001 7849
1762909700603 0.001 7899
1762909833373 0.001 7949
1762909966185 0.001 7999
1762910098971 0.001 8049
1762910231802 0.001 8099
1762910374269 0.001 8149
1762910507054 0.001 8199
1762910639821 0.001 8249
1762910772578 0.001 8299
1762910905347 0.001 8349
1762911038151 0.001 8399
1762911180432 0.001 8449
1762911313257 0.001 8499
1762911446058 0.001 8549
1762911578891 0.001 8599
1762911711675 0.001 8649
1762911844492 0.001 8699
1762911986785 0.001 8749
1762912119591 0.001 8799
1762912252344 0.001 8849
1762912385154 0.001 8899
1762912517905 0.001 8949
1762912650721 0.001 8999
1762912793219 0.001 9049
1762912925938 0.001 9099
1762913058785 0.001 9149
1762913191623 0.001 9199
1762913324376 0.001 9249
1762913457210 0.001 9299
1762913599440 0.001 9349
1762913732298 0.001 9399
1762913865146 0.001 9449
1762913997891 0.001 9499
1762914130669 0.001 9549
1762914263448 0.001 9599
1762914405793 0.001 9649
1762914538523 0.001 9699
1762914671262 0.001 9749
1762914804056 0.001 9799
1762914936850 0.001 9849
1762915069637 0.001 9899
1762915211943 0.001 9949
1762915344686 0.001 9999
1762915477399 0.001 10049
1762915610169 0.001 10099
1762915742919 0.001 10149
1762915875684 0.001 10199
1762916018302 0.001 10249
1762916151028 0.001 10299
1762916283834 0.001 10349
1762916416657 0.001 10399
1762916549485 0.001 10449
1762916682305 0.001 10499
1762916824641 0.001 10549
1762916957414 0.001 10599
1762917090201 0.001 10649
1762917222985 0.001 10699
1762917355739 0.001 10749
1762917488479 0.001 10799
1762917630896 0.001 10849
1762917763659 0.001 10899
1762917896442 0.001 10949
1762918029146 0.001 10999
