1762889280183 1.9149272441864014 299
1762890087030 1.4327489137649536 599
1762890893257 1.3742951154708862 899
1762891699619 1.3449453115463257 1199
1762892506170 1.3130396604537964 1499
1762893312570 1.2946423292160034 1799
1762894118677 1.2666983604431152 2099
1762894924846 1.258903980255127 2399
1762895731084 1.2478446960449219 2699
1762896537307 1.2457648515701294 2999
1762897343676 1.2358362674713135 3299
1762898149914 1.222291111946106 3599
1762898956184 1.1993719339370728 3899
1762899762655 1.200138807296753 4199
1762900568668 1.1865297555923462 4499
1762901374583 1.167419672012329 4799
1762902180757 1.1595367193222046 5099
1762902987083 1.1422743797302246 5399
1762903793287 1.1438277959823608 5699
1762904599485 1.1273555755615234 5999
1762905405914 1.1143887042999268 6299
1762906212471 1.117400884628296 6599
1762907018847 1.0990734100341797 6899
1762907825019 1.080387830734253 7199
1762908631284 1.073752760887146 7499
1762909437553 1.054809331893921 7799
1762910244108 1.042565941810608 8099
1762911050315 1.0265114307403564 8399
1762911856636 1.0230711698532104 8699
1762912663015 1.0123614072799683 8999
1762913469328 1.0038931369781494 9299
1762914275688 0.9812763333320618 9599
1762915081820 1.0178965330123901 9899
1762915888067 1.1301623582839966 10199
1762916694447 0.9991101622581482 10499
1762917500710 0.9660775661468506 10799
