1762889280183 2.804429769515991 299
1762890087030 2.228647232055664 599
1762890893257 2.1484875679016113 899
1762891699619 2.130214214324951 1199
1762892506170 2.103991746902466 1499
1762893312570 2.072920799255371 1799
1762894118677 2.0350606441497803 2099
1762894924846 2.0304152965545654 2399
1762895731084 2.0034072399139404 2699
1762896537307 2.02958083152771 2999
1762897343676 1.9921737909317017 3299
1762898149914 1.982623815536499 3599
1762898956184 1.9584261178970337 3899
1762899762655 1.935457706451416 4199
1762900568668 1.9205073118209839 4499
1762901374583 1.9118316173553467 4799
1762902180757 1.9102550745010376 5099
1762902987083 1.8607769012451172 5399
1762903793287 1.8492799997329712 5699
1762904599485 1.8276339769363403 5999
1762905405914 1.8293935060501099 6299
1762906212471 1.8198926448822021 6599
1762907018847 1.8035540580749512 6899
1762907825019 1.782150149345398 7199
1762908631284 1.7504578828811646 7499
1762909437553 1.72710120677948 7799
1762910244108 1.722056269645691 8099
1762911050315 1.6969586610794067 8399
1762911856636 1.6862910985946655 8699
1762912663015 1.675634503364563 8999
1762913469328 1.6510934829711914 9299
1762914275688 1.6295719146728516 9599
1762915081820 1.7033218145370483 9899
1762915888067 1.8284895420074463 10199
1762916694447 1.6493632793426514 10499
1762917500710 1.5937731266021729 10799
