1762889280183 2.189516067504883 299
1762890087030 1.6635074615478516 599
1762890893257 1.5979684591293335 899
1762891699619 1.5790987014770508 1199
1762892506170 1.5543761253356934 1499
1762893312570 1.530125379562378 1799
1762894118677 1.50193452835083 2099
1762894924846 1.4966979026794434 2399
1762895731084 1.4716744422912598 2699
1762896537307 1.4900169372558594 2999
1762897343676 1.4624788761138916 3299
1762898149914 1.4524322748184204 3599
1762898956184 1.4314805269241333 3899
1762899762655 1.4169710874557495 4199
1762900568668 1.4019544124603271 4499
1762901374583 1.3968571424484253 4799
1762902180757 1.3972212076187134 5099
1762902987083 1.3618212938308716 5399
1762903793287 1.350773572921753 5699
1762904599485 1.335336446762085 5999
1762905405914 1.3325599431991577 6299
1762906212471 1.3280444145202637 6599
1762907018847 1.3134349584579468 6899
1762907825019 1.2954436540603638 7199
1762908631284 1.2738454341888428 7499
1762909437553 1.2557820081710815 7799
1762910244108 1.2491888999938965 8099
1762911050315 1.22980535030365 8399
1762911856636 1.22128427028656 8699
1762912663015 1.2152283191680908 8999
1762913469328 1.1961215734481812 9299
1762914275688 1.1802808046340942 9599
1762915081820 1.199796199798584 9899
1762915888067 1.3340845108032227 10199
1762916694447 1.1956422328948975 10499
1762917500710 1.1520061492919922 10799
