1762889280183 1.6856954097747803 299
1762890087030 0.9327792525291443 599
1762890893257 0.8459336757659912 899
1762891699619 0.8312076330184937 1199
1762892506170 0.8195260167121887 1499
1762893312570 0.7873021960258484 1799
1762894118677 0.7684662342071533 2099
1762894924846 0.7670775651931763 2399
1762895731084 0.7658444046974182 2699
1762896537307 0.7496205568313599 2999
1762897343676 0.75196772813797 3299
1762898149914 0.7440817952156067 3599
1762898956184 0.7396244406700134 3899
1762899762655 0.7324017286300659 4199
1762900568668 0.7129120230674744 4499
1762901374583 0.7172815203666687 4799
1762902180757 0.7123095393180847 5099
1762902987083 0.7079116106033325 5399
1762903793287 0.7087074518203735 5699
1762904599485 0.6961238980293274 5999
1762905405914 0.6956431269645691 6299
1762906212471 0.7015437483787537 6599
1762907018847 0.6929465532302856 6899
1762907825019 0.689079999923706 7199
1762908631284 0.691979706287384 7499
1762909437553 0.6821624040603638 7799
1762910244108 0.6785547733306885 8099
1762911050315 0.6735455989837646 8399
1762911856636 0.6817624568939209 8699
1762912663015 0.6716539263725281 8999
1762913469328 0.6702108979225159 9299
1762914275688 0.66301429271698 9599
1762915081820 0.6896329522132874 9899
1762915888067 0.7441359162330627 10199
1762916694447 0.6729104518890381 10499
1762917500710 0.6595873236656189 10799
