1762889280183 5.963167190551758 299
1762890087030 2.114743709564209 599
1762890893257 1.732770562171936 899
1762891699619 1.7069919109344482 1199
1762892506170 1.6016196012496948 1499
1762893312570 1.4817450046539307 1799
1762894118677 1.4161458015441895 2099
1762894924846 1.4258513450622559 2399
1762895731084 1.32703697681427 2699
1762896537307 1.3432846069335938 2999
1762897343676 1.3395287990570068 3299
1762898149914 1.2758917808532715 3599
1762898956184 1.2624986171722412 3899
1762899762655 1.3146746158599854 4199
1762900568668 1.2188167572021484 4499
1762901374583 1.2267659902572632 4799
1762902180757 1.2255606651306152 5099
1762902987083 1.2182188034057617 5399
1762903793287 1.2020820379257202 5699
1762904599485 1.1439635753631592 5999
1762905405914 1.1574174165725708 6299
1762906212471 1.1348180770874023 6599
1762907018847 1.1209057569503784 6899
1762907825019 1.0885932445526123 7199
1762908631284 1.14630925655365 7499
1762909437553 1.1048527956008911 7799
1762910244108 1.0787705183029175 8099
1762911050315 1.0667208433151245 8399
1762911856636 1.1241470575332642 8699
1762912663015 1.107032299041748 8999
1762913469328 1.0449954271316528 9299
1762914275688 1.0520095825195312 9599
1762915081820 1.030286192893982 9899
1762915888067 1.2710683345794678 10199
1762916694447 1.0970895290374756 10499
1762917500710 1.0203853845596313 10799
