1762889280183 1.805822730064392 299
1762890087030 1.2653214931488037 599
1762890893257 1.1916892528533936 899
1762891699619 1.1622002124786377 1199
1762892506170 1.1437394618988037 1499
1762893312570 1.1148122549057007 1799
1762894118677 1.0951378345489502 2099
1762894924846 1.0883406400680542 2399
1762895731084 1.07546067237854 2699
1762896537307 1.0734459161758423 2999
1762897343676 1.0639047622680664 3299
1762898149914 1.0544731616973877 3599
1762898956184 1.0373198986053467 3899
1762899762655 1.0329220294952393 4199
1762900568668 1.0172799825668335 4499
1762901374583 1.0091100931167603 4799
1762902180757 1.0046250820159912 5099
1762902987083 0.9875792264938354 5399
1762903793287 0.9895802736282349 5699
1762904599485 0.9736920595169067 5999
1762905405914 0.96647047996521 6299
1762906212471 0.9711618423461914 6599
1762907018847 0.9595658779144287 6899
1762907825019 0.9453831911087036 7199
1762908631284 0.939762532711029 7499
1762909437553 0.9254839420318604 7799
1762910244108 0.9178557395935059 8099
1762911050315 0.905148446559906 8399
1762911856636 0.9050433039665222 8699
1762912663015 0.8966936469078064 8999
1762913469328 0.8883594274520874 9299
1762914275688 0.8757387399673462 9599
1762915081820 0.9326689839363098 9899
1762915888067 0.9979108572006226 10199
1762916694447 0.8899713754653931 10499
1762917500710 0.8645227551460266 10799
