1762889280183 2.5892105102539062 299
1762890087030 1.8516395092010498 599
1762890893257 1.7462449073791504 899
1762891699619 1.704237699508667 1199
1762892506170 1.676927089691162 1499
1762893312570 1.6348621845245361 1799
1762894118677 1.6066209077835083 2099
1762894924846 1.5974732637405396 2399
1762895731084 1.5781018733978271 2699
1762896537307 1.577244520187378 2999
1762897343676 1.5632810592651367 3299
1762898149914 1.5470600128173828 3599
1762898956184 1.524088978767395 3899
1762899762655 1.5157675743103027 4199
1762900568668 1.4942245483398438 4499
1762901374583 1.4831109046936035 4799
1762902180757 1.4754979610443115 5099
1762902987083 1.451314091682434 5399
1762903793287 1.4534419775009155 5699
1762904599485 1.4295812845230103 5999
1762905405914 1.4210121631622314 6299
1762906212471 1.4252840280532837 6599
1762907018847 1.4104949235916138 6899
1762907825019 1.3895655870437622 7199
1762908631284 1.380057454109192 7499
1762909437553 1.3591853380203247 7799
1762910244108 1.3483690023422241 8099
1762911050315 1.33009672164917 8399
1762911856636 1.3296476602554321 8699
1762912663015 1.3174400329589844 8999
1762913469328 1.305904746055603 9299
1762914275688 1.2874603271484375 9599
1762915081820 1.3630098104476929 9899
1762915888067 1.4666849374771118 10199
1762916694447 1.3077770471572876 10499
1762917500710 1.2708207368850708 10799
