1762889280183 13.192543983459473 299
1762890087030 8.824085235595703 599
1762890893257 8.071372032165527 899
1762891699619 7.799347877502441 1199
1762892506170 7.536630630493164 1499
1762893312570 7.447990894317627 1799
1762894118677 7.139675140380859 2099
1762894924846 7.227580547332764 2399
1762895731084 6.705471992492676 2699
1762896537307 7.0852370262146 2999
1762897343676 6.857243061065674 3299
1762898149914 6.447086811065674 3599
1762898956184 6.334556579589844 3899
1762899762655 6.42201566696167 4199
1762900568668 6.037837982177734 4499
1762901374583 6.2289018630981445 4799
1762902180757 6.069295406341553 5099
1762902987083 5.902919292449951 5399
1762903793287 5.948718547821045 5699
1762904599485 5.699378490447998 5999
1762905405914 5.585618019104004 6299
1762906212471 5.446702003479004 6599
1762907018847 5.4188995361328125 6899
1762907825019 5.305636882781982 7199
1762908631284 5.25426721572876 7499
1762909437553 5.058841228485107 7799
1762910244108 4.928828716278076 8099
1762911050315 4.775634765625 8399
1762911856636 4.776736259460449 8699
1762912663015 4.746390342712402 8999
1762913469328 4.640810489654541 9299
1762914275688 4.570586681365967 9599
1762915081820 4.354441165924072 9899
1762915888067 5.726043701171875 10199
1762916694447 4.729739189147949 10499
1762917500710 4.372262001037598 10799
