1762889280183 2.4522452354431152 299
1762890087030 1.358681321144104 599
1762890893257 1.2307307720184326 899
1762891699619 1.2115495204925537 1199
1762892506170 1.1939502954483032 1499
1762893312570 1.145799994468689 1799
1762894118677 1.1170917749404907 2099
1762894924846 1.1153861284255981 2399
1762895731084 1.1111624240875244 2699
1762896537307 1.090610146522522 2999
1762897343676 1.0943329334259033 3299
1762898149914 1.0820492506027222 3599
1762898956184 1.0781277418136597 3899
1762899762655 1.0657016038894653 4199
1762900568668 1.038873553276062 4499
1762901374583 1.046268105506897 4799
1762902180757 1.0365554094314575 5099
1762902987083 1.0314337015151978 5399
1762903793287 1.0334059000015259 5699
1762904599485 1.0125211477279663 5999
1762905405914 1.0135577917099 6299
1762906212471 1.0188164710998535 6599
1762907018847 1.0090655088424683 6899
1762907825019 1.0037468671798706 7199
1762908631284 1.007965326309204 7499
1762909437553 0.99338299036026 7799
1762910244108 0.9891393780708313 8099
1762911050315 0.9814867973327637 8399
1762911856636 0.9938352108001709 8699
1762912663015 0.9798853993415833 8999
1762913469328 0.9768412113189697 9299
1762914275688 0.9662518501281738 9599
1762915081820 1.003502607345581 9899
1762915888067 1.0839779376983643 10199
1762916694447 0.9796026945114136 10499
1762917500710 0.9611919522285461 10799
