1762889280183 3.124582052230835 299
1762890087030 2.427971124649048 599
1762890893257 2.3340630531311035 899
1762891699619 2.309736490249634 1199
1762892506170 2.2740137577056885 1499
1762893312570 2.2396936416625977 1799
1762894118677 2.1994450092315674 2099
1762894924846 2.192258834838867 2399
1762895731084 2.156766414642334 2699
1762896537307 2.187947988510132 2999
1762897343676 2.145078659057617 3299
1762898149914 2.1302490234375 3599
1762898956184 2.1022660732269287 3899
1762899762655 2.0801613330841064 4199
1762900568668 2.05660343170166 4499
1762901374583 2.0507400035858154 4799
1762902180757 2.0498955249786377 5099
1762902987083 1.9954129457473755 5399
1762903793287 1.9807037115097046 5699
1762904599485 1.955843448638916 5999
1762905405914 1.9562040567398071 6299
1762906212471 1.944777011871338 6599
1762907018847 1.9279457330703735 6899
1762907825019 1.9004420042037964 7199
1762908631284 1.8671458959579468 7499
1762909437553 1.8407615423202515 7799
1762910244108 1.8341177701950073 8099
1762911050315 1.8025383949279785 8399
1762911856636 1.7913181781768799 8699
1762912663015 1.7817230224609375 8999
1762913469328 1.755965232849121 9299
1762914275688 1.731833815574646 9599
1762915081820 1.7578375339508057 9899
1762915888067 1.9560480117797852 10199
1762916694447 1.754051685333252 10499
1762917500710 1.6902412176132202 10799
