1762889280183 12.082968711853027 299
1762890087030 7.102669715881348 599
1762890893257 6.56130838394165 899
1762891699619 6.105404853820801 1199
1762892506170 5.947547912597656 1499
1762893312570 5.774286270141602 1799
1762894118677 5.481658458709717 2099
1762894924846 5.476559638977051 2399
1762895731084 5.028146743774414 2699
1762896537307 5.355018615722656 2999
1762897343676 5.12480354309082 3299
1762898149914 4.894567489624023 3599
1762898956184 4.803459167480469 3899
1762899762655 4.93690824508667 4199
1762900568668 4.591442584991455 4499
1762901374583 4.629490375518799 4799
1762902180757 4.644251823425293 5099
1762902987083 4.49481201171875 5399
1762903793287 4.492140769958496 5699
1762904599485 4.387199401855469 5999
1762905405914 4.261266231536865 6299
1762906212471 4.135188102722168 6599
1762907018847 4.072283744812012 6899
1762907825019 4.00523042678833 7199
1762908631284 4.076112270355225 7499
1762909437553 3.862860918045044 7799
1762910244108 3.8257179260253906 8099
1762911050315 3.7129578590393066 8399
1762911856636 3.7249228954315186 8699
1762912663015 3.6772913932800293 8999
1762913469328 3.6281421184539795 9299
1762914275688 3.6883299350738525 9599
1762915081820 3.4526233673095703 9899
1762915888067 4.450838088989258 10199
1762916694447 3.710688352584839 10499
1762917500710 3.5338222980499268 10799
