1762889280183 1.9487720727920532 299
1762890087030 1.5162994861602783 599
1762890893257 1.4616371393203735 899
1762891699619 1.447242021560669 1199
1762892506170 1.4287525415420532 1499
1762893312570 1.4071153402328491 1799
1762894118677 1.381422758102417 2099
1762894924846 1.3782944679260254 2399
1762895731084 1.359352707862854 2699
1762896537307 1.3742763996124268 2999
1762897343676 1.351715326309204 3299
1762898149914 1.3444432020187378 3599
1762898956184 1.3268632888793945 3899
1762899762655 1.3124326467514038 4199
1762900568668 1.302612066268921 4499
1762901374583 1.2961512804031372 4799
1762902180757 1.29563570022583 5099
1762902987083 1.2634689807891846 5399
1762903793287 1.254440426826477 5699
1762904599485 1.2422029972076416 5999
1762905405914 1.2401796579360962 6299
1762906212471 1.236824631690979 6599
1762907018847 1.2227736711502075 6899
1762907825019 1.2089159488677979 7199
1762908631284 1.1887257099151611 7499
1762909437553 1.172964096069336 7799
1762910244108 1.1676453351974487 8099
1762911050315 1.1529805660247803 8399
1762911856636 1.145089864730835 8699
1762912663015 1.1380503177642822 8999
1762913469328 1.1197199821472168 9299
1762914275688 1.1056203842163086 9599
1762915081820 1.157967448234558 9899
1762915888067 1.240950107574463 10199
1762916694447 1.1195738315582275 10499
1762917500710 1.081373691558838 10799
