1762889280183 8.130788803100586 299
1762890087030 4.751345157623291 599
1762890893257 4.3127593994140625 899
1762891699619 4.164711952209473 1199
1762892506170 3.99794602394104 1499
1762893312570 3.884079933166504 1799
1762894118677 3.7508351802825928 2099
1762894924846 3.751539707183838 2399
1762895731084 3.4988322257995605 2699
1762896537307 3.671656370162964 2999
1762897343676 3.5274770259857178 3299
1762898149914 3.4031763076782227 3599
1762898956184 3.3203794956207275 3899
1762899762655 3.380169153213501 4199
1762900568668 3.178037643432617 4499
1762901374583 3.2270689010620117 4799
1762902180757 3.2045233249664307 5099
1762902987083 3.141683340072632 5399
1762903793287 3.1197261810302734 5699
1762904599485 3.0088725090026855 5999
1762905405914 2.9768424034118652 6299
1762906212471 2.912489175796509 6599
1762907018847 2.8826029300689697 6899
1762907825019 2.8016345500946045 7199
1762908631284 2.8178367614746094 7499
1762909437553 2.7114830017089844 7799
1762910244108 2.66540265083313 8099
1762911050315 2.5899159908294678 8399
1762911856636 2.5913541316986084 8699
1762912663015 2.5773801803588867 8999
1762913469328 2.5322699546813965 9299
1762914275688 2.522552490234375 9599
1762915081820 2.4104864597320557 9899
1762915888067 3.0742545127868652 10199
1762916694447 2.576612949371338 10499
1762917500710 2.417734146118164 10799
