1762889280183 1.8371919393539429 299
1762890087030 1.322377324104309 599
1762890893257 1.2486872673034668 899
1762891699619 1.2051093578338623 1199
1762892506170 1.1878197193145752 1499
1762893312570 1.1481975317001343 1799
1762894118677 1.139567255973816 2099
1762894924846 1.1245183944702148 2399
1762895731084 1.109492301940918 2699
1762896537307 1.1064453125 2999
1762897343676 1.097190499305725 3299
1762898149914 1.0886262655258179 3599
1762898956184 1.0642330646514893 3899
1762899762655 1.062950611114502 4199
1762900568668 1.0487991571426392 4499
1762901374583 1.0350463390350342 4799
1762902180757 1.0304464101791382 5099
1762902987083 1.0111229419708252 5399
1762903793287 1.018251895904541 5699
1762904599485 0.9966992139816284 5999
1762905405914 0.9873377084732056 6299
1762906212471 0.9939239621162415 6599
1762907018847 0.9804574251174927 6899
1762907825019 0.9691362380981445 7199
1762908631284 0.9600446224212646 7499
1762909437553 0.9491658210754395 7799
1762910244108 0.9414627552032471 8099
1762911050315 0.9215353727340698 8399
1762911856636 0.9259695410728455 8699
1762912663015 0.9169885516166687 8999
1762913469328 0.9063961505889893 9299
1762914275688 0.8964810967445374 9599
1762915081820 0.9590500593185425 9899
1762915888067 1.0307132005691528 10199
1762916694447 0.9107624888420105 10499
1762917500710 0.8867263197898865 10799
