1762889280183 1.5338691473007202 299
1762890087030 0.7209217548370361 599
1762890893257 0.6232588887214661 899
1762891699619 0.6186267137527466 1199
1762892506170 0.6008141040802002 1499
1762893312570 0.5791459679603577 1799
1762894118677 0.5588194131851196 2099
1762894924846 0.568718671798706 2399
1762895731084 0.5666101574897766 2699
1762896537307 0.5564717054367065 2999
1762897343676 0.557106614112854 3299
1762898149914 0.553128182888031 3599
1762898956184 0.5504046082496643 3899
1762899762655 0.5525647401809692 4199
1762900568668 0.5235405564308167 4499
1762901374583 0.5271579623222351 4799
1762902180757 0.5291549563407898 5099
1762902987083 0.524176299571991 5399
1762903793287 0.5321617126464844 5699
1762904599485 0.5140995383262634 5999
1762905405914 0.5198320746421814 6299
1762906212471 0.5227989554405212 6599
1762907018847 0.513392984867096 6899
1762907825019 0.5133764147758484 7199
1762908631284 0.5207450985908508 7499
1762909437553 0.5090047121047974 7799
1762910244108 0.5047622323036194 8099
1762911050315 0.503368616104126 8399
1762911856636 0.5088227391242981 8699
1762912663015 0.5058461427688599 8999
1762913469328 0.5003971457481384 9299
1762914275688 0.4964207708835602 9599
1762915081820 0.5256662964820862 9899
1762915888067 0.5705581903457642 10199
1762916694447 0.508648693561554 10499
1762917500710 0.4941915273666382 10799
