1762889280183 1.5643057823181152 299
1762890087030 0.8948471546173096 599
1762890893257 0.8146701455116272 899
1762891699619 0.8001134991645813 1199
1762892506170 0.7900663018226624 1499
1762893312570 0.7598946690559387 1799
1762894118677 0.7419547438621521 2099
1762894924846 0.7405954599380493 2399
1762895731084 0.7411139011383057 2699
1762896537307 0.7243836522102356 2999
1762897343676 0.7268533110618591 3299
1762898149914 0.7199968099594116 3599
1762898956184 0.7156209945678711 3899
1762899762655 0.7074804902076721 4199
1762900568668 0.6895904541015625 4499
1762901374583 0.6941631436347961 4799
1762902180757 0.6888560652732849 5099
1762902987083 0.6845810413360596 5399
1762903793287 0.6856648921966553 5699
1762904599485 0.6739621758460999 5999
1762905405914 0.6733489632606506 6299
1762906212471 0.6798375248908997 6599
1762907018847 0.6713801026344299 6899
1762907825019 0.6678563356399536 7199
1762908631284 0.6700466275215149 7499
1762909437553 0.6607401371002197 7799
1762910244108 0.6575790047645569 8099
1762911050315 0.6526854634284973 8399
1762911856636 0.6602393388748169 8699
1762912663015 0.6502790451049805 8999
1762913469328 0.6496924757957458 9299
1762914275688 0.6425372958183289 9599
1762915081820 0.6819325089454651 9899
1762915888067 0.7200011610984802 10199
1762916694447 0.6516067981719971 10499
1762917500710 0.6395054459571838 10799
