1762889280183 2.907747983932495 299
1762890087030 2.076629877090454 599
1762890893257 1.9526797533035278 899
1762891699619 1.881722331047058 1199
1762892506170 1.8498258590698242 1499
1762893312570 1.7916884422302246 1799
1762894118677 1.7702544927597046 2099
1762894924846 1.7508958578109741 2399
1762895731084 1.7181307077407837 2699
1762896537307 1.722460389137268 2999
1762897343676 1.7052375078201294 3299
1762898149914 1.6851787567138672 3599
1762898956184 1.6492255926132202 3899
1762899762655 1.6488640308380127 4199
1762900568668 1.6228667497634888 4499
1762901374583 1.6056194305419922 4799
1762902180757 1.5983940362930298 5099
1762902987083 1.5672372579574585 5399
1762903793287 1.574666142463684 5699
1762904599485 1.5430139303207397 5999
1762905405914 1.528916835784912 6299
1762906212471 1.5346605777740479 6599
1762907018847 1.5144731998443604 6899
1762907825019 1.4967634677886963 7199
1762908631284 1.4838913679122925 7499
1762909437553 1.464358925819397 7799
1762910244108 1.4516167640686035 8099
1762911050315 1.422101616859436 8399
1762911856636 1.4275085926055908 8699
1762912663015 1.4133801460266113 8999
1762913469328 1.3975642919540405 9299
1762914275688 1.384714126586914 9599
1762915081820 1.409374713897705 9899
1762915888067 1.5960429906845093 10199
1762916694447 1.4062299728393555 10499
1762917500710 1.3676586151123047 10799
