1762889280183 9.235730171203613 299
1762890087030 6.10291051864624 599
1762890893257 5.5999064445495605 899
1762891699619 5.4283270835876465 1199
1762892506170 5.256475925445557 1499
1762893312570 5.172698974609375 1799
1762894118677 4.9698100090026855 2099
1762894924846 5.01963472366333 2399
1762895731084 4.683962821960449 2699
1762896537307 4.929731845855713 2999
1762897343676 4.750368118286133 3299
1762898149914 4.498934745788574 3599
1762898956184 4.416198253631592 3899
1762899762655 4.469244956970215 4199
1762900568668 4.235436916351318 4499
1762901374583 4.33272123336792 4799
1762902180757 4.238530158996582 5099
1762902987083 4.1169233322143555 5399
1762903793287 4.159168720245361 5699
1762904599485 3.976881980895996 5999
1762905405914 3.924365282058716 6299
1762906212471 3.818384885787964 6599
1762907018847 3.814462661743164 6899
1762907825019 3.7171342372894287 7199
1762908631284 3.6860432624816895 7499
1762909437553 3.5438783168792725 7799
1762910244108 3.4682328701019287 8099
1762911050315 3.370176315307617 8399
1762911856636 3.3658368587493896 8699
1762912663015 3.3432440757751465 8999
1762913469328 3.262678384780884 9299
1762914275688 3.227384328842163 9599
1762915081820 3.074481248855591 9899
1762915888067 4.010005474090576 10199
1762916694447 3.315183162689209 10499
1762917500710 3.0894792079925537 10799
