1762889280183 2.033153772354126 299
1762890087030 1.0197639465332031 599
1762890893257 0.8852052688598633 899
1762891699619 0.8801330327987671 1199
1762892506170 0.8555799126625061 1499
1762893312570 0.8240693211555481 1799
1762894118677 0.7945387959480286 2099
1762894924846 0.8074855208396912 2399
1762895731084 0.8047755360603333 2699
1762896537307 0.7910851240158081 2999
1762897343676 0.7925318479537964 3299
1762898149914 0.7840626835823059 3599
1762898956184 0.7808741927146912 3899
1762899762655 0.7836020588874817 4199
1762900568668 0.7455497980117798 4499
1762901374583 0.7501726150512695 4799
1762902180757 0.7520151734352112 5099
1762902987083 0.7453534007072449 5399
1762903793287 0.7576049566268921 5699
1762904599485 0.731025755405426 5999
1762905405914 0.7383092045783997 6299
1762906212471 0.7437898516654968 6599
1762907018847 0.7319943308830261 6899
1762907825019 0.7304378151893616 7199
1762908631284 0.7404337525367737 7499
1762909437553 0.7244269251823425 7799
1762910244108 0.7195075154304504 8099
1762911050315 0.7182174324989319 8399
1762911856636 0.7244067788124084 8699
1762912663015 0.7198581099510193 8999
1762913469328 0.7144351601600647 9299
1762914275688 0.7073755264282227 9599
1762915081820 0.7848159670829773 9899
1762915888067 0.8117635846138 10199
1762916694447 0.7231970429420471 10499
1762917500710 0.7040889859199524 10799
