1762889280183 1.9979113340377808 299
1762890087030 1.357681155204773 599
1762890893257 1.2743948698043823 899
1762891699619 1.2415999174118042 1199
1762892506170 1.220018744468689 1499
1762893312570 1.1885197162628174 1799
1762894118677 1.1662015914916992 2099
1762894924846 1.1591739654541016 2399
1762895731084 1.1413384675979614 2699
1762896537307 1.1427730321884155 2999
1762897343676 1.13021981716156 3299
1762898149914 1.1180554628372192 3599
1762898956184 1.099395751953125 3899
1762899762655 1.0960010290145874 4199
1762900568668 1.0764049291610718 4499
1762901374583 1.0692421197891235 4799
1762902180757 1.0643317699432373 5099
1762902987083 1.0456645488739014 5399
1762903793287 1.0473921298980713 5699
1762904599485 1.029489517211914 5999
1762905405914 1.0213655233383179 6299
1762906212471 1.0249810218811035 6599
1762907018847 1.012713074684143 6899
1762907825019 0.9970446825027466 7199
1762908631284 0.9916887879371643 7499
1762909437553 0.9753381013870239 7799
1762910244108 0.9668867588043213 8099
1762911050315 0.9526098370552063 8399
1762911856636 0.9524997472763062 8699
1762912663015 0.9440255165100098 8999
1762913469328 0.9347029328346252 9299
1762914275688 0.9219130873680115 9599
1762915081820 0.9504457712173462 9899
1762915888067 1.054944634437561 10199
1762916694447 0.9370173215866089 10499
1762917500710 0.9087859392166138 10799
