1762889280183 10.327996253967285 299
1762890087030 4.7427849769592285 599
1762890893257 4.006838798522949 899
1762891699619 3.9373245239257812 1199
1762892506170 3.6892683506011963 1499
1762893312570 3.453388214111328 1799
1762894118677 3.3851468563079834 2099
1762894924846 3.312291145324707 2399
1762895731084 3.0685172080993652 2699
1762896537307 3.2046773433685303 2999
1762897343676 3.0891330242156982 3299
1762898149914 3.0144033432006836 3599
1762898956184 2.950789213180542 3899
1762899762655 3.0324435234069824 4199
1762900568668 2.8676042556762695 4499
1762901374583 2.826061964035034 4799
1762902180757 2.858630895614624 5099
1762902987083 2.860562324523926 5399
1762903793287 2.7831082344055176 5699
1762904599485 2.670980453491211 5999
1762905405914 2.6825404167175293 6299
1762906212471 2.6105310916900635 6599
1762907018847 2.564974784851074 6899
1762907825019 2.496514320373535 7199
1762908631284 2.568636417388916 7499
1762909437553 2.4837896823883057 7799
1762910244108 2.4001693725585938 8099
1762911050315 2.4578194618225098 8399
1762911856636 2.474047899246216 8699
1762912663015 2.4789929389953613 8999
1762913469328 2.381194829940796 9299
1762914275688 2.3736627101898193 9599
1762915081820 2.2777724266052246 9899
1762915888067 2.891920804977417 10199
1762916694447 2.413271188735962 10499
1762917500710 2.316699504852295 10799
