1762889280183 2.037247896194458 299
1762890087030 1.4169667959213257 599
1762890893257 1.334107518196106 899
1762891699619 1.2850844860076904 1199
1762892506170 1.2653666734695435 1499
1762893312570 1.2222771644592285 1799
1762894118677 1.2102429866790771 2099
1762894924846 1.1951193809509277 2399
1762895731084 1.1747726202011108 2699
1762896537307 1.1757395267486572 2999
1762897343676 1.1634035110473633 3299
1762898149914 1.1518630981445312 3599
1762898956184 1.1253823041915894 3899
1762899762655 1.1263723373413086 4199
1762900568668 1.107276439666748 4499
1762901374583 1.0941157341003418 4799
1762902180757 1.0895171165466309 5099
1762902987083 1.0683794021606445 5399
1762903793287 1.0756549835205078 5699
1762904599485 1.0527786016464233 5999
1762905405914 1.0418366193771362 6299
1762906212471 1.0472384691238403 6599
1762907018847 1.0326464176177979 6899
1762907825019 1.020235538482666 7199
1762908631284 1.0123270750045776 7499
1762909437553 0.998898446559906 7799
1762910244108 0.9904731512069702 8099
1762911050315 0.9692920446395874 8399
1762911856636 0.9736781716346741 8699
1762912663015 0.9639831185340881 8999
1762913469328 0.9526149034500122 9299
1762914275688 0.943619430065155 9599
1762915081820 0.9682518243789673 9899
1762915888067 1.088104486465454 10199
1762916694447 0.9580059051513672 10499
1762917500710 0.9321357011795044 10799
