1762889280183 8.448653221130371 299
1762890087030 4.962764263153076 599
1762890893257 4.567124366760254 899
1762891699619 4.287952423095703 1199
1762892506170 4.181572437286377 1499
1762893312570 4.035841464996338 1799
1762894118677 3.863416910171509 2099
1762894924846 3.8569412231445312 2399
1762895731084 3.5676310062408447 2699
1762896537307 3.773857355117798 2999
1762897343676 3.6212544441223145 3299
1762898149914 3.471287727355957 3599
1762898956184 3.372737407684326 3899
1762899762655 3.4825453758239746 4199
1762900568668 3.2392077445983887 4499
1762901374583 3.263631582260132 4799
1762902180757 3.261868953704834 5099
1762902987083 3.180940628051758 5399
1762903793287 3.178126096725464 5699
1762904599485 3.094940185546875 5999
1762905405914 3.0278303623199463 6299
1762906212471 2.9395124912261963 6599
1762907018847 2.9032680988311768 6899
1762907825019 2.835026502609253 7199
1762908631284 2.903329372406006 7499
1762909437553 2.755215644836426 7799
1762910244108 2.7246146202087402 8099
1762911050315 2.6415956020355225 8399
1762911856636 2.6420934200286865 8699
1762912663015 2.6103925704956055 8999
1762913469328 2.579130172729492 9299
1762914275688 2.6233558654785156 9599
1762915081820 2.4577012062072754 9899
1762915888067 3.15067458152771 10199
1762916694447 2.6345605850219727 10499
1762917500710 2.516861915588379 10799
