1762889280183 8.795270919799805 299
1762890087030 2.9327049255371094 599
1762890893257 2.341738224029541 899
1762891699619 2.3124964237213135 1199
1762892506170 2.1747539043426514 1499
1762893312570 2.003098726272583 1799
1762894118677 1.9143933057785034 2099
1762894924846 1.9279509782791138 2399
1762895731084 1.7867717742919922 2699
1762896537307 1.7918899059295654 2999
1762897343676 1.7920475006103516 3299
1762898149914 1.703072428703308 3599
1762898956184 1.6913936138153076 3899
1762899762655 1.7688294649124146 4199
1762900568668 1.6349173784255981 4499
1762901374583 1.6381340026855469 4799
1762902180757 1.642199993133545 5099
1762902987083 1.6209867000579834 5399
1762903793287 1.6071146726608276 5699
1762904599485 1.5226942300796509 5999
1762905405914 1.5514328479766846 6299
1762906212471 1.4943324327468872 6599
1762907018847 1.4817731380462646 6899
1762907825019 1.4563753604888916 7199
1762908631284 1.5407383441925049 7499
1762909437553 1.4845770597457886 7799
1762910244108 1.4363205432891846 8099
1762911050315 1.4170689582824707 8399
1762911856636 1.5062147378921509 8699
1762912663015 1.4861981868743896 8999
1762913469328 1.3797023296356201 9299
1762914275688 1.398419976234436 9599
1762915081820 1.3677148818969727 9899
1762915888067 1.7047312259674072 10199
1762916694447 1.4632790088653564 10499
1762917500710 1.3638101816177368 10799
