1762889280183 2.7296876907348633 299
1762890087030 2.1088082790374756 599
1762890893257 2.0226640701293945 899
1762891699619 1.977960228919983 1199
1762892506170 1.93022882938385 1499
1762893312570 1.9043558835983276 1799
1762894118677 1.8668640851974487 2099
1762894924846 1.852904200553894 2399
1762895731084 1.83808171749115 2699
1762896537307 1.8364208936691284 2999
1762897343676 1.8214622735977173 3299
1762898149914 1.797102451324463 3599
1762898956184 1.7663320302963257 3899
1762899762655 1.7634036540985107 4199
1762900568668 1.7464938163757324 4499
1762901374583 1.7171056270599365 4799
1762902180757 1.7058377265930176 5099
1762902987083 1.6817901134490967 5399
1762903793287 1.6833738088607788 5699
1762904599485 1.6581441164016724 5999
1762905405914 1.6410126686096191 6299
1762906212471 1.643155574798584 6599
1762907018847 1.619830846786499 6899
1762907825019 1.5906929969787598 7199
1762908631284 1.5764977931976318 7499
1762909437553 1.552534580230713 7799
1762910244108 1.5346660614013672 8099
1762911050315 1.5107529163360596 8399
1762911856636 1.5054019689559937 8699
1762912663015 1.4900516271591187 8999
1762913469328 1.479180097579956 9299
1762914275688 1.445191740989685 9599
1762915081820 1.491220474243164 9899
1762915888067 1.6638727188110352 10199
1762916694447 1.4703346490859985 10499
1762917500710 1.4223288297653198 10799
