1762889280183 2.753150701522827 299
1762890087030 1.715072512626648 599
1762890893257 1.5767383575439453 899
1762891699619 1.5236716270446777 1199
1762892506170 1.5049554109573364 1499
1762893312570 1.4499320983886719 1799
1762894118677 1.4219475984573364 2099
1762894924846 1.4119067192077637 2399
1762895731084 1.3864637613296509 2699
1762896537307 1.3776488304138184 2999
1762897343676 1.372693657875061 3299
1762898149914 1.3508728742599487 3599
1762898956184 1.3393337726593018 3899
1762899762655 1.3249855041503906 4199
1762900568668 1.302838921546936 4499
1762901374583 1.2991069555282593 4799
1762902180757 1.2980616092681885 5099
1762902987083 1.2813717126846313 5399
1762903793287 1.2787728309631348 5699
1762904599485 1.2608855962753296 5999
1762905405914 1.254008173942566 6299
1762906212471 1.2634035348892212 6599
1762907018847 1.2602976560592651 6899
1762907825019 1.2388150691986084 7199
1762908631284 1.2376600503921509 7499
1762909437553 1.2146368026733398 7799
1762910244108 1.2144622802734375 8099
1762911050315 1.2050880193710327 8399
1762911856636 1.2061723470687866 8699
1762912663015 1.1980481147766113 8999
1762913469328 1.190229892730713 9299
1762914275688 1.1767230033874512 9599
1762915081820 1.2536752223968506 9899
1762915888067 1.3304401636123657 10199
1762916694447 1.1981384754180908 10499
1762917500710 1.1722642183303833 10799
