1762889280183 2.5552480220794678 299
1762890087030 1.6315836906433105 599
1762890893257 1.5066341161727905 899
1762891699619 1.455720067024231 1199
1762892506170 1.4407435655593872 1499
1762893312570 1.3900288343429565 1799
1762894118677 1.363450288772583 2099
1762894924846 1.3547675609588623 2399
1762895731084 1.332767128944397 2699
1762896537307 1.321711540222168 2999
1762897343676 1.317987084388733 3299
1762898149914 1.2981802225112915 3599
1762898956184 1.287534236907959 3899
1762899762655 1.2715550661087036 4199
1762900568668 1.2516660690307617 4499
1762901374583 1.249169945716858 4799
1762902180757 1.247349739074707 5099
1762902987083 1.2309062480926514 5399
1762903793287 1.2296531200408936 5699
1762904599485 1.212682843208313 5999
1762905405914 1.2064146995544434 6299
1762906212471 1.2157350778579712 6599
1762907018847 1.2140856981277466 6899
1762907825019 1.1934717893600464 7199
1762908631284 1.1915982961654663 7499
1762909437553 1.1700859069824219 7799
1762910244108 1.1701788902282715 8099
1762911050315 1.1603729724884033 8399
1762911856636 1.1610829830169678 8699
1762912663015 1.152448058128357 8999
1762913469328 1.1467012166976929 9299
1762914275688 1.1336414813995361 9599
1762915081820 1.2219562530517578 9899
1762915888067 1.2784422636032104 10199
1762916694447 1.1542344093322754 10499
1762917500710 1.1299142837524414 10799
