1762889280183 2.642902374267578 299
1762890087030 1.9466938972473145 599
1762890893257 1.8361226320266724 899
1762891699619 1.7731152772903442 1199
1762892506170 1.7445240020751953 1499
1762893312570 1.6901054382324219 1799
1762894118677 1.6740467548370361 2099
1762894924846 1.6556719541549683 2399
1762895731084 1.630045771598816 2699
1762896537307 1.6283798217773438 2999
1762897343676 1.6157957315444946 3299
1762898149914 1.598846197128296 3599
1762898956184 1.5657891035079956 3899
1762899762655 1.5625373125076294 4199
1762900568668 1.5425136089324951 4499
1762901374583 1.5244700908660889 4799
1762902180757 1.5171711444854736 5099
1762902987083 1.489091396331787 5399
1762903793287 1.4969780445098877 5699
1762904599485 1.4664033651351929 5999
1762905405914 1.4546289443969727 6299
1762906212471 1.4616520404815674 6599
1762907018847 1.4422162771224976 6899
1762907825019 1.4273128509521484 7199
1762908631284 1.412950038909912 7499
1762909437553 1.3959883451461792 7799
1762910244108 1.3839106559753418 8099
1762911050315 1.3565852642059326 8399
1762911856636 1.3622701168060303 8699
1762912663015 1.348855972290039 8999
1762913469328 1.334334373474121 9299
1762914275688 1.319840908050537 9599
1762915081820 1.409251093864441 9899
1762915888067 1.5170700550079346 10199
1762916694447 1.3411448001861572 10499
1762917500710 1.3059219121932983 10799
