1762889280183 3.025907039642334 299
1762890087030 2.274296522140503 599
1762890893257 2.172543525695801 899
1762891699619 2.1210951805114746 1199
1762892506170 2.0680956840515137 1499
1762893312570 2.039458990097046 1799
1762894118677 1.9963079690933228 2099
1762894924846 1.9830567836761475 2399
1762895731084 1.959242582321167 2699
1762896537307 1.964046597480774 2999
1762897343676 1.9447211027145386 3299
1762898149914 1.9129130840301514 3599
1762898956184 1.878974437713623 3899
1762899762655 1.878490686416626 4199
1762900568668 1.8540862798690796 4499
1762901374583 1.8279749155044556 4799
1762902180757 1.814994215965271 5099
1762902987083 1.7858753204345703 5399
1762903793287 1.788149356842041 5699
1762904599485 1.759628415107727 5999
1762905405914 1.7397894859313965 6299
1762906212471 1.7390637397766113 6599
1762907018847 1.715978980064392 6899
1762907825019 1.6838229894638062 7199
1762908631284 1.6686735153198242 7499
1762909437553 1.6410479545593262 7799
1762910244108 1.621901273727417 8099
1762911050315 1.5950565338134766 8399
1762911856636 1.5896583795547485 8699
1762912663015 1.5743108987808228 8999
1762913469328 1.5604573488235474 9299
1762914275688 1.5245718955993652 9599
1762915081820 1.523133635520935 9899
1762915888067 1.7655574083328247 10199
1762916694447 1.5530083179473877 10499
1762917500710 1.4985170364379883 10799
