1762889280183 2.8568501472473145 299
1762890087030 1.9778587818145752 599
1762890893257 1.858909010887146 899
1762891699619 1.8120980262756348 1199
1762892506170 1.7805516719818115 1499
1762893312570 1.735137939453125 1799
1762894118677 1.7031816244125366 2099
1762894924846 1.6933262348175049 2399
1762895731084 1.6675082445144653 2699
1762896537307 1.6715269088745117 2999
1762897343676 1.6540449857711792 3299
1762898149914 1.6338731050491333 3599
1762898956184 1.6088162660598755 3899
1762899762655 1.6021767854690552 4199
1762900568668 1.5750328302383423 4499
1762901374583 1.5656328201293945 4799
1762902180757 1.5574246644973755 5099
1762902987083 1.5306031703948975 5399
1762903793287 1.5319199562072754 5699
1762904599485 1.5059282779693604 5999
1762905405914 1.4959826469421387 6299
1762906212471 1.4987515211105347 6599
1762907018847 1.4834942817687988 6899
1762907825019 1.4599989652633667 7199
1762908631284 1.4508439302444458 7499
1762909437553 1.4274276494979858 7799
1762910244108 1.415740728378296 8099
1762911050315 1.3952149152755737 8399
1762911856636 1.3948146104812622 8699
1762912663015 1.3826404809951782 8999
1762913469328 1.3694177865982056 9299
1762914275688 1.3505438566207886 9599
1762915081820 1.3876827955245972 9899
1762915888067 1.5449426174163818 10199
1762916694447 1.372408390045166 10499
1762917500710 1.3312956094741821 10799
