1762889280183 5.393060207366943 299
1762890087030 1.2307378053665161 599
1762890893257 0.8368424773216248 899
1762891699619 0.8385393023490906 1199
1762892506170 0.7296251058578491 1499
1762893312570 0.6759448051452637 1799
1762894118677 0.6298844218254089 2099
1762894924846 0.6971696615219116 2399
1762895731084 0.6062290072441101 2699
1762896537307 0.6248254776000977 2999
1762897343676 0.611118733882904 3299
1762898149914 0.5870711803436279 3599
1762898956184 0.595668613910675 3899
1762899762655 0.6478196978569031 4199
1762900568668 0.5365779995918274 4499
1762901374583 0.551071047782898 4799
1762902180757 0.5425335168838501 5099
1762902987083 0.5694230198860168 5399
1762903793287 0.5847378373146057 5699
1762904599485 0.51727694272995 5999
1762905405914 0.5507251620292664 6299
1762906212471 0.5113641023635864 6599
1762907018847 0.5084792375564575 6899
1762907825019 0.49518632888793945 7199
1762908631284 0.5364034175872803 7499
1762909437553 0.4950120747089386 7799
1762910244108 0.5128566026687622 8099
1762911050315 0.4943086802959442 8399
1762911856636 0.5202721357345581 8699
1762912663015 0.5367788672447205 8999
1762913469328 0.4684358537197113 9299
1762914275688 0.48611217737197876 9599
1762915081820 0.4846121072769165 9899
1762915888067 0.6400331258773804 10199
1762916694447 0.5250024199485779 10499
1762917500710 0.4790721535682678 10799
