1762889280183 1.9978721141815186 299
1762890087030 1.3576829433441162 599
1762890893257 1.27439546585083 899
1762891699619 1.2416071891784668 1199
1762892506170 1.2200247049331665 1499
1762893312570 1.188519835472107 1799
1762894118677 1.1662081480026245 2099
1762894924846 1.1591798067092896 2399
1762895731084 1.1413443088531494 2699
1762896537307 1.1427743434906006 2999
1762897343676 1.1302224397659302 3299
1762898149914 1.1180623769760132 3599
1762898956184 1.0993983745574951 3899
1762899762655 1.0960090160369873 4199
1762900568668 1.0764093399047852 4499
1762901374583 1.069253921508789 4799
1762902180757 1.0643330812454224 5099
1762902987083 1.0456771850585938 5399
1762903793287 1.0474016666412354 5699
1762904599485 1.0294952392578125 5999
1762905405914 1.0213712453842163 6299
1762906212471 1.0249868631362915 6599
1762907018847 1.0127195119857788 6899
1762907825019 0.9970507025718689 7199
1762908631284 0.9916886687278748 7499
1762909437553 0.9753446578979492 7799
1762910244108 0.9668907523155212 8099
1762911050315 0.9526112675666809 8399
1762911856636 0.9525019526481628 8699
1762912663015 0.9440271258354187 8999
1762913469328 0.9347030520439148 9299
1762914275688 0.9219126105308533 9599
1762915081820 0.9504802227020264 9899
1762915888067 1.0549395084381104 10199
1762916694447 0.9370219111442566 10499
1762917500710 0.9087907671928406 10799
