1762889280183 1.9171159267425537 299
1762890087030 1.1728917360305786 599
1762890893257 1.0797415971755981 899
1762891699619 1.0430471897125244 1199
1762892506170 1.0304803848266602 1499
1762893312570 0.993747889995575 1799
1762894118677 0.9754453301429749 2099
1762894924846 0.9663717746734619 2399
1762895731084 0.9497480988502502 2699
1762896537307 0.9430676698684692 2999
1762897343676 0.9391304850578308 3299
1762898149914 0.9251294136047363 3599
1762898956184 0.9167987704277039 3899
1762899762655 0.9079590439796448 4199
1762900568668 0.8907617926597595 4499
1762901374583 0.8877677321434021 4799
1762902180757 0.8878865838050842 5099
1762902987083 0.8757269978523254 5399
1762903793287 0.8747843503952026 5699
1762904599485 0.8628336191177368 5999
1762905405914 0.8569868206977844 6299
1762906212471 0.8631696701049805 6599
1762907018847 0.861627459526062 6899
1762907825019 0.8463776111602783 7199
1762908631284 0.8460410833358765 7499
1762909437553 0.830714225769043 7799
1762910244108 0.8304387927055359 8099
1762911050315 0.8232101798057556 8399
1762911856636 0.8238809704780579 8699
1762912663015 0.8177886605262756 8999
1762913469328 0.8128137588500977 9299
1762914275688 0.8034371733665466 9599
1762915081820 0.8494957685470581 9899
1762915888067 0.9084804654121399 10199
1762916694447 0.8184425830841064 10499
1762917500710 0.8001024723052979 10799
