1762889280183 9.735128402709961 299
1762890087030 7.066293239593506 599
1762890893257 6.670926094055176 899
1762891699619 6.504420757293701 1199
1762892506170 6.212820529937744 1499
1762893312570 6.117061138153076 1799
1762894118677 6.041868209838867 2099
1762894924846 5.97548246383667 2399
1762895731084 5.690460681915283 2699
1762896537307 5.866074562072754 2999
1762897343676 5.637845516204834 3299
1762898149914 5.533154010772705 3599
1762898956184 5.3630876541137695 3899
1762899762655 5.377391815185547 4199
1762900568668 5.128415107727051 4499
1762901374583 5.213414192199707 4799
1762902180757 5.248239040374756 5099
1762902987083 5.139963150024414 5399
1762903793287 5.0048651695251465 5699
1762904599485 4.880484580993652 5999
1762905405914 4.865327835083008 6299
1762906212471 4.806863784790039 6599
1762907018847 4.781649589538574 6899
1762907825019 4.5754289627075195 7199
1762908631284 4.494771480560303 7499
1762909437553 4.4127116203308105 7799
1762910244108 4.3447794914245605 8099
1762911050315 4.135427474975586 8399
1762911856636 4.1028876304626465 8699
1762912663015 4.118889331817627 8999
1762913469328 4.136660575866699 9299
1762914275688 4.048560619354248 9599
1762915081820 3.8668854236602783 9899
1762915888067 4.871187686920166 10199
1762916694447 4.123393535614014 10499
1762917500710 3.829353094100952 10799
