1762889280183 16.64874839782715 299
1762890087030 6.6871747970581055 599
1762890893257 5.9973578453063965 899
1762891699619 5.72157096862793 1199
1762892506170 5.54439640045166 1499
1762893312570 5.289144992828369 1799
1762894118677 5.101442813873291 2099
1762894924846 5.05079460144043 2399
1762895731084 4.914870262145996 2699
1762896537307 4.947994232177734 2999
1762897343676 4.837536334991455 3299
1762898149914 4.734273433685303 3599
1762898956184 4.566771984100342 3899
1762899762655 4.551797866821289 4199
1762900568668 4.415406227111816 4499
1762901374583 4.346996307373047 4799
1762902180757 4.306387424468994 5099
1762902987083 4.141657829284668 5399
1762903793287 4.163744926452637 5699
1762904599485 4.029292106628418 5999
1762905405914 3.9671409130096436 6299
1762906212471 3.9831531047821045 6599
1762907018847 3.9107413291931152 6899
1762907825019 3.776050329208374 7199
1762908631284 3.721745014190674 7499
1762909437553 3.601628541946411 7799
1762910244108 3.542231559753418 8099
1762911050315 3.433586359024048 8399
1762911856636 3.424018144607544 8699
1762912663015 3.367452621459961 8999
1762913469328 3.3036415576934814 9299
1762914275688 3.212221145629883 9599
1762915081820 275.91961669921875 9899
1762915888067 4.386623382568359 10199
1762916694447 3.311497211456299 10499
1762917500710 3.1191561222076416 10799
