1762889280183 7.846223831176758 299
1762890087030 1.6509127616882324 599
1762890893257 1.0871416330337524 899
1762891699619 1.099044919013977 1199
1762892506170 0.9380046129226685 1499
1762893312570 0.8768031001091003 1799
1762894118677 0.8124606013298035 2099
1762894924846 0.9035218358039856 2399
1762895731084 0.7754783034324646 2699
1762896537307 0.8051237463951111 2999
1762897343676 0.7820289134979248 3299
1762898149914 0.7486966252326965 3599
1762898956184 0.772800087928772 3899
1762899762655 0.8453078269958496 4199
1762900568668 0.6870412230491638 4499
1762901374583 0.7043735384941101 4799
1762902180757 0.6914823651313782 5099
1762902987083 0.7332072257995605 5399
1762903793287 0.7511584162712097 5699
1762904599485 0.6555756330490112 5999
1762905405914 0.7093234658241272 6299
1762906212471 0.6420947313308716 6599
1762907018847 0.6419532895088196 6899
1762907825019 0.6251763105392456 7199
1762908631284 0.6893301010131836 7499
1762909437553 0.6348708868026733 7799
1762910244108 0.6565505862236023 8099
1762911050315 0.6311213970184326 8399
1762911856636 0.6689502000808716 8699
1762912663015 0.6827402710914612 8999
1762913469328 0.5957492589950562 9299
1762914275688 0.6222563982009888 9599
1762915081820 0.6194349527359009 9899
1762915888067 0.8372658491134644 10199
1762916694447 0.6650060415267944 10499
1762917500710 0.6115741729736328 10799
