1762889280183 7.11195182800293 299
1762890087030 3.3526227474212646 599
1762890893257 2.8832874298095703 899
1762891699619 2.8176660537719727 1199
1762892506170 2.645667791366577 1499
1762893312570 2.489410877227783 1799
1762894118677 2.447765827178955 2099
1762894924846 2.3914453983306885 2399
1762895731084 2.2186028957366943 2699
1762896537307 2.309201717376709 2999
1762897343676 2.2386507987976074 3299
1762898149914 2.1739747524261475 3599
1762898956184 2.128596782684326 3899
1762899762655 2.1834728717803955 4199
1762900568668 2.069765090942383 4499
1762901374583 2.049316883087158 4799
1762902180757 2.0563650131225586 5099
1762902987083 2.0628468990325928 5399
1762903793287 2.0143518447875977 5699
1762904599485 1.9372832775115967 5999
1762905405914 1.931102991104126 6299
1762906212471 1.8915636539459229 6599
1762907018847 1.8665635585784912 6899
1762907825019 1.8212552070617676 7199
1762908631284 1.8635996580123901 7499
1762909437553 1.8046296834945679 7799
1762910244108 1.7502113580703735 8099
1762911050315 1.7793165445327759 8399
1762911856636 1.79564368724823 8699
1762912663015 1.7963733673095703 8999
1762913469328 1.7283767461776733 9299
1762914275688 1.7208133935928345 9599
1762915081820 1.6584774255752563 9899
1762915888067 2.0784528255462646 10199
1762916694447 1.7577741146087646 10499
1762917500710 1.6884187459945679 10799
