1762889280183 1.4248238801956177 299
1762890087030 0.6982322335243225 599
1762890893257 0.6062720417976379 899
1762891699619 0.601654052734375 1199
1762892506170 0.585277259349823 1499
1762893312570 0.5645455718040466 1799
1762894118677 0.5448363423347473 2099
1762894924846 0.5536954998970032 2399
1762895731084 0.5531885027885437 2699
1762896537307 0.5425420999526978 2999
1762897343676 0.5434610843658447 3299
1762898149914 0.5398894548416138 3599
1762898956184 0.5367981791496277 3899
1762899762655 0.538306713104248 4199
1762900568668 0.5112417340278625 4499
1762901374583 0.5144432783126831 4799
1762902180757 0.5163919925689697 5099
1762902987083 0.5111357569694519 5399
1762903793287 0.5188929438591003 5699
1762904599485 0.5019340515136719 5999
1762905405914 0.5069605112075806 6299
1762906212471 0.5107539296150208 6599
1762907018847 0.5014620423316956 6899
1762907825019 0.5015329718589783 7199
1762908631284 0.5084429979324341 7499
1762909437553 0.49717944860458374 7799
1762910244108 0.4926006495952606 8099
1762911050315 0.4916670024394989 8399
1762911856636 0.4966650903224945 8699
1762912663015 0.49334877729415894 8999
1762913469328 0.48892393708229065 9299
1762914275688 0.4845733642578125 9599
1762915081820 0.5405498743057251 9899
1762915888067 0.5562329292297363 10199
1762916694447 0.4962679147720337 10499
1762917500710 0.48256364464759827 10799
