1762889280183 2.2042970657348633 299
1762890087030 1.0514333248138428 599
1762890893257 0.9087986350059509 899
1762891699619 0.9033761620521545 1199
1762892506170 0.8777459859848022 1499
1762893312570 0.8446794152259827 1799
1762894118677 0.8136951923370361 2099
1762894924846 0.8273270726203918 2399
1762895731084 0.822727620601654 2699
1762896537307 0.8104315996170044 2999
1762897343676 0.8116499781608582 3299
1762898149914 0.8021828532218933 3599
1762898956184 0.7997668385505676 3899
1762899762655 0.803652822971344 4199
1762900568668 0.7618953585624695 4499
1762901374583 0.7683848142623901 4799
1762902180757 0.769207775592804 5099
1762902987083 0.7633318305015564 5399
1762903793287 0.7755945920944214 5699
1762904599485 0.7477001547813416 5999
1762905405914 0.7556366324424744 6299
1762906212471 0.7594332098960876 6599
1762907018847 0.7482726573944092 6899
1762907825019 0.7473275661468506 7199
1762908631284 0.7573198676109314 7499
1762909437553 0.7402119040489197 7799
1762910244108 0.7355563640594482 8099
1762911050315 0.7343705892562866 8399
1762911856636 0.7406056523323059 8699
1762912663015 0.7373262643814087 8999
1762913469328 0.7302649021148682 9299
1762914275688 0.7233989238739014 9599
1762915081820 0.7496041059494019 9899
1762915888067 0.8319693803787231 10199
1762916694447 0.7394060492515564 10499
1762917500710 0.7199341058731079 10799
