1762889280183 14.102784156799316 299
1762890087030 10.279950141906738 599
1762890893257 9.657727241516113 899
1762891699619 9.427139282226562 1199
1762892506170 8.950034141540527 1499
1762893312570 8.838033676147461 1799
1762894118677 8.733993530273438 2099
1762894924846 8.649639129638672 2399
1762895731084 8.197778701782227 2699
1762896537307 8.504998207092285 2999
1762897343676 8.169794082641602 3299
1762898149914 7.96457576751709 3599
1762898956184 7.766602039337158 3899
1762899762655 7.797245979309082 4199
1762900568668 7.367702960968018 4499
1762901374583 7.506865501403809 4799
1762902180757 7.574583530426025 5099
1762902987083 7.438948154449463 5399
1762903793287 7.207334995269775 5699
1762904599485 7.019543170928955 5999
1762905405914 7.02587890625 6299
1762906212471 6.906942367553711 6599
1762907018847 6.865077018737793 6899
1762907825019 6.578924179077148 7199
1762908631284 6.44253396987915 7499
1762909437553 6.342933177947998 7799
1762910244108 6.230269432067871 8099
1762911050315 5.931048393249512 8399
1762911856636 5.857217788696289 8699
1762912663015 5.9129791259765625 8999
1762913469328 5.935229778289795 9299
1762914275688 5.7645368576049805 9599
1762915081820 5.523698806762695 9899
1762915888067 6.970933437347412 10199
1762916694447 5.911749839782715 10499
1762917500710 5.486764430999756 10799
