1762889280183 1.7708715200424194 299
1762890087030 1.1122665405273438 599
1762890893257 1.0281275510787964 899
1762891699619 0.9930111765861511 1199
1762892506170 0.9829077124595642 1499
1762893312570 0.949293315410614 1799
1762894118677 0.9319404363632202 2099
1762894924846 0.9236360788345337 2399
1762895731084 0.9100525379180908 2699
1762896537307 0.901506245136261 2999
1762897343676 0.8988176584243774 3299
1762898149914 0.8863251805305481 3599
1762898956184 0.8784834742546082 3899
1762899762655 0.8684831857681274 4199
1762900568668 0.8534266352653503 4499
1762901374583 0.8506107330322266 4799
1762902180757 0.8506348729133606 5099
1762902987083 0.838359534740448 5399
1762903793287 0.8381646871566772 5699
1762904599485 0.827545166015625 5999
1762905405914 0.8221683502197266 6299
1762906212471 0.8286930918693542 6599
1762907018847 0.8276442289352417 6899
1762907825019 0.8129620552062988 7199
1762908631284 0.8120588660240173 7499
1762909437553 0.7978667616844177 7799
1762910244108 0.7981984615325928 8099
1762911050315 0.7906036972999573 8399
1762911856636 0.7910426259040833 8699
1762912663015 0.784911036491394 8999
1762913469328 0.7809835076332092 9299
1762914275688 0.7718371152877808 9599
1762915081820 0.8364208340644836 9899
1762915888067 0.8708495497703552 10199
1762916694447 0.7863108515739441 10499
1762917500710 0.7691124677658081 10799
