1762889280183 2.1405463218688965 299
1762890087030 1.5539909601211548 599
1762890893257 1.4837440252304077 899
1762891699619 1.4501456022262573 1199
1762892506170 1.4144494533538818 1499
1762893312570 1.3941187858581543 1799
1762894118677 1.3618205785751343 2099
1762894924846 1.3545235395431519 2399
1762895731084 1.336612343788147 2699
1762896537307 1.3392982482910156 2999
1762897343676 1.3254780769348145 3299
1762898149914 1.3067073822021484 3599
1762898956184 1.2817449569702148 3899
1762899762655 1.2837119102478027 4199
1762900568668 1.2653344869613647 4499
1762901374583 1.2477939128875732 4799
1762902180757 1.2387077808380127 5099
1762902987083 1.2182153463363647 5399
1762903793287 1.2206568717956543 5699
1762904599485 1.2008676528930664 5999
1762905405914 1.1865328550338745 6299
1762906212471 1.1877115964889526 6599
1762907018847 1.168877363204956 6899
1762907825019 1.148658037185669 7199
1762908631284 1.1412080526351929 7499
1762909437553 1.119409203529358 7799
1762910244108 1.105705976486206 8099
1762911050315 1.087709665298462 8399
1762911856636 1.0840126276016235 8699
1762912663015 1.0734270811080933 8999
1762913469328 1.0629163980484009 9299
1762914275688 1.039656639099121 9599
1762915081820 1.0448037385940552 9899
1762915888067 1.2043137550354004 10199
1762916694447 1.059189796447754 10499
1762917500710 1.0218102931976318 10799
