1762889280183 11.7636079788208 299
1762890087030 6.818335056304932 599
1762890893257 6.154513835906982 899
1762891699619 5.939023971557617 1199
1762892506170 5.6884870529174805 1499
1762893312570 5.542426109313965 1799
1762894118677 5.330945014953613 2099
1762894924846 5.336055278778076 2399
1762895731084 4.957403182983398 2699
1762896537307 5.232658863067627 2999
1762897343676 5.018359184265137 3299
1762898149914 4.825683116912842 3599
1762898956184 4.723489761352539 3899
1762899762655 4.807895183563232 4199
1762900568668 4.504152297973633 4499
1762901374583 4.583855152130127 4799
1762902180757 4.551213264465332 5099
1762902987083 4.455509185791016 5399
1762903793287 4.419246673583984 5699
1762904599485 4.260894298553467 5999
1762905405914 4.212569713592529 6299
1762906212471 4.1108903884887695 6599
1762907018847 4.065942287445068 6899
1762907825019 3.9617581367492676 7199
1762908631284 3.9728705883026123 7499
1762909437553 3.832261562347412 7799
1762910244108 3.7588067054748535 8099
1762911050315 3.650522470474243 8399
1762911856636 3.648590326309204 8699
1762912663015 3.6361186504364014 8999
1762913469328 3.5699896812438965 9299
1762914275688 3.5396785736083984 9599
1762915081820 3.3883862495422363 9899
1762915888067 4.348765850067139 10199
1762916694447 3.6321210861206055 10499
1762917500710 3.3981611728668213 10799
