1762889280183 2.2624034881591797 299
1762890087030 1.307202696800232 599
1762890893257 1.1883643865585327 899
1762891699619 1.1697521209716797 1199
1762892506170 1.1543095111846924 1499
1762893312570 1.108728051185608 1799
1762894118677 1.0816237926483154 2099
1762894924846 1.0794572830200195 2399
1762895731084 1.0784245729446411 2699
1762896537307 1.0569883584976196 2999
1762897343676 1.0595667362213135 3299
1762898149914 1.0491541624069214 3599
1762898956184 1.0460366010665894 3899
1762899762655 1.0316847562789917 4199
1762900568668 1.0077571868896484 4499
1762901374583 1.0143481492996216 4799
1762902180757 1.0047688484191895 5099
1762902987083 0.9998151659965515 5399
1762903793287 1.001911997795105 5699
1762904599485 0.9826666712760925 5999
1762905405914 0.9834705591201782 6299
1762906212471 0.9903463125228882 6599
1762907018847 0.9806652069091797 6899
1762907825019 0.9749194979667664 7199
1762908631284 0.9780493974685669 7499
1762909437553 0.9647424817085266 7799
1762910244108 0.9610468149185181 8099
1762911050315 0.9535074234008789 8399
1762911856636 0.9650189280509949 8699
1762912663015 0.9503117799758911 8999
1762913469328 0.9488731026649475 9299
1762914275688 0.9392003417015076 9599
1762915081820 0.9935936331748962 9899
1762915888067 1.051521897315979 10199
1762916694447 0.9510868191719055 10499
1762917500710 0.9342496395111084 10799
