1762854672987 0.0 299
1762854673111 0.0 299
1762855494466 1.0 599
1762855494587 1.0 599
1762856319207 2.0 899
1762856319346 2.0 899
1762857146336 3.0 1199
1762857146447 3.0 1199
1762857967240 4.0 1499
1762857967269 4.0 1499
1762858790327 5.0 1799
1762858790453 5.0 1799
1762859613810 6.0 2099
1762859613837 6.0 2099
1762860435646 7.0 2399
1762860435678 7.0 2399
1762861256688 8.0 2699
1762861256715 8.0 2699
1762862081617 9.0 2999
1762862081731 9.0 2999
1762862903159 10.0 3299
1762862903189 10.0 3299
1762863725622 11.0 3599
1762863725650 11.0 3599
1762864547886 12.0 3899
1762864547915 12.0 3899
1762865370604 13.0 4199
1762865370632 13.0 4199
1762866192747 14.0 4499
1762866192779 14.0 4499
1762867014825 15.0 4799
1762867014854 15.0 4799
1762867836823 16.0 5099
1762867836852 16.0 5099
1762868658842 17.0 5399
1762868658871 17.0 5399
1762869481032 18.0 5699
1762869481064 18.0 5699
1762870303819 19.0 5999
1762870303934 19.0 5999
1762871130637 20.0 6299
1762871130683 20.0 6299
1762871968019 21.0 6599
1762871968054 21.0 6599
1762872806477 22.0 6899
1762872806529 22.0 6899
1762873690864 23.0 7199
1762873690901 23.0 7199
1762874601807 24.0 7499
1762874601839 24.0 7499
1762875489361 25.0 7799
1762875489387 25.0 7799
1762876374979 26.0 8099
1762876375009 26.0 8099
1762877260824 27.0 8399
1762877260855 27.0 8399
1762878146487 28.0 8699
1762878146516 28.0 8699
1762879031832 29.0 8999
1762879031859 29.0 8999
1762879917242 30.0 9299
1762879917274 30.0 9299
1762880802812 31.0 9599
1762880802839 31.0 9599
1762881688280 32.0 9899
1762881688309 32.0 9899
1762882573760 33.0 10199
1762882573789 33.0 10199
1762883459064 34.0 10499
1762883459095 34.0 10499
1762884882975 35.0 10500
