1762853981437 0.001 49
1762854118344 0.001 99
1762854254138 0.001 149
1762854390100 0.001 199
1762854525422 0.001 249
1762854660845 0.001 299
1762854805811 0.001 349
1762854941086 0.001 399
1762855076370 0.001 449
1762855211709 0.001 499
1762855347021 0.001 549
1762855482255 0.001 599
1762855627145 0.001 649
1762855762657 0.001 699
1762855897937 0.001 749
1762856034176 0.001 799
1762856169963 0.001 849
1762856305995 0.001 899
1762856452206 0.001 949
1762856590274 0.001 999
1762856727147 0.001 1049
1762856863645 0.001 1099
1762856998939 0.001 1149
1762857134139 0.001 1199
1762857278998 0.001 1249
1762857414181 0.001 1299
1762857549399 0.001 1349
1762857684587 0.001 1399
1762857819797 0.001 1449
1762857954930 0.001 1499
1762858099956 0.001 1549
1762858235120 0.001 1599
1762858370832 0.001 1649
1762858506655 0.001 1699
1762858642169 0.001 1749
1762858777545 0.001 1799
1762858923205 0.001 1849
1762859058768 0.001 1899
1762859194341 0.001 1949
1762859329712 0.001 1999
1762859465311 0.001 2049
1762859600962 0.001 2099
1762859746670 0.001 2149
1762859882341 0.001 2199
1762860017817 0.001 2249
1762860153210 0.001 2299
1762860288346 0.001 2349
1762860423446 0.001 2399
1762860568237 0.001 2449
1762860703459 0.001 2499
1762860838720 0.001 2549
1762860974007 0.001 2599
1762861109236 0.001 2649
1762861244493 0.001 2699
1762861389378 0.001 2749
1762861524790 0.001 2799
1762861660731 0.001 2849
1762861797997 0.001 2899
1762861935185 0.001 2949
1762862070292 0.001 2999
1762862213610 0.001 3049
1762862348434 0.001 3099
1762862484552 0.001 3149
1762862619953 0.001 3199
1762862755489 0.001 3249
1762862890954 0.001 3299
1762863035966 0.001 3349
1762863171448 0.001 3399
1762863306927 0.001 3449
1762863442472 0.001 3499
1762863577938 0.001 3549
1762863713370 0.001 3599
1762863858402 0.001 3649
1762863993752 0.001 3699
1762864129139 0.001 3749
1762864264640 0.001 3799
1762864400125 0.001 3849
1762864535625 0.001 3899
1762864680630 0.001 3949
1762864816108 0.001 3999
1762864951646 0.001 4049
1762865087154 0.001 4099
1762865222744 0.001 4149
1762865358262 0.001 4199
1762865503339 0.001 4249
1762865638673 0.001 4299
1762865774137 0.001 4349
1762865909615 0.001 4399
1762866045101 0.001 4449
1762866180560 0.001 4499
1762866325685 0.001 4549
1762866461110 0.001 4599
1762866596559 0.001 4649
1762866731859 0.001 4699
1762866867197 0.001 4749
1762867002601 0.001 4799
1762867147520 0.001 4849
1762867282913 0.001 4899
1762867418403 0.001 4949
1762867553827 0.001 4999
1762867689204 0.001 5049
1762867824645 0.001 5099
1762867969476 0.001 5149
1762868104891 0.001 5199
1762868240276 0.001 5249
1762868375716 0.001 5299
1762868511189 0.001 5349
1762868646637 0.001 5399
1762868791571 0.001 5449
1762868926897 0.001 5499
1762869062323 0.001 5549
1762869197859 0.001 5599
1762869333301 0.001 5649
1762869468772 0.001 5699
1762869613914 0.001 5749
1762869749444 0.001 5799
1762869884974 0.001 5849
1762870020491 0.001 5899
1762870155970 0.001 5949
1762870291496 0.001 5999
1762870436696 0.001 6049
1762870572167 0.001 6099
1762870707743 0.001 6149
1762870843254 0.001 6199
1762870978845 0.001 6249
1762871117578 0.001 6299
1762871264975 0.001 6349
1762871401891 0.001 6399
1762871540074 0.001 6449
1762871677683 0.001 6499
1762871816560 0.001 6549
1762871955043 0.001 6599
1762872103123 0.001 6649
1762872240859 0.001 6699
1762872378800 0.001 6749
1762872516593 0.001 6799
1762872654731 0.001 6849
1762872793062 0.001 6899
1762872941722 0.001 6949
1762873083387 0.001 6999
1762873234160 0.001 7049
1762873382170 0.001 7099
1762873528376 0.001 7149
1762873676652 0.001 7199
1762873841106 0.001 7249
1762873994398 0.001 7299
1762874148367 0.001 7349
1762874296293 0.001 7399
1762874442756 0.001 7449
1762874589113 0.001 7499
1762874745208 0.001 7549
1762874891604 0.001 7599
1762875037895 0.001 7649
1762875184180 0.001 7699
1762875330534 0.001 7749
1762875476813 0.001 7799
1762875632714 0.001 7849
1762875778675 0.001 7899
1762875924608 0.001 7949
1762876070533 0.001 7999
1762876216560 0.001 8049
1762876362567 0.001 8099
1762876518092 0.001 8149
1762876664122 0.001 8199
1762876810130 0.001 8249
1762876956138 0.001 8299
1762877102114 0.001 8349
1762877248067 0.001 8399
1762877403919 0.001 8449
1762877549949 0.001 8499
1762877695926 0.001 8549
1762877841921 0.001 8599
1762877987913 0.001 8649
1762878133820 0.001 8699
1762878289566 0.001 8749
1762878435509 0.001 8799
1762878581577 0.001 8849
1762878727515 0.001 8899
1762878873499 0.001 8949
1762879019458 0.001 8999
1762879175009 0.001 9049
1762879320878 0.001 9099
1762879466841 0.001 9149
1762879612805 0.001 9199
1762879758713 0.001 9249
1762879904672 0.001 9299
1762880060381 0.001 9349
1762880206369 0.001 9399
1762880352334 0.001 9449
1762880498285 0.001 9499
1762880644238 0.001 9549
1762880790297 0.001 9599
1762880945914 0.001 9649
1762881091878 0.001 9699
1762881237876 0.001 9749
1762881383752 0.001 9799
1762881529700 0.001 9849
1762881675619 0.001 9899
1762881831363 0.001 9949
1762881977344 0.001 9999
1762882123341 0.001 10049
1762882269256 0.001 10099
1762882415219 0.001 10149
1762882561245 0.001 10199
1762882716836 0.001 10249
1762882862927 0.001 10299
1762883008898 0.001 10349
1762883154873 0.001 10399
1762883300771 0.001 10449
1762883446674 0.001 10499
