1762854673111 7.529842376708984 299
1762855494587 1.5898959636688232 599
1762856319346 1.163017749786377 899
1762857146447 1.0821526050567627 1199
1762857967269 1.1081279516220093 1499
1762858790453 1.0041691064834595 1799
1762859613837 0.93125981092453 2099
1762860435678 0.8545624017715454 2399
1762861256715 0.8591033816337585 2699
1762862081731 0.8621819019317627 2999
1762862903189 0.8001850843429565 3299
1762863725650 0.7454025149345398 3599
1762864547915 0.7860333919525146 3899
1762865370632 0.7995681762695312 4199
1762866192779 0.7816740274429321 4499
1762867014854 0.7953667640686035 4799
1762867836852 0.7798485159873962 5099
1762868658871 0.6859531402587891 5399
1762869481064 0.6644293665885925 5699
1762870303934 0.7089241743087769 5999
1762871130683 1.0984821319580078 6299
1762871968054 0.7190881371498108 6599
1762872806529 0.7149085998535156 6899
1762873690901 0.6833463907241821 7199
1762874601839 0.7146571278572083 7499
1762875489387 0.6533764600753784 7799
1762876375009 0.65311199426651 8099
1762877260855 0.7052024006843567 8399
1762878146516 0.6683363914489746 8699
1762879031859 0.6301823258399963 8999
1762879917274 0.593031108379364 9299
1762880802839 0.6498033404350281 9599
1762881688309 0.6644269227981567 9899
1762882573789 0.6217553615570068 10199
1762883459095 0.6652097105979919 10499
