1762854673111 1.9086321592330933 299
1762855494587 1.296030879020691 599
1762856319346 1.247025728225708 899
1762857146447 1.2153240442276 1199
1762857967269 1.1821799278259277 1499
1762858790453 1.1513795852661133 1799
1762859613837 1.141770362854004 2099
1762860435678 1.1306804418563843 2399
1762861256715 1.1132335662841797 2699
1762862081731 1.0986465215682983 2999
1762862903189 1.0922162532806396 3299
1762863725650 1.0651607513427734 3599
1762864547915 1.0698051452636719 3899
1762865370632 1.056427240371704 4199
1762866192779 1.0403871536254883 4499
1762867014854 1.0369855165481567 4799
1762867836852 1.0379676818847656 5099
1762868658871 1.0048720836639404 5399
1762869481064 1.004692554473877 5699
1762870303934 0.9988983273506165 5999
1762871130683 1.1143815517425537 6299
1762871968054 0.9981395602226257 6599
1762872806529 0.9713425636291504 6899
1762873690901 0.9682307839393616 7199
1762874601839 0.9685148596763611 7499
1762875489387 0.9443055987358093 7799
1762876375009 0.9392017722129822 8099
1762877260855 0.9245141744613647 8399
1762878146516 0.9201673865318298 8699
1762879031859 0.91780024766922 8999
1762879917274 0.9008937478065491 9299
1762880802839 0.8957064151763916 9599
1762881688309 0.8837000131607056 9899
1762882573789 0.8722212314605713 10199
1762883459095 0.8791019916534424 10499
