1762854673111 8.728507995605469 299
1762855494587 2.8932111263275146 599
1762856319346 2.407766580581665 899
1762857146447 2.2915897369384766 1199
1762857967269 2.2655372619628906 1499
1762858790453 2.1059377193450928 1799
1762859613837 1.9578551054000854 2099
1762860435678 1.8300607204437256 2399
1762861256715 1.8399386405944824 2699
1762862081731 1.8347450494766235 2999
1762862903189 1.7329227924346924 3299
1762863725650 1.686350703239441 3599
1762864547915 1.6727871894836426 3899
1762865370632 1.7536303997039795 4199
1762866192779 1.7717632055282593 4499
1762867014854 1.6664785146713257 4799
1762867836852 1.676450252532959 5099
1762868658871 1.49781334400177 5399
1762869481064 1.5351347923278809 5699
1762870303934 1.5964183807373047 5999
1762871130683 2.023162841796875 6299
1762871968054 1.5141364336013794 6599
1762872806529 1.54678475856781 6899
1762873690901 1.5329375267028809 7199
1762874601839 1.5566025972366333 7499
1762875489387 1.4241981506347656 7799
1762876375009 1.4249863624572754 8099
1762877260855 1.4920117855072021 8399
1762878146516 1.4743781089782715 8699
1762879031859 1.3962247371673584 8999
1762879917274 1.368801236152649 9299
1762880802839 1.427872657775879 9599
1762881688309 1.416922926902771 9899
1762882573789 1.3678849935531616 10199
1762883459095 1.4467442035675049 10499
