1762854673111 1.5181342363357544 299
1762855494587 0.7103392481803894 599
1762856319346 0.6338435411453247 899
1762857146447 0.616382360458374 1199
1762857967269 0.6045708656311035 1499
1762858790453 0.5833240151405334 1799
1762859613837 0.5748671293258667 2099
1762860435678 0.5617994070053101 2399
1762861256715 0.5587558150291443 2699
1762862081731 0.5573283433914185 2999
1762862903189 0.5460618734359741 3299
1762863725650 0.5358220934867859 3599
1762864547915 0.5349767804145813 3899
1762865370632 0.5378265380859375 4199
1762866192779 0.5362066030502319 4499
1762867014854 0.5377692580223083 4799
1762867836852 0.5297475457191467 5099
1762868658871 0.5124988555908203 5399
1762869481064 0.5219764113426208 5699
1762870303934 0.5256533026695251 5999
1762871130683 0.6304644346237183 6299
1762871968054 0.5176044702529907 6599
1762872806529 0.5122066140174866 6899
1762873690901 0.5124930739402771 7199
1762874601839 0.5220224857330322 7499
1762875489387 0.5065590143203735 7799
1762876375009 0.5033627152442932 8099
1762877260855 0.5030907988548279 8399
1762878146516 0.5073965787887573 8699
1762879031859 0.5068102478981018 8999
1762879917274 0.4955850839614868 9299
1762880802839 0.5018444061279297 9599
1762881688309 0.49704509973526 9899
1762882573789 0.49699732661247253 10199
1762883459095 0.4953526556491852 10499
