1762854673111 1.9811160564422607 299
1762855494587 1.3303385972976685 599
1762856319346 1.2682892084121704 899
1762857146447 1.2343392372131348 1199
1762857967269 1.2176258563995361 1499
1762858790453 1.1867228746414185 1799
1762859613837 1.1697275638580322 2099
1762860435678 1.157151460647583 2399
1762861256715 1.1382548809051514 2699
1762862081731 1.1282135248184204 2999
1762862903189 1.121450424194336 3299
1762863725650 1.095853567123413 3599
1762864547915 1.0941784381866455 3899
1762865370632 1.0869522094726562 4199
1762866192779 1.0702382326126099 4499
1762867014854 1.0693986415863037 4799
1762867836852 1.0617560148239136 5099
1762868658871 1.0351365804672241 5399
1762869481064 1.0329465866088867 5699
1762870303934 1.0296571254730225 5999
1762871130683 1.1400915384292603 6299
1762871968054 1.0232467651367188 6599
1762872806529 1.0004079341888428 6899
1762873690901 0.9966485500335693 7199
1762874601839 0.9972755908966064 7499
1762875489387 0.9726921916007996 7799
1762876375009 0.9675814509391785 8099
1762877260855 0.9567344188690186 8399
1762878146516 0.9506859183311462 8699
1762879031859 0.9421406388282776 8999
1762879917274 0.9278492331504822 9299
1762880802839 0.9242070913314819 9599
1762881688309 0.9079830050468445 9899
1762882573789 0.8977782726287842 10199
1762883459095 0.9031853079795837 10499
