1762854673111 3.0405123233795166 299
1762855494587 2.2389371395111084 599
1762856319346 2.1467580795288086 899
1762857146447 2.099809408187866 1199
1762857967269 2.0903944969177246 1499
1762858790453 2.0418615341186523 1799
1762859613837 2.0139126777648926 2099
1762860435678 2.0063443183898926 2399
1762861256715 1.9514586925506592 2699
1762862081731 1.9476401805877686 2999
1762862903189 1.94118070602417 3299
1762863725650 1.8863344192504883 3599
1762864547915 1.8841397762298584 3899
1762865370632 1.864946961402893 4199
1762866192779 1.8347609043121338 4499
1762867014854 1.8270597457885742 4799
1762867836852 1.8188351392745972 5099
1762868658871 1.7804465293884277 5399
1762869481064 1.7606732845306396 5699
1762870303934 1.7566089630126953 5999
1762871130683 1.9154102802276611 6299
1762871968054 1.7455003261566162 6599
1762872806529 1.699408769607544 6899
1762873690901 1.691101312637329 7199
1762874601839 1.686905026435852 7499
1762875489387 1.6406580209732056 7799
1762876375009 1.6261959075927734 8099
1762877260855 1.6121348142623901 8399
1762878146516 1.5917747020721436 8699
1762879031859 1.575699806213379 8999
1762879917274 1.554619312286377 9299
1762880802839 1.5383609533309937 9599
1762881688309 1.5052975416183472 9899
1762882573789 1.4826478958129883 10199
1762883459095 1.4950593709945679 10499
