1762854673111 2.5679264068603516 299
1762855494587 1.8231483697891235 599
1762856319346 1.7396345138549805 899
1762857146447 1.6978085041046143 1199
1762857967269 1.673953652381897 1499
1762858790453 1.6332545280456543 1799
1762859613837 1.6137999296188354 2099
1762860435678 1.599677324295044 2399
1762861256715 1.5740032196044922 2699
1762862081731 1.5601482391357422 2999
1762862903189 1.552116870880127 3299
1762863725650 1.5184094905853271 3599
1762864547915 1.5161712169647217 3899
1762865370632 1.5048432350158691 4199
1762866192779 1.4829628467559814 4499
1762867014854 1.484222173690796 4799
1762867836852 1.4743640422821045 5099
1762868658871 1.44105863571167 5399
1762869481064 1.4359251260757446 5699
1762870303934 1.4293239116668701 5999
1762871130683 1.6043932437896729 6299
1762871968054 1.423255443572998 6599
1762872806529 1.3922840356826782 6899
1762873690901 1.3865997791290283 7199
1762874601839 1.3906967639923096 7499
1762875489387 1.3571248054504395 7799
1762876375009 1.349478840827942 8099
1762877260855 1.3334672451019287 8399
1762878146516 1.3258565664291382 8699
1762879031859 1.3177623748779297 8999
1762879917274 1.2978845834732056 9299
1762880802839 1.2910553216934204 9599
1762881688309 1.2696107625961304 9899
1762882573789 1.2565480470657349 10199
1762883459095 1.2634642124176025 10499
