1762854673111 2.996574878692627 299
1762855494587 2.0298826694488525 599
1762856319346 1.946722149848938 899
1762857146447 1.8901795148849487 1199
1762857967269 1.8439934253692627 1499
1762858790453 1.794053077697754 1799
1762859613837 1.775024175643921 2099
1762860435678 1.755944848060608 2399
1762861256715 1.7264957427978516 2699
1762862081731 1.706421971321106 2999
1762862903189 1.6974554061889648 3299
1762863725650 1.65218186378479 3599
1762864547915 1.6568039655685425 3899
1762865370632 1.6361838579177856 4199
1762866192779 1.6141031980514526 4499
1762867014854 1.6051936149597168 4799
1762867836852 1.6075671911239624 5099
1762868658871 1.5554986000061035 5399
1762869481064 1.5509122610092163 5699
1762870303934 1.5463039875030518 5999
1762871130683 1.7004677057266235 6299
1762871968054 1.5435993671417236 6599
1762872806529 1.5020325183868408 6899
1762873690901 1.4957318305969238 7199
1762874601839 1.4979742765426636 7499
1762875489387 1.4574790000915527 7799
1762876375009 1.4510765075683594 8099
1762877260855 1.4279448986053467 8399
1762878146516 1.4196748733520508 8699
1762879031859 1.4145747423171997 8999
1762879917274 1.3892563581466675 9299
1762880802839 1.3819894790649414 9599
1762881688309 1.3620166778564453 9899
1762882573789 1.3418450355529785 10199
1762883459095 1.3561267852783203 10499
