1762854673111 2.1560983657836914 299
1762855494587 1.0376601219177246 599
1762856319346 0.9246448278427124 899
1762857146447 0.8999415040016174 1199
1762857967269 0.8837668299674988 1499
1762858790453 0.8498134613037109 1799
1762859613837 0.8360713124275208 2099
1762860435678 0.8190418481826782 2399
1762861256715 0.8154667615890503 2699
1762862081731 0.8123953342437744 2999
1762862903189 0.7943889498710632 3299
1762863725650 0.7800764441490173 3599
1762864547915 0.7809208035469055 3899
1762865370632 0.782795250415802 4199
1762866192779 0.7828853726387024 4499
1762867014854 0.7838416695594788 4799
1762867836852 0.7734009623527527 5099
1762868658871 0.7477560639381409 5399
1762869481064 0.7596580386161804 5699
1762870303934 0.7651150226593018 5999
1762871130683 0.9173446893692017 6299
1762871968054 0.7571456432342529 6599
1762872806529 0.7468709945678711 6899
1762873690901 0.7457936406135559 7199
1762874601839 0.7619283199310303 7499
1762875489387 0.7383279204368591 7799
1762876375009 0.7340527176856995 8099
1762877260855 0.7335829734802246 8399
1762878146516 0.7404580116271973 8699
1762879031859 0.7391198873519897 8999
1762879917274 0.723262369632721 9299
1762880802839 0.7330908179283142 9599
1762881688309 0.7255381345748901 9899
1762882573789 0.7243115305900574 10199
1762883459095 0.7236760854721069 10499
