1762854673111 5.52838659286499 299
1762855494587 1.1846259832382202 599
1762856319346 0.884955644607544 899
1762857146447 0.8314652442932129 1199
1762857967269 0.8305703997612 1499
1762858790453 0.7744253873825073 1799
1762859613837 0.7247483134269714 2099
1762860435678 0.6649645566940308 2399
1762861256715 0.6673353314399719 2699
1762862081731 0.6752532720565796 2999
1762862903189 0.6232530474662781 3299
1762863725650 0.579653263092041 3599
1762864547915 0.6063225269317627 3899
1762865370632 0.6151095032691956 4199
1762866192779 0.6108661890029907 4499
1762867014854 0.612628698348999 4799
1762867836852 0.6042647361755371 5099
1762868658871 0.5279051065444946 5399
1762869481064 0.5256271958351135 5699
1762870303934 0.5531139969825745 5999
1762871130683 0.8297802209854126 6299
1762871968054 0.5576436519622803 6599
1762872806529 0.5539969205856323 6899
1762873690901 0.5383051633834839 7199
1762874601839 0.5526560544967651 7499
1762875489387 0.5050775408744812 7799
1762876375009 0.5061120390892029 8099
1762877260855 0.5464449524879456 8399
1762878146516 0.522200345993042 8699
1762879031859 0.4960503876209259 8999
1762879917274 0.46484166383743286 9299
1762880802839 0.5033987760543823 9599
1762881688309 0.5151294469833374 9899
1762882573789 0.4875986576080322 10199
1762883459095 0.5115070343017578 10499
