1762854673111 1.9811651706695557 299
1762855494587 1.3303462266921997 599
1762856319346 1.2682888507843018 899
1762857146447 1.2343469858169556 1199
1762857967269 1.2176291942596436 1499
1762858790453 1.1867256164550781 1799
1762859613837 1.1697313785552979 2099
1762860435678 1.1571507453918457 2399
1762861256715 1.1382625102996826 2699
1762862081731 1.128220558166504 2999
1762862903189 1.1214570999145508 3299
1762863725650 1.095861554145813 3599
1762864547915 1.094178318977356 3899
1762865370632 1.0869553089141846 4199
1762866192779 1.0702394247055054 4499
1762867014854 1.0694042444229126 4799
1762867836852 1.0617586374282837 5099
1762868658871 1.035136103630066 5399
1762869481064 1.0329524278640747 5699
1762870303934 1.0296612977981567 5999
1762871130683 1.1401113271713257 6299
1762871968054 1.023248314857483 6599
1762872806529 1.0004026889801025 6899
1762873690901 0.9966524243354797 7199
1762874601839 0.9972846508026123 7499
1762875489387 0.9726970195770264 7799
1762876375009 0.9675832986831665 8099
1762877260855 0.9567416310310364 8399
1762878146516 0.9506893157958984 8699
1762879031859 0.9421468377113342 8999
1762879917274 0.9278528094291687 9299
1762880802839 0.9242109060287476 9599
1762881688309 0.907990038394928 9899
1762882573789 0.8977815508842468 10199
1762883459095 0.9031914472579956 10499
