1762854673111 2.126046657562256 299
1762855494587 1.5305218696594238 599
1762856319346 1.4685161113739014 899
1762857146447 1.4374303817749023 1199
1762857967269 1.4273650646209717 1499
1762858790453 1.392857551574707 1799
1762859613837 1.3748780488967896 2099
1762860435678 1.3692874908447266 2399
1762861256715 1.3316839933395386 2699
1762862081731 1.32850980758667 2999
1762862903189 1.3229217529296875 3299
1762863725650 1.2861530780792236 3599
1762864547915 1.2863482236862183 3899
1762865370632 1.2739700078964233 4199
1762866192779 1.251799464225769 4499
1762867014854 1.2475647926330566 4799
1762867836852 1.2415531873703003 5099
1762868658871 1.2130651473999023 5399
1762869481064 1.2040659189224243 5699
1762870303934 1.1976804733276367 5999
1762871130683 1.3136097192764282 6299
1762871968054 1.190398931503296 6599
1762872806529 1.158223271369934 6899
1762873690901 1.1542149782180786 7199
1762874601839 1.1495258808135986 7499
1762875489387 1.1191933155059814 7799
1762876375009 1.1086629629135132 8099
1762877260855 1.098443627357483 8399
1762878146516 1.0847874879837036 8699
1762879031859 1.0735530853271484 8999
1762879917274 1.0597610473632812 9299
1762880802839 1.0494165420532227 9599
1762881688309 1.025482416152954 9899
1762882573789 1.0105191469192505 10199
1762883459095 1.0196502208709717 10499
