1762854673111 2.83296275138855 299
1762855494587 1.9448719024658203 599
1762856319346 1.8527127504348755 899
1762857146447 1.803282618522644 1199
1762857967269 1.7815760374069214 1499
1762858790453 1.7363414764404297 1799
1762859613837 1.7107212543487549 2099
1762860435678 1.6935747861862183 2399
1762861256715 1.6658451557159424 2699
1762862081731 1.65217924118042 2999
1762862903189 1.6421430110931396 3299
1762863725650 1.6048674583435059 3599
1762864547915 1.6014710664749146 3899
1762865370632 1.589421272277832 4199
1762866192779 1.5674933195114136 4499
1762867014854 1.5647345781326294 4799
1762867836852 1.5550401210784912 5099
1762868658871 1.5170480012893677 5399
1762869481064 1.5109227895736694 5699
1762870303934 1.507976770401001 5999
1762871130683 1.6666136980056763 6299
1762871968054 1.4991838932037354 6599
1762872806529 1.465277910232544 6899
1762873690901 1.459045171737671 7199
1762874601839 1.4625276327133179 7499
1762875489387 1.4246490001678467 7799
1762876375009 1.4176234006881714 8099
1762877260855 1.4020817279815674 8399
1762878146516 1.393385887145996 8699
1762879031859 1.3810960054397583 8999
1762879917274 1.3601903915405273 9299
1762880802839 1.354516863822937 9599
1762881688309 1.3311930894851685 9899
1762882573789 1.3156648874282837 10199
1762883459095 1.3244175910949707 10499
