1762854673111 2.667128562927246 299
1762855494587 1.680153489112854 599
1762856319346 1.5747114419937134 899
1762857146447 1.5220386981964111 1199
1762857967269 1.4915142059326172 1499
1762858790453 1.4480384588241577 1799
1762859613837 1.4243619441986084 2099
1762860435678 1.3977471590042114 2399
1762861256715 1.3869225978851318 2699
1762862081731 1.3631248474121094 2999
1762862903189 1.3499867916107178 3299
1762863725650 1.327701449394226 3599
1762864547915 1.318366289138794 3899
1762865370632 1.3219634294509888 4199
1762866192779 1.3000516891479492 4499
1762867014854 1.3076236248016357 4799
1762867836852 1.293400764465332 5099
1762868658871 1.2629916667938232 5399
1762869481064 1.2660564184188843 5699
1762870303934 1.2638777494430542 5999
1762871130683 1.4166662693023682 6299
1762871968054 1.25273597240448 6599
1762872806529 1.2358345985412598 6899
1762873690901 1.232338786125183 7199
1762874601839 1.2478336095809937 7499
1762875489387 1.218022346496582 7799
1762876375009 1.21486496925354 8099
1762877260855 1.2082197666168213 8399
1762878146516 1.2014617919921875 8699
1762879031859 1.1942341327667236 8999
1762879917274 1.1791309118270874 9299
1762880802839 1.1797261238098145 9599
1762881688309 1.1692025661468506 9899
1762882573789 1.1598048210144043 10199
1762883459095 1.1677436828613281 10499
