1762854673111 2.360522508621216 299
1762855494587 1.3406593799591064 599
1762856319346 1.2346349954605103 899
1762857146447 1.1967500448226929 1199
1762857967269 1.1850491762161255 1499
1762858790453 1.1403813362121582 1799
1762859613837 1.1270811557769775 2099
1762860435678 1.100498080253601 2399
1762861256715 1.0982745885849 2699
1762862081731 1.0890425443649292 2999
1762862903189 1.073651909828186 3299
1762863725650 1.0580235719680786 3599
1762864547915 1.0504717826843262 3899
1762865370632 1.0591309070587158 4199
1762866192779 1.0507711172103882 4499
1762867014854 1.0521594285964966 4799
1762867836852 1.032128095626831 5099
1762868658871 1.0077146291732788 5399
1762869481064 1.0189396142959595 5699
1762870303934 1.01775324344635 5999
1762871130683 1.1515907049179077 6299
1762871968054 1.008787989616394 6599
1762872806529 1.0009771585464478 6899
1762873690901 1.0015718936920166 7199
1762874601839 1.0120677947998047 7499
1762875489387 0.9910697340965271 7799
1762876375009 0.9832465648651123 8099
1762877260855 0.9776784777641296 8399
1762878146516 0.9860713481903076 8699
1762879031859 0.9747259020805359 8999
1762879917274 0.9652937054634094 9299
1762880802839 0.9688722491264343 9599
1762881688309 0.9606821537017822 9899
1762882573789 0.9604249596595764 10199
1762883459095 0.9604320526123047 10499
