1762854673111 1.6577130556106567 299
1762855494587 0.9193635582923889 599
1762856319346 0.8479315638542175 899
1762857146447 0.8213884234428406 1199
1762857967269 0.8130691051483154 1499
1762858790453 0.7837737202644348 1799
1762859613837 0.7749044895172119 2099
1762860435678 0.756827712059021 2399
1762861256715 0.7544296383857727 2699
1762862081731 0.7474266290664673 2999
1762862903189 0.7367550730705261 3299
1762863725650 0.7272364497184753 3599
1762864547915 0.7226653099060059 3899
1762865370632 0.7293177843093872 4199
1762866192779 0.7203171849250793 4499
1762867014854 0.7228035926818848 4799
1762867836852 0.7081922292709351 5099
1762868658871 0.6916851997375488 5399
1762869481064 0.7001280188560486 5699
1762870303934 0.697966992855072 5999
1762871130683 0.7921810150146484 6299
1762871968054 0.691177487373352 6599
1762872806529 0.6866451501846313 6899
1762873690901 0.6869838833808899 7199
1762874601839 0.6931146383285522 7499
1762875489387 0.6794548630714417 7799
1762876375009 0.6750152707099915 8099
1762877260855 0.6701465249061584 8399
1762878146516 0.6763042211532593 8699
1762879031859 0.6688664555549622 8999
1762879917274 0.6616918444633484 9299
1762880802839 0.664794921875 9599
1762881688309 0.6587462425231934 9899
1762882573789 0.6583507657051086 10199
1762883459095 0.6573917865753174 10499
