1762854673111 1.379004716873169 299
1762855494587 0.6881281733512878 599
1762856319346 0.6160553693771362 899
1762857146447 0.5993912816047668 1199
1762857967269 0.587553858757019 1499
1762858790453 0.5671862959861755 1799
1762859613837 0.559495747089386 2099
1762860435678 0.5475321412086487 2399
1762861256715 0.5442653298377991 2699
1762862081731 0.5425412654876709 2999
1762862903189 0.532281219959259 3299
1762863725650 0.5226684808731079 3599
1762864547915 0.521554708480835 3899
1762865370632 0.5240727663040161 4199
1762866192779 0.5221890807151794 4499
1762867014854 0.5242146849632263 4799
1762867836852 0.5162361264228821 5099
1762868658871 0.5002617239952087 5399
1762869481064 0.5099169611930847 5699
1762870303934 0.5128940939903259 5999
1762871130683 0.6181784272193909 6299
1762871968054 0.5049980878829956 6599
1762872806529 0.49950098991394043 6899
1762873690901 0.4999798536300659 7199
1762874601839 0.5091609954833984 7499
1762875489387 0.4946611821651459 7799
1762876375009 0.49147143959999084 8099
1762877260855 0.4903458058834076 8399
1762878146516 0.4950326383113861 8699
1762879031859 0.49498599767684937 8999
1762879917274 0.484359472990036 9299
1762880802839 0.4896809160709381 9599
1762881688309 0.4847964942455292 9899
1762882573789 0.4851395785808563 10199
1762883459095 0.48321500420570374 10499
