1762854673111 11.538067817687988 299
1762855494587 6.637177467346191 599
1762856319346 6.186476707458496 899
1762857146447 5.819285869598389 1199
1762857967269 5.894682884216309 1499
1762858790453 5.696146488189697 1799
1762859613837 5.372692584991455 2099
1762860435678 5.164966583251953 2399
1762861256715 5.063172340393066 2699
1762862081731 5.071624279022217 2999
1762862903189 4.999492168426514 3299
1762863725650 4.824020862579346 3599
1762864547915 4.712281703948975 3899
1762865370632 4.705031871795654 4199
1762866192779 4.708759784698486 4499
1762867014854 4.517993927001953 4799
1762867836852 4.499425411224365 5099
1762868658871 4.246692657470703 5399
1762869481064 4.176133155822754 5699
1762870303934 4.354558944702148 5999
1762871130683 5.014804840087891 6299
1762871968054 4.21066427230835 6599
1762872806529 4.091941833496094 6899
1762873690901 4.079901695251465 7199
1762874601839 4.040040493011475 7499
1762875489387 3.8120198249816895 7799
1762876375009 3.842575788497925 8099
1762877260855 3.8592162132263184 8399
1762878146516 3.7813382148742676 8699
1762879031859 3.585498809814453 8999
1762879917274 3.5085787773132324 9299
1762880802839 3.557624578475952 9599
1762881688309 3.458462715148926 9899
1762882573789 3.3174948692321777 10199
1762883459095 3.4384007453918457 10499
