1762854673111 13.090764045715332 299
1762855494587 8.621323585510254 599
1762856319346 8.116539001464844 899
1762857146447 7.711452960968018 1199
1762857967269 7.968853950500488 1499
1762858790453 7.659201622009277 1799
1762859613837 7.219012260437012 2099
1762860435678 7.022387981414795 2399
1762861256715 6.802409648895264 2699
1762862081731 6.881318092346191 2999
1762862903189 6.775597095489502 3299
1762863725650 6.580135345458984 3599
1762864547915 6.379918098449707 3899
1762865370632 6.318627834320068 4199
1762866192779 6.36218786239624 4499
1762867014854 6.0653462409973145 4799
1762867836852 6.04923677444458 5099
1762868658871 5.766880035400391 5399
1762869481064 5.609269142150879 5699
1762870303934 5.839409828186035 5999
1762871130683 6.6042585372924805 6299
1762871968054 5.595821857452393 6599
1762872806529 5.410004138946533 6899
1762873690901 5.4257988929748535 7199
1762874601839 5.38703727722168 7499
1762875489387 5.090695858001709 7799
1762876375009 5.054457187652588 8099
1762877260855 5.107096195220947 8399
1762878146516 5.037530899047852 8699
1762879031859 4.711963176727295 8999
1762879917274 4.600072383880615 9299
1762880802839 4.55490255355835 9599
1762881688309 4.489404201507568 9899
1762882573789 4.311249256134033 10199
1762883459095 4.39738130569458 10499
