1762854673111 2.160787582397461 299
1762855494587 1.2892045974731445 599
1762856319346 1.1912386417388916 899
1762857146447 1.1550891399383545 1199
1762857967269 1.1442670822143555 1499
1762858790453 1.1015955209732056 1799
1762859613837 1.0903807878494263 2099
1762860435678 1.0655546188354492 2399
1762861256715 1.0627574920654297 2699
1762862081731 1.0545308589935303 2999
1762862903189 1.040347695350647 3299
1762863725650 1.0257388353347778 3599
1762864547915 1.0184130668640137 3899
1762865370632 1.0254766941070557 4199
1762866192779 1.0163029432296753 4499
1762867014854 1.0197688341140747 4799
1762867836852 0.999705970287323 5099
1762868658871 0.9788157939910889 5399
1762869481064 0.9881614446640015 5699
1762870303934 0.9876180291175842 5999
1762871130683 1.1382043361663818 6299
1762871968054 0.9789428114891052 6599
1762872806529 0.9705690741539001 6899
1762873690901 0.971569299697876 7199
1762874601839 0.9821012020111084 7499
1762875489387 0.9635792970657349 7799
1762876375009 0.9554394483566284 8099
1762877260855 0.9481015801429749 8399
1762878146516 0.9572560787200928 8699
1762879031859 0.9471275210380554 8999
1762879917274 0.9386262893676758 9299
1762880802839 0.9407292008399963 9599
1762881688309 0.9322190284729004 9899
1762882573789 0.9331918954849243 10199
1762883459095 0.9318035244941711 10499
