1762854673111 1.8891375064849854 299
1762855494587 1.413854718208313 599
1762856319346 1.3581035137176514 899
1762857146447 1.334266185760498 1199
1762857967269 1.321077585220337 1499
1762858790453 1.2910698652267456 1799
1762859613837 1.278860330581665 2099
1762860435678 1.2761530876159668 2399
1762861256715 1.2416397333145142 2699
1762862081731 1.2373981475830078 2999
1762862903189 1.2337011098861694 3299
1762863725650 1.200850486755371 3599
1762864547915 1.2025518417358398 3899
1762865370632 1.1908249855041504 4199
1762866192779 1.1693134307861328 4499
1762867014854 1.168402910232544 4799
1762867836852 1.1632533073425293 5099
1762868658871 1.1386743783950806 5399
1762869481064 1.1313178539276123 5699
1762870303934 1.121780514717102 5999
1762871130683 1.249822974205017 6299
1762871968054 1.1170103549957275 6599
1762872806529 1.0887101888656616 6899
1762873690901 1.0849100351333618 7199
1762874601839 1.0799365043640137 7499
1762875489387 1.0538280010223389 7799
1762876375009 1.0442150831222534 8099
1762877260855 1.033508539199829 8399
1762878146516 1.0213268995285034 8699
1762879031859 1.0139304399490356 8999
1762879917274 1.0010770559310913 9299
1762880802839 0.9912845492362976 9599
1762881688309 0.9682825207710266 9899
1762882573789 0.9557719826698303 10199
1762883459095 0.9635818600654602 10499
