1762854673111 1.7858076095581055 299
1762855494587 1.2413958311080933 599
1762856319346 1.185182809829712 899
1762857146447 1.156772494316101 1199
1762857967269 1.1389923095703125 1499
1762858790453 1.1111583709716797 1799
1762859613837 1.0984019041061401 2099
1762860435678 1.08870267868042 2399
1762861256715 1.0710091590881348 2699
1762862081731 1.0610634088516235 2999
1762862903189 1.0553703308105469 3299
1762863725650 1.0325899124145508 3599
1762864547915 1.0319101810455322 3899
1762865370632 1.0249292850494385 4199
1762866192779 1.008657455444336 4499
1762867014854 1.009985327720642 4799
1762867836852 1.0028760433197021 5099
1762868658871 0.9795634150505066 5399
1762869481064 0.9780303835868835 5699
1762870303934 0.9725494384765625 5999
1762871130683 1.0932852029800415 6299
1762871968054 0.9678793549537659 6599
1762872806529 0.9471378922462463 6899
1762873690901 0.9436328411102295 7199
1762874601839 0.944584846496582 7499
1762875489387 0.9229848980903625 7799
1762876375009 0.917663037776947 8099
1762877260855 0.9066150188446045 8399
1762878146516 0.9015237092971802 8699
1762879031859 0.8957081437110901 8999
1762879917274 0.8821942210197449 9299
1762880802839 0.8778195977210999 9599
1762881688309 0.8631165623664856 9899
1762882573789 0.8545506000518799 10199
1762883459095 0.8586408495903015 10499
