1762854673111 2.842989683151245 299
1762855494587 2.2125563621520996 599
1762856319346 2.144958019256592 899
1762857146447 2.107520818710327 1199
1762857967269 2.1044511795043945 1499
1762858790453 2.063014507293701 1799
1762859613837 2.030536413192749 2099
1762860435678 2.0312042236328125 2399
1762861256715 1.9991655349731445 2699
1762862081731 1.9959564208984375 2999
1762862903189 1.9818475246429443 3299
1762863725650 1.9574028253555298 3599
1762864547915 1.9465947151184082 3899
1762865370632 1.9239211082458496 4199
1762866192779 1.9074221849441528 4499
1762867014854 1.9103699922561646 4799
1762867836852 1.8862611055374146 5099
1762868658871 1.8576209545135498 5399
1762869481064 1.84088134765625 5699
1762870303934 1.8399797677993774 5999
1762871130683 1.9838038682937622 6299
1762871968054 1.8267450332641602 6599
1762872806529 1.7833267450332642 6899
1762873690901 1.7745238542556763 7199
1762874601839 1.765665054321289 7499
1762875489387 1.7330358028411865 7799
1762876375009 1.7281513214111328 8099
1762877260855 1.699855923652649 8399
1762878146516 1.6930322647094727 8699
1762879031859 1.6673542261123657 8999
1762879917274 1.6413228511810303 9299
1762880802839 1.6328614950180054 9599
1762881688309 1.6040533781051636 9899
1762882573789 1.5805506706237793 10199
1762883459095 1.581570029258728 10499
