1762854673111 9.894377708435059 299
1762855494587 6.919816017150879 599
1762856319346 6.688167095184326 899
1762857146447 6.3036723136901855 1199
1762857967269 6.4644975662231445 1499
1762858790453 6.254216194152832 1799
1762859613837 6.011407852172852 2099
1762860435678 5.777134418487549 2399
1762861256715 5.7380781173706055 2699
1762862081731 5.705965995788574 2999
1762862903189 5.762372016906738 3299
1762863725650 5.477793216705322 3599
1762864547915 5.391640663146973 3899
1762865370632 5.341700553894043 4199
1762866192779 5.327706813812256 4499
1762867014854 5.089963436126709 4799
1762867836852 5.055652141571045 5099
1762868658871 4.858108997344971 5399
1762869481064 4.859409809112549 5699
1762870303934 4.994736194610596 5999
1762871130683 5.482640743255615 6299
1762871968054 4.904216289520264 6599
1762872806529 4.592940807342529 6899
1762873690901 4.663656711578369 7199
1762874601839 4.565263748168945 7499
1762875489387 4.37404203414917 7799
1762876375009 4.358854293823242 8099
1762877260855 4.3941755294799805 8399
1762878146516 4.345790386199951 8699
1762879031859 4.089239120483398 8999
1762879917274 4.033176898956299 9299
1762880802839 4.095150470733643 9599
1762881688309 3.8833353519439697 9899
1762882573789 3.7708637714385986 10199
1762883459095 3.9327504634857178 10499
