1762854673111 8.105871200561523 299
1762855494587 4.623346328735352 599
1762856319346 4.335309982299805 899
1762857146447 4.070903778076172 1199
1762857967269 4.126901149749756 1499
1762858790453 3.985387086868286 1799
1762859613837 3.779726505279541 2099
1762860435678 3.626037120819092 2399
1762861256715 3.5652825832366943 2699
1762862081731 3.559706449508667 2999
1762862903189 3.5180349349975586 3299
1762863725650 3.3887486457824707 3599
1762864547915 3.319575309753418 3899
1762865370632 3.3120384216308594 4199
1762866192779 3.309908628463745 4499
1762867014854 3.183946132659912 4799
1762867836852 3.163839817047119 5099
1762868658871 2.989469528198242 5399
1762869481064 2.953880548477173 5699
1762870303934 3.0654995441436768 5999
1762871130683 3.5139505863189697 6299
1762871968054 2.972827196121216 6599
1762872806529 2.8864760398864746 6899
1762873690901 2.876647472381592 7199
1762874601839 2.8547627925872803 7499
1762875489387 2.6927990913391113 7799
1762876375009 2.714014768600464 8099
1762877260855 2.7250092029571533 8399
1762878146516 2.677211284637451 8699
1762879031859 2.5446841716766357 8999
1762879917274 2.488424777984619 9299
1762880802839 2.5257649421691895 9599
1762881688309 2.4547441005706787 9899
1762882573789 2.3595468997955322 10199
1762883459095 2.439765453338623 10499
