1762854673111 13.862338066101074 299
1762855494587 10.064525604248047 599
1762856319346 9.680083274841309 899
1762857146447 9.135944366455078 1199
1762857967269 9.341967582702637 1499
1762858790453 9.092103958129883 1799
1762859613837 8.676342964172363 2099
1762860435678 8.371354103088379 2399
1762861256715 8.267182350158691 2699
1762862081731 8.265851974487305 2999
1762862903189 8.354593276977539 3299
1762863725650 7.920744895935059 3599
1762864547915 7.780040264129639 3899
1762865370632 7.712112903594971 4199
1762866192779 7.704923152923584 4499
1762867014854 7.34891939163208 4799
1762867836852 7.280984878540039 5099
1762868658871 6.998822212219238 5399
1762869481064 6.990189552307129 5699
1762870303934 7.186114311218262 5999
1762871130683 7.963892459869385 6299
1762871968054 7.067022323608398 6599
1762872806529 6.60200309753418 6899
1762873690901 6.723145008087158 7199
1762874601839 6.570696830749512 7499
1762875489387 6.282304286956787 7799
1762876375009 6.2603559494018555 8099
1762877260855 6.31853723526001 8399
1762878146516 6.231563568115234 8699
1762879031859 5.860076904296875 8999
1762879917274 5.801521301269531 9299
1762880802839 5.8701276779174805 9599
1762881688309 5.555389404296875 9899
1762882573789 5.398250102996826 10199
1762883459095 5.640949249267578 10499
