1762854673111 2.2117724418640137 299
1762855494587 1.6470783948898315 599
1762856319346 1.594354271888733 899
1762857146447 1.5585795640945435 1199
1762857967269 1.5588692426681519 1499
1762858790453 1.5234944820404053 1799
1762859613837 1.4957878589630127 2099
1762860435678 1.4913889169692993 2399
1762861256715 1.4683232307434082 2699
1762862081731 1.4657648801803589 2999
1762862903189 1.4563812017440796 3299
1762863725650 1.4323432445526123 3599
1762864547915 1.426461935043335 3899
1762865370632 1.4089449644088745 4199
1762866192779 1.3952155113220215 4499
1762867014854 1.3940597772598267 4799
1762867836852 1.3763736486434937 5099
1762868658871 1.3527697324752808 5399
1762869481064 1.342411994934082 5699
1762870303934 1.3452205657958984 5999
1762871130683 1.434196949005127 6299
1762871968054 1.3325576782226562 6599
1762872806529 1.2966947555541992 6899
1762873690901 1.2933610677719116 7199
1762874601839 1.2819541692733765 7499
1762875489387 1.25856351852417 7799
1762876375009 1.255028247833252 8099
1762877260855 1.235205054283142 8399
1762878146516 1.2305485010147095 8699
1762879031859 1.2068984508514404 8999
1762879917274 1.1878975629806519 9299
1762880802839 1.1840739250183105 9599
1762881688309 1.1596601009368896 9899
1762882573789 1.1421786546707153 10199
1762883459095 1.1445385217666626 10499
