1762854673111 3.16050386428833 299
1762855494587 2.403974771499634 599
1762856319346 2.329461097717285 899
1762857146447 2.27968692779541 1199
1762857967269 2.28204083442688 1499
1762858790453 2.234553098678589 1799
1762859613837 2.192720890045166 2099
1762860435678 2.1881227493286133 2399
1762861256715 2.1538381576538086 2699
1762862081731 2.1507794857025146 2999
1762862903189 2.136608600616455 3299
1762863725650 2.1035008430480957 3599
1762864547915 2.0907094478607178 3899
1762865370632 2.066131114959717 4199
1762866192779 2.048252582550049 4499
1762867014854 2.044485092163086 4799
1762867836852 2.0196006298065186 5099
1762868658871 1.98506760597229 5399
1762869481064 1.9685262441635132 5699
1762870303934 1.9728975296020508 5999
1762871130683 2.0997402667999268 6299
1762871968054 1.9553799629211426 6599
1762872806529 1.9023066759109497 6899
1762873690901 1.895776391029358 7199
1762874601839 1.8834724426269531 7499
1762875489387 1.8449195623397827 7799
1762876375009 1.8401892185211182 8099
1762877260855 1.8130909204483032 8399
1762878146516 1.8055304288864136 8699
1762879031859 1.7716065645217896 8999
1762879917274 1.7432492971420288 9299
1762880802839 1.7372400760650635 9599
1762881688309 1.7029383182525635 9899
1762882573789 1.6765612363815308 10199
1762883459095 1.6810086965560913 10499
