1762854673111 1.9723070859909058 299
1762855494587 1.0061392784118652 599
1762856319346 0.8994419574737549 899
1762857146447 0.875863790512085 1199
1762857967269 0.8582627773284912 1499
1762858790453 0.8276535868644714 1799
1762859613837 0.8153917193412781 2099
1762860435678 0.7991120219230652 2399
1762861256715 0.7955653667449951 2699
1762862081731 0.792140543460846 2999
1762862903189 0.7757402658462524 3299
1762863725650 0.7624551653862 3599
1762864547915 0.7618497610092163 3899
1762865370632 0.7639849185943604 4199
1762866192779 0.7633732557296753 4499
1762867014854 0.7662486433982849 4799
1762867836852 0.7542849183082581 5099
1762868658871 0.7317156791687012 5399
1762869481064 0.7436134815216064 5699
1762870303934 0.746929943561554 5999
1762871130683 0.895877480506897 6299
1762871968054 0.7392898797988892 6599
1762872806529 0.7291803956031799 6899
1762873690901 0.7290753722190857 7199
1762874601839 0.7433726191520691 7499
1762875489387 0.7225214242935181 7799
1762876375009 0.7175812125205994 8099
1762877260855 0.7160606384277344 8399
1762878146516 0.7231410145759583 8699
1762879031859 0.7235272526741028 8999
1762879917274 0.7080698013305664 9299
1762880802839 0.7164149284362793 9599
1762881688309 0.7081170082092285 9899
1762882573789 0.7086266875267029 10199
1762883459095 0.7070707082748413 10499
