1762854673111 9.200675010681152 299
1762855494587 5.960345268249512 599
1762856319346 5.65155029296875 899
1762857146447 5.3424763679504395 1199
1762857967269 5.511611461639404 1499
1762858790453 5.304102420806885 1799
1762859613837 5.03190279006958 2099
1762860435678 4.889697551727295 2399
1762861256715 4.739662170410156 2699
1762862081731 4.7866740226745605 2999
1762862903189 4.731495380401611 3299
1762863725650 4.561296463012695 3599
1762864547915 4.450353622436523 3899
1762865370632 4.4037766456604 4199
1762866192779 4.420913219451904 4499
1762867014854 4.234103679656982 4799
1762867836852 4.207025527954102 5099
1762868658871 4.0083513259887695 5399
1762869481064 3.9200901985168457 5699
1762870303934 4.061175346374512 5999
1762871130683 4.587953567504883 6299
1762871968054 3.9150335788726807 6599
1762872806529 3.7782654762268066 6899
1762873690901 3.784670114517212 7199
1762874601839 3.776719331741333 7499
1762875489387 3.5572545528411865 7799
1762876375009 3.524812936782837 8099
1762877260855 3.572333574295044 8399
1762878146516 3.5086522102355957 8699
1762879031859 3.3019473552703857 8999
1762879917274 3.2313036918640137 9299
1762880802839 3.2070326805114746 9599
1762881688309 3.1644861698150635 9899
1762882573789 3.0353143215179443 10199
1762883459095 3.0982041358947754 10499
