1762854673111 10.013569831848145 299
1762855494587 4.525528430938721 599
1762856319346 4.101728916168213 899
1762857146447 3.842837333679199 1199
1762857967269 3.7614495754241943 1499
1762858790453 3.6220993995666504 1799
1762859613837 3.3476829528808594 2099
1762860435678 3.15944242477417 2399
1762861256715 3.1752007007598877 2699
1762862081731 3.13474702835083 2999
1762862903189 2.983865261077881 3299
1762863725650 2.94818115234375 3599
1762864547915 2.907180070877075 3899
1762865370632 2.927896022796631 4199
1762866192779 3.0144712924957275 4499
1762867014854 2.8316540718078613 4799
1762867836852 2.8363285064697266 5099
1762868658871 2.6239445209503174 5399
1762869481064 2.6472487449645996 5699
1762870303934 2.762904405593872 5999
1762871130683 3.2751731872558594 6299
1762871968054 2.635106086730957 6599
1762872806529 2.6271698474884033 6899
1762873690901 2.647101402282715 7199
1762874601839 2.6158435344696045 7499
1762875489387 2.405571937561035 7799
1762876375009 2.4723970890045166 8099
1762877260855 2.5519022941589355 8399
1762878146516 2.499927520751953 8699
1762879031859 2.401912212371826 8999
1762879917274 2.336332321166992 9299
1762880802839 2.4366378784179688 9599
1762881688309 2.3860535621643066 9899
1762882573789 2.2797210216522217 10199
1762883459095 2.4299850463867188 10499
