1762854673111 15.7835111618042 299
1762855494587 6.459936618804932 599
1762856319346 5.958489418029785 899
1762857146447 5.667606353759766 1199
1762857967269 5.532976150512695 1499
1762858790453 5.282220363616943 1799
1762859613837 5.138309478759766 2099
1762860435678 5.060050964355469 2399
1762861256715 4.892441749572754 2699
1762862081731 4.81834077835083 2999
1762862903189 4.791234970092773 3299
1762863725650 4.564698696136475 3599
1762864547915 4.55500602722168 3899
1762865370632 4.491448402404785 4199
1762866192779 4.367993354797363 4499
1762867014854 4.345142364501953 4799
1762867836852 4.292940139770508 5099
1762868658871 4.096792221069336 5399
1762869481064 4.053863525390625 5699
1762870303934 4.054734230041504 5999
1762871130683 79.31600952148438 6299
1762871968054 4.001474380493164 6599
1762872806529 3.7988362312316895 6899
1762873690901 3.7722465991973877 7199
1762874601839 3.7734928131103516 7499
1762875489387 3.599668025970459 7799
1762876375009 3.55399751663208 8099
1762877260855 3.4756524562835693 8399
1762878146516 3.428973436355591 8699
1762879031859 3.35194730758667 8999
1762879917274 3.265061140060425 9299
1762880802839 3.231666326522827 9599
1762881688309 3.120450258255005 9899
1762882573789 3.0458059310913086 10199
1762883459095 3.0845890045166016 10499
