1762854673111 2.7259058952331543 299
1762855494587 2.0788474082946777 599
1762856319346 1.9968174695968628 899
1762857146447 1.9597201347351074 1199
1762857967269 1.9455437660217285 1499
1762858790453 1.9020354747772217 1799
1762859613837 1.8832470178604126 2099
1762860435678 1.8785743713378906 2399
1762861256715 1.8283898830413818 2699
1762862081731 1.822877287864685 2999
1762862903189 1.8191931247711182 3299
1762863725650 1.7692521810531616 3599
1762864547915 1.7691916227340698 3899
1762865370632 1.7513961791992188 4199
1762866192779 1.7212589979171753 4499
1762867014854 1.7193901538848877 4799
1762867836852 1.7117714881896973 5099
1762868658871 1.6784266233444214 5399
1762869481064 1.661412000656128 5699
1762870303934 1.6523494720458984 5999
1762871130683 1.8396713733673096 6299
1762871968054 1.6448708772659302 6599
1762872806529 1.603813648223877 6899
1762873690901 1.5955379009246826 7199
1762874601839 1.592252254486084 7499
1762875489387 1.5512644052505493 7799
1762876375009 1.5378923416137695 8099
1762877260855 1.523063063621521 8399
1762878146516 1.5048174858093262 8699
1762879031859 1.4939286708831787 8999
1762879917274 1.4742320775985718 9299
1762880802839 1.4588663578033447 9599
1762881688309 1.4271581172943115 9899
1762882573789 1.4076309204101562 10199
1762883459095 1.418487310409546 10499
