1762854673111 6.222597122192383 299
1762855494587 2.083063840866089 599
1762856319346 1.75484299659729 899
1762857146447 1.6771037578582764 1199
1762857967269 1.6559412479400635 1499
1762858790453 1.542083740234375 1799
1762859613837 1.4478065967559814 2099
1762860435678 1.3548996448516846 2399
1762861256715 1.36262845993042 2699
1762862081731 1.3534256219863892 2999
1762862903189 1.2869795560836792 3299
1762863725650 1.2631309032440186 3599
1762864547915 1.2461755275726318 3899
1762865370632 1.3048434257507324 4199
1762866192779 1.3157285451889038 4499
1762867014854 1.2430777549743652 4799
1762867836852 1.2454272508621216 5099
1762868658871 1.106172800064087 5399
1762869481064 1.1479833126068115 5699
1762870303934 1.1836342811584473 5999
1762871130683 1.4856593608856201 6299
1762871968054 1.1282992362976074 6599
1762872806529 1.1594833135604858 6899
1762873690901 1.1392614841461182 7199
1762874601839 1.1561048030853271 7499
1762875489387 1.0545318126678467 7799
1762876375009 1.068697452545166 8099
1762877260855 1.1171300411224365 8399
1762878146516 1.0979567766189575 8699
1762879031859 1.0473151206970215 8999
1762879917274 1.0221827030181885 9299
1762880802839 1.069345474243164 9599
1762881688309 1.0640848875045776 9899
1762882573789 1.0179606676101685 10199
1762883459095 1.07601797580719 10499
