1762854673111 2.735258102416992 299
1762855494587 1.904248595237732 599
1762856319346 1.8311891555786133 899
1762857146447 1.7840124368667603 1199
1762857967269 1.7370294332504272 1499
1762858790453 1.6916226148605347 1799
1762859613837 1.678561806678772 2099
1762860435678 1.6622940301895142 2399
1762861256715 1.6364760398864746 2699
1762862081731 1.616274356842041 2999
1762862903189 1.6079607009887695 3299
1762863725650 1.566755771636963 3599
1762864547915 1.5720267295837402 3899
1762865370632 1.5514777898788452 4199
1762866192779 1.5305614471435547 4499
1762867014854 1.52488374710083 4799
1762867836852 1.5264501571655273 5099
1762868658871 1.4797694683074951 5399
1762869481064 1.476857304573059 5699
1762870303934 1.4683222770690918 5999
1762871130683 1.6365883350372314 6299
1762871968054 1.4688252210617065 6599
1762872806529 1.4283061027526855 6899
1762873690901 1.4244840145111084 7199
1762874601839 1.4260709285736084 7499
1762875489387 1.3897236585617065 7799
1762876375009 1.3820377588272095 8099
1762877260855 1.3595603704452515 8399
1762878146516 1.3529560565948486 8699
1762879031859 1.3512823581695557 8999
1762879917274 1.3264532089233398 9299
1762880802839 1.31838858127594 9599
1762881688309 1.3006412982940674 9899
1762882573789 1.2830767631530762 10199
1762883459095 1.2953263521194458 10499
