1762854673111 1.6973196268081665 299
1762855494587 1.0900354385375977 599
1762856319346 1.026544451713562 899
1762857146447 0.9936983585357666 1199
1762857967269 0.9712523818016052 1499
1762858790453 0.9450969696044922 1799
1762859613837 0.9328795075416565 2099
1762860435678 0.9148140549659729 2399
1762861256715 0.9086096882820129 2699
1762862081731 0.8925497531890869 2999
1762862903189 0.8854381442070007 3299
1762863725650 0.8699886798858643 3599
1762864547915 0.8639155626296997 3899
1762865370632 0.8677697777748108 4199
1762866192779 0.8496440052986145 4499
1762867014854 0.8577941060066223 4799
1762867836852 0.8462795615196228 5099
1762868658871 0.8289709091186523 5399
1762869481064 0.8309243321418762 5699
1762870303934 0.8281552791595459 5999
1762871130683 0.9472670555114746 6299
1762871968054 0.821764349937439 6599
1762872806529 0.8104414939880371 6899
1762873690901 0.8085683584213257 7199
1762874601839 0.8173681497573853 7499
1762875489387 0.7994709014892578 7799
1762876375009 0.7970892190933228 8099
1762877260855 0.7921335101127625 8399
1762878146516 0.7873188257217407 8699
1762879031859 0.7839756011962891 8999
1762879917274 0.7743925452232361 9299
1762880802839 0.7726816534996033 9599
1762881688309 0.7664570212364197 9899
1762882573789 0.7618985176086426 10199
1762883459095 0.7645179033279419 10499
