1762854673111 2.4367659091949463 299
1762855494587 1.6000239849090576 599
1762856319346 1.5025923252105713 899
1762857146447 1.4554214477539062 1199
1762857967269 1.4244283437728882 1499
1762858790453 1.38512122631073 1799
1762859613837 1.3658013343811035 2099
1762860435678 1.3413739204406738 2399
1762861256715 1.3309801816940308 2699
1762862081731 1.3079934120178223 2999
1762862903189 1.2973153591156006 3299
1762863725650 1.275386929512024 3599
1762864547915 1.2669024467468262 3899
1762865370632 1.2696359157562256 4199
1762866192779 1.2459361553192139 4499
1762867014854 1.257605791091919 4799
1762867836852 1.2422925233840942 5099
1762868658871 1.2162097692489624 5399
1762869481064 1.2187533378601074 5699
1762870303934 1.2137681245803833 5999
1762871130683 1.384462594985962 6299
1762871968054 1.205256700515747 6599
1762872806529 1.1886241436004639 6899
1762873690901 1.1856493949890137 7199
1762874601839 1.1999552249908447 7499
1762875489387 1.174741506576538 7799
1762876375009 1.1701853275299072 8099
1762877260855 1.1621803045272827 8399
1762878146516 1.1558654308319092 8699
1762879031859 1.1515207290649414 8999
1762879917274 1.1369056701660156 9299
1762880802839 1.135399341583252 9599
1762881688309 1.1252371072769165 9899
1762882573789 1.1188074350357056 10199
1762883459095 1.1240071058273315 10499
