1762854673111 1.9754979610443115 299
1762855494587 1.505687952041626 599
1762856319346 1.4583717584609985 899
1762857146447 1.4317563772201538 1199
1762857967269 1.428637146949768 1499
1762858790453 1.3986624479293823 1799
1762859613837 1.376320481300354 2099
1762860435678 1.3772547245025635 2399
1762861256715 1.3548259735107422 2699
1762862081731 1.3530787229537964 2999
1762862903189 1.34323251247406 3299
1762863725650 1.3258090019226074 3599
1762864547915 1.321097493171692 3899
1762865370632 1.3050780296325684 4199
1762866192779 1.2925480604171753 4499
1762867014854 1.2951873540878296 4799
1762867836852 1.2788629531860352 5099
1762868658871 1.2597754001617432 5399
1762869481064 1.2489240169525146 5699
1762870303934 1.2491910457611084 5999
1762871130683 1.34749436378479 6299
1762871968054 1.2387152910232544 6599
1762872806529 1.2099164724349976 6899
1762873690901 1.2047744989395142 7199
1762874601839 1.1958327293395996 7499
1762875489387 1.1759189367294312 7799
1762876375009 1.1730414628982544 8099
1762877260855 1.152417540550232 8399
1762878146516 1.149003267288208 8699
1762879031859 1.1310473680496216 8999
1762879917274 1.11323881149292 9299
1762880802839 1.1077970266342163 9599
1762881688309 1.0877412557601929 9899
1762882573789 1.072540044784546 10199
1762883459095 1.0720876455307007 10499
