1762854673111 1.8595585823059082 299
1762855494587 1.1483142375946045 599
1762856319346 1.0792627334594727 899
1762857146447 1.042845368385315 1199
1762857967269 1.0199021100997925 1499
1762858790453 0.9918631315231323 1799
1762859613837 0.9765247106552124 2099
1762860435678 0.9559270739555359 2399
1762861256715 0.949813187122345 2699
1762862081731 0.9333358407020569 2999
1762862903189 0.9245598912239075 3299
1762863725650 0.9087308049201965 3599
1762864547915 0.901924729347229 3899
1762865370632 0.9062460660934448 4199
1762866192779 0.8889555931091309 4499
1762867014854 0.8950480818748474 4799
1762867836852 0.8833664059638977 5099
1762868658871 0.8634520769119263 5399
1762869481064 0.8658363223075867 5699
1762870303934 0.8642770051956177 5999
1762871130683 0.9687067270278931 6299
1762871968054 0.8565930724143982 6599
1762872806529 0.8452847599983215 6899
1762873690901 0.8436099886894226 7199
1762874601839 0.8519525527954102 7499
1762875489387 0.8313958048820496 7799
1762876375009 0.8300004601478577 8099
1762877260855 0.8258213400840759 8399
1762878146516 0.8204302191734314 8699
1762879031859 0.8158283829689026 8999
1762879917274 0.8054063320159912 9299
1762880802839 0.8051304817199707 9599
1762881688309 0.7983766198158264 9899
1762882573789 0.7920548319816589 10199
1762883459095 0.796622097492218 10499
