1762854673111 2.105969190597534 299
1762855494587 1.3876110315322876 599
1762856319346 1.3317674398422241 899
1762857146447 1.2934222221374512 1199
1762857967269 1.2600876092910767 1499
1762858790453 1.2269738912582397 1799
1762859613837 1.2129234075546265 2099
1762860435678 1.1990430355072021 2399
1762861256715 1.1794785261154175 2699
1762862081731 1.1647149324417114 2999
1762862903189 1.157935380935669 3299
1762863725650 1.127472162246704 3599
1762864547915 1.1314290761947632 3899
1762865370632 1.1184797286987305 4199
1762866192779 1.101192831993103 4499
1762867014854 1.0963190793991089 4799
1762867836852 1.0967190265655518 5099
1762868658871 1.0599101781845093 5399
1762869481064 1.0588270425796509 5699
1762870303934 1.0552574396133423 5999
1762871130683 1.164420247077942 6299
1762871968054 1.0526963472366333 6599
1762872806529 1.0250707864761353 6899
1762873690901 1.0205665826797485 7199
1762874601839 1.0208323001861572 7499
1762875489387 0.994086503982544 7799
1762876375009 0.98961341381073 8099
1762877260855 0.9743154644966125 8399
1762878146516 0.9685813784599304 8699
1762879031859 0.9640152454376221 8999
1762879917274 0.9466381669044495 9299
1762880802839 0.9419731497764587 9599
1762881688309 0.92850661277771 9899
1762882573789 0.9154436588287354 10199
1762883459095 0.9234670996665955 10499
