1762854673111 11.67740535736084 299
1762855494587 6.977935791015625 599
1762856319346 6.47078275680542 899
1762857146447 6.004519462585449 1199
1762857967269 6.013448238372803 1499
1762858790453 5.829333782196045 1799
1762859613837 5.546860218048096 2099
1762860435678 5.339056491851807 2399
1762861256715 5.088342189788818 2699
1762862081731 5.127130508422852 2999
1762862903189 5.104280948638916 3299
1762863725650 4.897070407867432 3599
1762864547915 4.751134872436523 3899
1762865370632 4.819093704223633 4199
1762866192779 4.75689697265625 4499
1762867014854 4.640697479248047 4799
1762867836852 4.643764972686768 5099
1762868658871 4.294510364532471 5399
1762869481064 4.211875915527344 5699
1762870303934 4.427827835083008 5999
1762871130683 5.097997665405273 6299
1762871968054 4.266059875488281 6599
1762872806529 4.226140975952148 6899
1762873690901 4.1155900955200195 7199
1762874601839 4.12201452255249 7499
1762875489387 3.878955602645874 7799
1762876375009 3.9586899280548096 8099
1762877260855 3.910292387008667 8399
1762878146516 3.809262752532959 8699
1762879031859 3.6449882984161377 8999
1762879917274 3.587704658508301 9299
1762880802839 3.595064163208008 9599
1762881688309 3.524714469909668 9899
1762882573789 3.3620567321777344 10199
1762883459095 3.4982364177703857 10499
