1762854673111 1.5136100053787231 299
1762855494587 0.8818240761756897 599
1762856319346 0.8160982728004456 899
1762857146447 0.7905714511871338 1199
1762857967269 0.7827295660972595 1499
1762858790453 0.7550023198127747 1799
1762859613837 0.7479323744773865 2099
1762860435678 0.7311995029449463 2399
1762861256715 0.728644847869873 2699
1762862081731 0.7218078970909119 2999
1762862903189 0.7121968269348145 3299
1762863725650 0.7030311226844788 3599
1762864547915 0.6988535523414612 3899
1762865370632 0.7043410539627075 4199
1762866192779 0.6952906847000122 4499
1762867014854 0.6988622546195984 4799
1762867836852 0.6843856573104858 5099
1762868658871 0.6700541377067566 5399
1762869481064 0.678045928478241 5699
1762870303934 0.6751771569252014 5999
1762871130683 0.7805539965629578 6299
1762871968054 0.6693333983421326 6599
1762872806529 0.6642508506774902 6899
1762873690901 0.6649407744407654 7199
1762874601839 0.6708577275276184 7499
1762875489387 0.6588121652603149 7799
1762876375009 0.6541073322296143 8099
1762877260855 0.6484369039535522 8399
1762878146516 0.6546499133110046 8699
1762879031859 0.6481891870498657 8999
1762879917274 0.6414154767990112 9299
1762880802839 0.6436858177185059 9599
1762881688309 0.6376855969429016 9899
1762882573789 0.6382495164871216 10199
1762883459095 0.6362747550010681 10499
