1762854673111 7.002381324768066 299
1762855494587 3.1976373195648193 599
1762856319346 2.928607702255249 899
1762857146447 2.742443799972534 1199
1762857967269 2.6985442638397217 1499
1762858790453 2.603701114654541 1799
1762859613837 2.4254510402679443 2099
1762860435678 2.2758302688598633 2399
1762861256715 2.295239210128784 2699
1762862081731 2.263631582260132 2999
1762862903189 2.165170431137085 3299
1762863725650 2.1333582401275635 3599
1762864547915 2.095430374145508 3899
1762865370632 2.1197726726531982 4199
1762866192779 2.1660499572753906 4499
1762867014854 2.0498857498168945 4799
1762867836852 2.0367562770843506 5099
1762868658871 1.8974708318710327 5399
1762869481064 1.9105044603347778 5699
1762870303934 1.988464593887329 5999
1762871130683 2.3485779762268066 6299
1762871968054 1.917306900024414 6599
1762872806529 1.9061487913131714 6899
1762873690901 1.9145089387893677 7199
1762874601839 1.8948707580566406 7499
1762875489387 1.7420599460601807 7799
1762876375009 1.7980539798736572 8099
1762877260855 1.8457311391830444 8399
1762878146516 1.8156548738479614 8699
1762879031859 1.744580864906311 8999
1762879917274 1.6883518695831299 9299
1762880802839 1.7666479349136353 9599
1762881688309 1.73000168800354 9899
1762882573789 1.650527000427246 10199
1762883459095 1.7579655647277832 10499
