1762854673111 8.20852279663086 299
1762855494587 4.856470584869385 599
1762856319346 4.532959938049316 899
1762857146447 4.206933975219727 1199
1762857967269 4.223827838897705 1499
1762858790453 4.102233409881592 1799
1762859613837 3.8988559246063232 2099
1762860435678 3.750666856765747 2399
1762861256715 3.617201566696167 2699
1762862081731 3.618971347808838 2999
1762862903189 3.6079163551330566 3299
1762863725650 3.448240041732788 3599
1762864547915 3.3647186756134033 3899
1762865370632 3.4032230377197266 4199
1762866192779 3.348189353942871 4499
1762867014854 3.2702643871307373 4799
1762867836852 3.250284194946289 5099
1762868658871 3.0436577796936035 5399
1762869481064 2.992959499359131 5699
1762870303934 3.119412422180176 5999
1762871130683 3.5936756134033203 6299
1762871968054 3.0227160453796387 6599
1762872806529 2.9810853004455566 6899
1762873690901 2.9187660217285156 7199
1762874601839 2.907977342605591 7499
1762875489387 2.744633913040161 7799
1762876375009 2.808018922805786 8099
1762877260855 2.762937545776367 8399
1762878146516 2.6989552974700928 8699
1762879031859 2.600116491317749 8999
1762879917274 2.5455079078674316 9299
1762880802839 2.5614233016967773 9599
1762881688309 2.510486602783203 9899
1762882573789 2.396477460861206 10199
1762883459095 2.4761109352111816 10499
