1763733876675 0.001 49
1763733886987 0.001 99
1763733897176 0.001 149
1763733906800 0.001 199
1763733917025 0.001 249
1763733926989 0.001 299
1763733979608 0.001 349
1763733988990 0.001 399
1763733998333 0.001 449
1763734007910 0.001 499
1763734017447 0.001 549
1763734027048 0.001 599
1763734082868 0.001 649
1763734093759 0.001 699
1763734103409 0.001 749
1763734112989 0.001 799
1763734122386 0.001 849
1763734131772 0.001 899
1763734178542 0.001 949
1763734187971 0.001 999
1763734197382 0.001 1049
1763734206781 0.001 1099
1763734216165 0.001 1149
1763734225643 0.001 1199
1763734275031 0.001 1249
1763734285328 0.001 1299
1763734295666 0.001 1349
1763734305783 0.001 1399
1763734316071 0.001 1449
1763734326341 0.001 1499
1763734384316 0.001 1549
1763734393843 0.001 1599
1763734404471 0.001 1649
