1763407474945 0.0 299
1763407475019 0.0 299
1763407531280 1.0 599
1763407531352 1.0 599
1763407585455 2.0 899
1763407585510 2.0 899
1763407641168 3.0 1199
1763407641236 3.0 1199
1763407698356 4.0 1499
1763407698378 4.0 1499
1763407755598 5.0 1799
1763407755667 5.0 1799
1763407811172 6.0 2099
1763407811227 6.0 2099
1763407864145 7.0 2399
1763407864163 7.0 2399
1763407917929 8.0 2699
1763407918027 8.0 2699
1763407975051 9.0 2999
1763407975074 9.0 2999
1763408029706 10.0 3299
1763408029767 10.0 3299
1763408083697 11.0 3599
1763408083712 11.0 3599
1763408137175 12.0 3899
1763408137231 12.0 3899
1763408190536 13.0 4199
1763408190552 13.0 4199
1763408243848 14.0 4499
1763408243911 14.0 4499
1763408297398 15.0 4799
1763408297416 15.0 4799
1763408353762 16.0 5099
1763408353830 16.0 5099
1763408412078 17.0 5399
1763408412154 17.0 5399
1763408471029 18.0 5699
1763408471104 18.0 5699
1763408528956 19.0 5999
1763408529020 19.0 5999
1763408583295 20.0 6299
1763408583312 20.0 6299
1763408637720 21.0 6599
1763408637737 21.0 6599
1763408694094 22.0 6899
1763408694116 22.0 6899
1763408748810 23.0 7199
1763408748827 23.0 7199
1763408803405 24.0 7499
1763408803423 24.0 7499
1763408859084 25.0 7799
1763408859103 25.0 7799
1763408915726 26.0 8099
1763408915782 26.0 8099
