1763407428283 0.001 49
1763407436080 0.001 99
1763407443888 0.001 149
1763407451694 0.001 199
1763407459506 0.001 249
1763407467684 0.001 299
1763407483098 0.001 349
1763407491283 0.001 399
1763407499437 0.001 449
1763407507658 0.001 499
1763407515780 0.001 549
1763407524097 0.001 599
1763407539522 0.001 649
1763407547792 0.001 699
1763407555798 0.001 749
1763407563625 0.001 799
1763407571454 0.001 849
1763407579287 0.001 899
1763407593237 0.001 949
1763407601070 0.001 999
1763407609255 0.001 1049
1763407617638 0.001 1099
1763407625781 0.001 1149
1763407634025 0.001 1199
1763407649463 0.001 1249
1763407657907 0.001 1299
1763407666265 0.001 1349
1763407674496 0.001 1399
1763407682808 0.001 1449
1763407691101 0.001 1499
1763407706557 0.001 1549
1763407714818 0.001 1599
1763407723164 0.001 1649
1763407731517 0.001 1699
1763407739797 0.001 1749
1763407748110 0.001 1799
1763407763977 0.001 1849
1763407772374 0.001 1899
1763407780780 0.001 1949
1763407789143 0.001 1999
1763407797203 0.001 2049
1763407804993 0.001 2099
1763407818963 0.001 2149
1763407826806 0.001 2199
1763407834651 0.001 2249
1763407842483 0.001 2299
1763407850272 0.001 2349
1763407858038 0.001 2399
1763407871822 0.001 2449
1763407879641 0.001 2499
1763407887540 0.001 2549
1763407895434 0.001 2599
1763407903346 0.001 2649
1763407911207 0.001 2699
1763407926321 0.001 2749
1763407934587 0.001 2799
1763407942927 0.001 2849
1763407951332 0.001 2899
1763407959672 0.001 2949
1763407967936 0.001 2999
1763407983412 0.001 3049
1763407991576 0.001 3099
1763407999465 0.001 3149
1763408007435 0.001 3199
1763408015393 0.001 3249
1763408023357 0.001 3299
1763408037542 0.001 3349
1763408045456 0.001 3399
1763408053360 0.001 3449
1763408061346 0.001 3499
1763408069346 0.001 3549
1763408077342 0.001 3599
1763408091511 0.001 3649
1763408099344 0.001 3699
1763408107155 0.001 3749
1763408114987 0.001 3799
1763408122915 0.001 3849
1763408130881 0.001 3899
1763408145082 0.001 3949
1763408152946 0.001 3999
1763408160788 0.001 4049
1763408168626 0.001 4099
1763408176461 0.001 4149
1763408184319 0.001 4199
1763408198297 0.001 4249
1763408206150 0.001 4299
1763408213998 0.001 4349
1763408221832 0.001 4399
1763408229664 0.001 4449
1763408237522 0.001 4499
1763408251789 0.001 4549
1763408259759 0.001 4599
1763408267681 0.001 4649
1763408275525 0.001 4699
1763408283390 0.001 4749
1763408291224 0.001 4799
1763408305143 0.001 4849
1763408313260 0.001 4899
1763408321659 0.001 4949
1763408329912 0.001 4999
1763408338149 0.001 5049
1763408346712 0.001 5099
1763408362000 0.001 5149
1763408370518 0.001 5199
1763408378930 0.001 5249
1763408387572 0.001 5299
1763408396207 0.001 5349
1763408404777 0.001 5399
1763408420578 0.001 5449
1763408429249 0.001 5499
1763408437882 0.001 5549
1763408446464 0.001 5599
1763408455116 0.001 5649
1763408463607 0.001 5699
1763408479491 0.001 5749
1763408487995 0.001 5799
1763408496547 0.001 5849
1763408504995 0.001 5899
1763408513288 0.001 5949
1763408521722 0.001 5999
1763408537175 0.001 6049
1763408545548 0.001 6099
1763408553477 0.001 6149
1763408561325 0.001 6199
1763408569209 0.001 6249
1763408577075 0.001 6299
1763408591050 0.001 6349
1763408599307 0.001 6399
1763408607504 0.001 6449
1763408615668 0.001 6499
1763408623633 0.001 6549
1763408631528 0.001 6599
1763408645515 0.001 6649
1763408653440 0.001 6699
1763408661386 0.001 6749
1763408669619 0.001 6799
1763408678339 0.001 6849
1763408686781 0.001 6899
1763408702398 0.001 6949
1763408710347 0.001 6999
1763408718305 0.001 7049
1763408726356 0.001 7099
1763408734382 0.001 7149
1763408742417 0.001 7199
1763408756745 0.001 7249
1763408764790 0.001 7299
1763408772874 0.001 7349
1763408780956 0.001 7399
1763408789041 0.001 7449
1763408797099 0.001 7499
1763408811363 0.001 7549
1763408819379 0.001 7599
1763408827416 0.001 7649
1763408835673 0.001 7699
1763408843876 0.001 7749
1763408852150 0.001 7799
1763408867375 0.001 7849
1763408875628 0.001 7899
1763408883876 0.001 7949
1763408892151 0.001 7999
1763408900701 0.001 8049
1763408909213 0.001 8099
1763408923644 0.001 8149
1763408931814 0.001 8199
1763408940001 0.001 8249
1763408948179 0.001 8299
