1763407475019 2.460904359817505 299
1763407531352 1.9926824569702148 599
1763407585510 1.8873417377471924 899
1763407641236 1.8380520343780518 1199
1763407698378 1.7802515029907227 1499
1763407755667 1.7259564399719238 1799
1763407811227 1.6928130388259888 2099
1763407864163 1.6885030269622803 2399
1763407918027 1.6675832271575928 2699
1763407975074 1.6556596755981445 2999
1763408029767 1.6506588459014893 3299
1763408083712 1.6223493814468384 3599
1763408137231 1.6230976581573486 3899
1763408190552 1.6099766492843628 4199
1763408243911 1.6022424697875977 4499
1763408297416 1.5928776264190674 4799
1763408353830 1.5760911703109741 5099
1763408412154 1.5545178651809692 5399
1763408471104 1.561399221420288 5699
1763408529020 1.5521910190582275 5999
1763408583312 1.5635312795639038 6299
1763408637737 1.5386812686920166 6599
1763408694116 1.548540472984314 6899
1763408748827 1.5485426187515259 7199
1763408803423 1.5300096273422241 7499
1763408859103 1.5243020057678223 7799
1763408915782 1.512818455696106 8099
