1763407475019 9.256064414978027 299
1763407531352 6.342714786529541 599
1763407585510 5.797150611877441 899
1763407641236 5.588593482971191 1199
1763407698378 5.323141098022461 1499
1763407755667 5.076379299163818 1799
1763407811227 5.003391742706299 2099
1763407864163 4.982071399688721 2399
1763407918027 4.872775554656982 2699
1763407975074 4.803904056549072 2999
1763408029767 4.848629951477051 3299
1763408083712 4.699281692504883 3599
1763408137231 4.665115833282471 3899
1763408190552 4.440080642700195 4199
1763408243911 4.405862808227539 4499
1763408297416 4.366212844848633 4799
1763408353830 4.343247413635254 5099
1763408412154 4.208991050720215 5399
1763408471104 4.33084774017334 5699
1763408529020 4.323589324951172 5999
1763408583312 4.337108135223389 6299
1763408637737 4.158238410949707 6599
1763408694116 4.318149566650391 6899
1763408748827 4.112256050109863 7199
1763408803423 4.198170185089111 7499
1763408859103 4.2136383056640625 7799
1763408915782 4.0501885414123535 8099
