1763407475019 0.27037855982780457 299
1763407531352 0.21451939642429352 599
1763407585510 0.20358267426490784 899
1763407641236 0.19799967110157013 1199
1763407698378 0.1929463893175125 1499
1763407755667 0.18830817937850952 1799
1763407811227 0.18571214377880096 2099
1763407864163 0.18351949751377106 2399
1763407918027 0.18325236439704895 2699
1763407975074 0.18052926659584045 2999
1763408029767 0.1795775592327118 3299
1763408083712 0.1782495081424713 3599
1763408137231 0.17786520719528198 3899
1763408190552 0.176410511136055 4199
1763408243911 0.17504045367240906 4499
1763408297416 0.1746799200773239 4799
1763408353830 0.1734161078929901 5099
1763408412154 0.17122125625610352 5399
1763408471104 0.17081035673618317 5699
1763408529020 0.17040030658245087 5999
1763408583312 0.17129826545715332 6299
1763408637737 0.1685541272163391 6599
1763408694116 0.16985557973384857 6899
1763408748827 0.16965584456920624 7199
1763408803423 0.16830648481845856 7499
1763408859103 0.16745354235172272 7799
1763408915782 0.16672293841838837 8099
