1763407475019 10.479599952697754 299
1763407531352 6.370220184326172 599
1763407585510 5.80497407913208 899
1763407641236 5.524890899658203 1199
1763407698378 5.291881084442139 1499
1763407755667 5.08327579498291 1799
1763407811227 4.972200870513916 2099
1763407864163 4.8705902099609375 2399
1763407918027 4.8662638664245605 2699
1763407975074 4.724499702453613 2999
1763408029767 4.682555675506592 3299
1763408083712 4.624661445617676 3599
1763408137231 4.611685752868652 3899
1763408190552 4.549671173095703 4199
1763408243911 4.47359561920166 4499
1763408297416 4.468974590301514 4799
1763408353830 4.403611183166504 5099
1763408412154 4.294644832611084 5399
1763408471104 4.265637397766113 5699
1763408529020 4.251804828643799 5999
1763408583312 4.278329849243164 6299
1763408637737 4.170803070068359 6599
1763408694116 4.210127830505371 6899
1763408748827 4.2101335525512695 7199
1763408803423 4.148014068603516 7499
1763408859103 4.088886260986328 7799
1763408915782 4.0532941818237305 8099
