1763407475019 2.390986204147339 299
1763407531352 1.8970023393630981 599
1763407585510 1.8002830743789673 899
1763407641236 1.7509043216705322 1199
1763407698378 1.7062281370162964 1499
1763407755667 1.6652123928070068 1799
1763407811227 1.64225172996521 2099
1763407864163 1.6228654384613037 2399
1763407918027 1.620495319366455 2699
1763407975074 1.5964198112487793 2999
1763408029767 1.5880074501037598 3299
1763408083712 1.5762619972229004 3599
1763408137231 1.5728683471679688 3899
1763408190552 1.5600100755691528 4199
1763408243911 1.5478860139846802 4499
1763408297416 1.5446929931640625 4799
1763408353830 1.5335227251052856 5099
1763408412154 1.5141085386276245 5399
1763408471104 1.510473608970642 5699
1763408529020 1.5068509578704834 5999
1763408583312 1.5147874355316162 6299
1763408637737 1.490525484085083 6599
1763408694116 1.5020400285720825 6899
1763408748827 1.5002692937850952 7199
1763408803423 1.4883333444595337 7499
1763408859103 1.4807883501052856 7799
1763408915782 1.4743295907974243 8099
