1763407475019 2.3801307678222656 299
1763407531352 2.04437255859375 599
1763407585510 1.9519356489181519 899
1763407641236 1.9057716131210327 1199
1763407698378 1.8749185800552368 1499
1763407755667 1.845370888710022 1799
1763407811227 1.8242963552474976 2099
1763407864163 1.8037933111190796 2399
1763407918027 1.8052978515625 2699
1763407975074 1.776275396347046 2999
1763408029767 1.76633882522583 3299
1763408083712 1.7574185132980347 3599
1763408137231 1.754189372062683 3899
1763408190552 1.7477266788482666 4199
1763408243911 1.7300244569778442 4499
1763408297416 1.734578251838684 4799
1763408353830 1.7149027585983276 5099
1763408412154 1.6923151016235352 5399
1763408471104 1.6837706565856934 5699
1763408529020 1.6831891536712646 5999
1763408583312 1.690789818763733 6299
1763408637737 1.6661666631698608 6599
1763408694116 1.675223469734192 6899
1763408748827 1.6784597635269165 7199
1763408803423 1.6665467023849487 7499
1763408859103 1.653620719909668 7799
1763408915782 1.6429485082626343 8099
