1763407475019 6.830419540405273 299
1763407531352 3.026035785675049 599
1763407585510 2.514008045196533 899
1763407641236 2.3106443881988525 1199
1763407698378 2.049985408782959 1499
1763407755667 1.8794277906417847 1799
1763407811227 1.8329697847366333 2099
1763407864163 1.818941354751587 2399
1763407918027 1.7791944742202759 2699
1763407975074 1.7271026372909546 2999
1763408029767 1.7524280548095703 3299
1763408083712 1.6407406330108643 3599
1763408137231 1.5840486288070679 3899
1763408190552 1.547954797744751 4199
1763408243911 1.5739282369613647 4499
1763408297416 1.4762156009674072 4799
1763408353830 1.550512433052063 5099
1763408412154 1.496680498123169 5399
1763408471104 1.5039880275726318 5699
1763408529020 1.527058482170105 5999
1763408583312 1.485917568206787 6299
1763408637737 1.4047874212265015 6599
1763408694116 1.5030328035354614 6899
1763408748827 1.4795328378677368 7199
1763408803423 1.4705736637115479 7499
1763408859103 1.472034215927124 7799
1763408915782 1.3985497951507568 8099
