1763407475019 1.8733896017074585 299
1763407531352 1.2962486743927002 599
1763407585510 1.208896279335022 899
1763407641236 1.1622414588928223 1199
1763407698378 1.108460783958435 1499
1763407755667 1.071812629699707 1799
1763407811227 1.0602971315383911 2099
1763407864163 1.0396219491958618 2399
1763407918027 1.0392742156982422 2699
1763407975074 1.019919514656067 2999
1763408029767 1.013081669807434 3299
1763408083712 1.0070165395736694 3599
1763408137231 1.0058975219726562 3899
1763408190552 0.9958270788192749 4199
1763408243911 0.9824202060699463 4499
1763408297416 0.977929949760437 4799
1763408353830 0.9821116924285889 5099
1763408412154 0.9678109884262085 5399
1763408471104 0.9731865525245667 5699
1763408529020 0.9682344794273376 5999
1763408583312 0.9714136719703674 6299
1763408637737 0.9548934102058411 6599
1763408694116 0.9612666964530945 6899
1763408748827 0.9647989869117737 7199
1763408803423 0.958492636680603 7499
1763408859103 0.9548094868659973 7799
1763408915782 0.9610700607299805 8099
