1763407475019 2.4642586708068848 299
1763407531352 2.10518217086792 599
1763407585510 2.06896710395813 899
1763407641236 2.0493805408477783 1199
1763407698378 2.041414976119995 1499
1763407755667 2.0071909427642822 1799
1763407811227 1.9898271560668945 2099
1763407864163 1.964525580406189 2399
1763407918027 1.9871293306350708 2699
1763407975074 1.9519407749176025 2999
1763408029767 1.937623143196106 3299
1763408083712 1.9434714317321777 3599
1763408137231 1.9336928129196167 3899
1763408190552 1.9207890033721924 4199
1763408243911 1.9154897928237915 4499
1763408297416 1.9086588621139526 4799
1763408353830 1.9062530994415283 5099
1763408412154 1.8926700353622437 5399
1763408471104 1.862383484840393 5699
1763408529020 1.8541866540908813 5999
1763408583312 1.8778595924377441 6299
1763408637737 1.8467659950256348 6599
1763408694116 1.8543788194656372 6899
1763408748827 1.8519389629364014 7199
1763408803423 1.8344115018844604 7499
1763408859103 1.8298527002334595 7799
1763408915782 1.8206793069839478 8099
