1763407475019 2.296743392944336 299
1763407531352 1.893886923789978 599
1763407585510 1.7981337308883667 899
1763407641236 1.7503007650375366 1199
1763407698378 1.698879361152649 1499
1763407755667 1.6489839553833008 1799
1763407811227 1.617073655128479 2099
1763407864163 1.6134483814239502 2399
1763407918027 1.5956794023513794 2699
1763407975074 1.5840452909469604 2999
1763408029767 1.5783889293670654 3299
1763408083712 1.5531004667282104 3599
1763408137231 1.5546460151672363 3899
1763408190552 1.5444469451904297 4199
1763408243911 1.5364505052566528 4499
1763408297416 1.5272026062011719 4799
1763408353830 1.5134508609771729 5099
1763408412154 1.4931408166885376 5399
1763408471104 1.497248649597168 5699
1763408529020 1.4893590211868286 5999
1763408583312 1.5002435445785522 6299
1763408637737 1.478037714958191 6599
1763408694116 1.4857659339904785 6899
1763408748827 1.4887349605560303 7199
1763408803423 1.4690406322479248 7499
1763408859103 1.462634801864624 7799
1763408915782 1.4527742862701416 8099
