1763407475019 1.7053948640823364 299
1763407531352 1.0356427431106567 599
1763407585510 0.9302060604095459 899
1763407641236 0.8941656947135925 1199
1763407698378 0.8428484797477722 1499
1763407755667 0.8036817312240601 1799
1763407811227 0.7956061363220215 2099
1763407864163 0.7817694544792175 2399
1763407918027 0.7812971472740173 2699
1763407975074 0.7633411884307861 2999
1763408029767 0.7686071991920471 3299
1763408083712 0.7581469416618347 3599
1763408137231 0.7436420321464539 3899
1763408190552 0.7399920225143433 4199
1763408243911 0.7318525910377502 4499
1763408297416 0.7293087840080261 4799
1763408353830 0.74045330286026 5099
1763408412154 0.7221754193305969 5399
1763408471104 0.7318112850189209 5699
1763408529020 0.7179209589958191 5999
1763408583312 0.7287961840629578 6299
1763408637737 0.710419774055481 6599
1763408694116 0.7177291512489319 6899
1763408748827 0.7241548299789429 7199
1763408803423 0.7112109065055847 7499
1763408859103 0.7143187522888184 7799
1763408915782 0.7179211974143982 8099
