1763407475019 1.9954489469528198 299
1763407531352 1.3397583961486816 599
1763407585510 1.2459189891815186 899
1763407641236 1.197090983390808 1199
1763407698378 1.1400808095932007 1499
1763407755667 1.101122498512268 1799
1763407811227 1.0890055894851685 2099
1763407864163 1.0677350759506226 2399
1763407918027 1.0673078298568726 2699
1763407975074 1.0471364259719849 2999
1763408029767 1.0402147769927979 3299
1763408083712 1.0331404209136963 3599
1763408137231 1.031606674194336 3899
1763408190552 1.020803689956665 4199
1763408243911 1.0077515840530396 4499
1763408297416 1.0019868612289429 4799
1763408353830 1.0073586702346802 5099
1763408412154 0.9920198917388916 5399
1763408471104 0.9975545406341553 5699
1763408529020 0.9930250644683838 5999
1763408583312 0.9956390261650085 6299
1763408637737 0.9783704280853271 6599
1763408694116 0.9854989647865295 6899
1763408748827 0.9890601634979248 7199
1763408803423 0.9823963642120361 7499
1763408859103 0.9788733124732971 7799
1763408915782 0.9841855764389038 8099
