1763407475019 2.2378389835357666 299
1763407531352 1.670658826828003 599
1763407585510 1.5616527795791626 899
1763407641236 1.5008981227874756 1199
1763407698378 1.4372533559799194 1499
1763407755667 1.4014798402786255 1799
1763407811227 1.382220983505249 2099
1763407864163 1.3524560928344727 2399
1763407918027 1.3489652872085571 2699
1763407975074 1.3264539241790771 2999
1763408029767 1.3163504600524902 3299
1763408083712 1.3121800422668457 3599
1763408137231 1.3099112510681152 3899
1763408190552 1.2940706014633179 4199
1763408243911 1.280574917793274 4499
1763408297416 1.2785552740097046 4799
1763408353830 1.2680081129074097 5099
1763408412154 1.2523630857467651 5399
1763408471104 1.254365086555481 5699
1763408529020 1.2521511316299438 5999
1763408583312 1.253938913345337 6299
1763408637737 1.2377935647964478 6599
1763408694116 1.2516571283340454 6899
1763408748827 1.2439358234405518 7199
1763408803423 1.2451982498168945 7499
1763408859103 1.23017418384552 7799
1763408915782 1.2367463111877441 8099
