1763407475019 11.37292194366455 299
1763407531352 9.079216003417969 599
1763407585510 8.778623580932617 899
1763407641236 8.421199798583984 1199
1763407698378 8.420609474182129 1499
1763407755667 8.133520126342773 1799
1763407811227 8.12363338470459 2099
1763407864163 8.093091011047363 2399
1763407918027 8.098982810974121 2699
1763407975074 7.883997440338135 2999
1763408029767 7.90390157699585 3299
1763408083712 7.73405122756958 3599
1763408137231 7.763900279998779 3899
1763408190552 7.342550277709961 4199
1763408243911 7.343846321105957 4499
1763408297416 7.1568169593811035 4799
1763408353830 7.322486400604248 5099
1763408412154 7.042953014373779 5399
1763408471104 7.209380626678467 5699
1763408529020 7.274585723876953 5999
1763408583312 7.217483997344971 6299
1763408637737 6.96099328994751 6599
1763408694116 7.2452497482299805 6899
1763408748827 6.9451680183410645 7199
1763408803423 7.0558977127075195 7499
1763408859103 6.955134391784668 7799
1763408915782 6.721181392669678 8099
