1763407475019 8.026556015014648 299
1763407531352 4.531316757202148 599
1763407585510 3.9085628986358643 899
1763407641236 3.717531442642212 1199
1763407698378 3.4521501064300537 1499
1763407755667 3.2361867427825928 1799
1763407811227 3.160932779312134 2099
1763407864163 3.0976765155792236 2399
1763407918027 3.013256072998047 2699
1763407975074 2.999699831008911 2999
1763408029767 3.008754014968872 3299
1763408083712 2.862870931625366 3599
1763408137231 2.782360315322876 3899
1763408190552 2.6740336418151855 4199
1763408243911 2.7003681659698486 4499
1763408297416 2.6655781269073486 4799
1763408353830 2.681079864501953 5099
1763408412154 2.48713755607605 5399
1763408471104 2.6366188526153564 5699
1763408529020 2.656419515609741 5999
1763408583312 2.6798534393310547 6299
1763408637737 2.5086376667022705 6599
1763408694116 2.6184215545654297 6899
1763408748827 2.502377986907959 7199
1763408803423 2.563521385192871 7499
1763408859103 2.570686101913452 7799
1763408915782 2.4988937377929688 8099
