1763407475019 2.2285592555999756 299
1763407531352 1.8009229898452759 599
1763407585510 1.7131853103637695 899
1763407641236 1.667112946510315 1199
1763407698378 1.626725435256958 1499
1763407755667 1.589095115661621 1799
1763407811227 1.5672788619995117 2099
1763407864163 1.5485278367996216 2399
1763407918027 1.5475844144821167 2699
1763407975074 1.5251153707504272 2999
1763408029767 1.5158956050872803 3299
1763408083712 1.5067565441131592 3599
1763408137231 1.5036481618881226 3899
1763408190552 1.4939908981323242 4199
1763408243911 1.4824036359786987 4499
1763408297416 1.479514479637146 4799
1763408353830 1.4693659543991089 5099
1763408412154 1.4515315294265747 5399
1763408471104 1.4464495182037354 5699
1763408529020 1.4429970979690552 5999
1763408583312 1.450709581375122 6299
1763408637737 1.4289112091064453 6599
1763408694116 1.438772201538086 6899
1763408748827 1.4392327070236206 7199
1763408803423 1.4265414476394653 7499
1763408859103 1.418697714805603 7799
1763408915782 1.414736032485962 8099
