1763407475019 1.8142644166946411 299
1763407531352 1.065261721611023 599
1763407585510 0.9534187316894531 899
1763407641236 0.9156969785690308 1199
1763407698378 0.8620980381965637 1499
1763407755667 0.8203011751174927 1799
1763407811227 0.8122851848602295 2099
1763407864163 0.7981350421905518 2399
1763407918027 0.7978246212005615 2699
1763407975074 0.7787817716598511 2999
1763408029767 0.7846212387084961 3299
1763408083712 0.7731664180755615 3599
1763408137231 0.757811427116394 3899
1763408190552 0.7538065314292908 4199
1763408243911 0.7458622455596924 4499
1763408297416 0.7429472804069519 4799
1763408353830 0.7546939253807068 5099
1763408412154 0.7357673645019531 5399
1763408471104 0.7460756897926331 5699
1763408529020 0.7317216396331787 5999
1763408583312 0.7424154281616211 6299
1763408637737 0.7236583232879639 6599
1763408694116 0.7315178513526917 6899
1763408748827 0.7379048466682434 7199
1763408803423 0.724803626537323 7499
1763408859103 0.727965772151947 7799
1763408915782 0.7309167385101318 8099
