1763407475019 2.5647268295288086 299
1763407531352 2.169739246368408 599
1763407585510 2.0667777061462402 899
1763407641236 2.01572585105896 1199
1763407698378 1.9798470735549927 1499
1763407755667 1.9468779563903809 1799
1763407811227 1.924193024635315 2099
1763407864163 1.9030311107635498 2399
1763407918027 1.9037230014801025 2699
1763407975074 1.871598243713379 2999
1763408029767 1.8639620542526245 3299
1763408083712 1.8512423038482666 3599
1763408137231 1.848118543624878 3899
1763408190552 1.8372668027877808 4199
1763408243911 1.8162853717803955 4499
1763408297416 1.8223376274108887 4799
1763408353830 1.8008817434310913 5099
1763408412154 1.7772010564804077 5399
1763408471104 1.76934015750885 5699
1763408529020 1.7683852910995483 5999
1763408583312 1.7768406867980957 6299
1763408637737 1.749352216720581 6599
1763408694116 1.7597423791885376 6899
1763408748827 1.7608368396759033 7199
1763408803423 1.7487213611602783 7499
1763408859103 1.7364662885665894 7799
1763408915782 1.7222918272018433 8099
