1763407475019 2.0994391441345215 299
1763407531352 1.6048351526260376 599
1763407585510 1.5048918724060059 899
1763407641236 1.4467605352401733 1199
1763407698378 1.3867175579071045 1499
1763407755667 1.3539365530014038 1799
1763407811227 1.335518717765808 2099
1763407864163 1.3071050643920898 2399
1763407918027 1.3048155307769775 2699
1763407975074 1.2827224731445312 2999
1763408029767 1.2723491191864014 3299
1763408083712 1.2703216075897217 3599
1763408137231 1.2683801651000977 3899
1763408190552 1.254288911819458 4199
1763408243911 1.240220308303833 4499
1763408297416 1.2392568588256836 4799
1763408353830 1.228479027748108 5099
1763408412154 1.21466064453125 5399
1763408471104 1.215067744255066 5699
1763408529020 1.2125684022903442 5999
1763408583312 1.214383602142334 6299
1763408637737 1.2001482248306274 6599
1763408694116 1.2127704620361328 6899
1763408748827 1.206847906112671 7199
1763408803423 1.2068595886230469 7499
1763408859103 1.1918025016784668 7799
1763408915782 1.1996941566467285 8099
