1763407475019 9.376056671142578 299
1763407531352 6.640064716339111 599
1763407585510 5.992201805114746 899
1763407641236 5.945748329162598 1199
1763407698378 5.569833755493164 1499
1763407755667 5.269629955291748 1799
1763407811227 5.177480220794678 2099
1763407864163 5.185798168182373 2399
1763407918027 4.943226337432861 2699
1763407975074 4.954752445220947 2999
1763408029767 4.963544845581055 3299
1763408083712 4.818506717681885 3599
1763408137231 4.731330871582031 3899
1763408190552 4.527499675750732 4199
1763408243911 4.492932319641113 4499
1763408297416 4.510227203369141 4799
1763408353830 4.380150318145752 5099
1763408412154 4.264547824859619 5399
1763408471104 4.423488616943359 5699
1763408529020 4.372267723083496 5999
1763408583312 4.378141403198242 6299
1763408637737 4.211607933044434 6599
1763408694116 4.385402679443359 6899
1763408748827 4.119071960449219 7199
1763408803423 4.282140254974365 7499
1763408859103 4.267909526824951 7799
1763408915782 4.172558307647705 8099
