1763407475019 6.034887313842773 299
1763407531352 1.9594694375991821 599
1763407585510 1.426716923713684 899
1763407641236 1.2816271781921387 1199
1763407698378 1.09950590133667 1499
1763407755667 0.9049980044364929 1799
1763407811227 0.9068851470947266 2099
1763407864163 0.874663770198822 2399
1763407918027 0.8825750946998596 2699
1763407975074 0.8125151991844177 2999
1763408029767 0.8368907570838928 3299
1763408083712 0.7795467972755432 3599
1763408137231 0.7157043814659119 3899
1763408190552 0.6874382495880127 4199
1763408243911 0.6959458589553833 4499
1763408297416 0.6608785390853882 4799
1763408353830 0.7038187384605408 5099
1763408412154 0.6686275601387024 5399
1763408471104 0.7014012932777405 5699
1763408529020 0.6630434989929199 5999
1763408583312 0.679892897605896 6299
1763408637737 0.6340469717979431 6599
1763408694116 0.6709292531013489 6899
1763408748827 0.6623769402503967 7199
1763408803423 0.6549556255340576 7499
1763408859103 0.6590290665626526 7799
1763408915782 0.6133432984352112 8099
