1763407475019 2.6624391078948975 299
1763407531352 2.2473537921905518 599
1763407585510 2.204259157180786 899
1763407641236 2.1785874366760254 1199
1763407698378 2.17095685005188 1499
1763407755667 2.132774829864502 1799
1763407811227 2.114081621170044 2099
1763407864163 2.0884695053100586 2399
1763407918027 2.1109237670898438 2699
1763407975074 2.071638584136963 2999
1763408029767 2.0573208332061768 3299
1763408083712 2.060732126235962 3599
1763408137231 2.0509748458862305 3899
1763408190552 2.032299041748047 4199
1763408243911 2.0273170471191406 4499
1763408297416 2.017606019973755 4799
1763408353830 2.016580104827881 5099
1763408412154 1.9993115663528442 5399
1763408471104 1.970407485961914 5699
1763408529020 1.963401436805725 5999
1763408583312 1.9860496520996094 6299
1763408637737 1.9521535634994507 6599
1763408694116 1.9615730047225952 6899
1763408748827 1.9563344717025757 7199
1763408803423 1.9401500225067139 7499
1763408859103 1.9336059093475342 7799
1763408915782 1.9202144145965576 8099
