1763407475019 10.525420188903809 299
1763407531352 8.191645622253418 599
1763407585510 7.6283769607543945 899
1763407641236 7.2990946769714355 1199
1763407698378 7.028613567352295 1499
1763407755667 6.73949670791626 1799
1763407811227 6.675307750701904 2099
1763407864163 6.649372100830078 2399
1763407918027 6.565173625946045 2699
1763407975074 6.454400539398193 2999
1763408029767 6.5420050621032715 3299
1763408083712 6.345764636993408 3599
1763408137231 6.360641002655029 3899
1763408190552 6.058328151702881 4199
1763408243911 5.860719203948975 4499
1763408297416 5.916383743286133 4799
1763408353830 5.877168655395508 5099
1763408412154 5.736832618713379 5399
1763408471104 5.841724395751953 5699
1763408529020 5.8033246994018555 5999
1763408583312 5.84569787979126 6299
1763408637737 5.68418025970459 6599
1763408694116 5.847936630249023 6899
1763408748827 5.623023986816406 7199
1763408803423 5.660083293914795 7499
1763408859103 5.696121692657471 7799
1763408915782 5.48050594329834 8099
