1762684121952 0.001 49
1762684131140 0.001 99
1762684140362 0.001 149
1762684149586 0.001 199
1762684158779 0.001 249
1762684167868 0.001 299
1762684183111 0.001 349
1762684192274 0.001 399
1762684201490 0.001 449
1762684210711 0.001 499
1762684219880 0.001 549
1762684228962 0.001 599
1762684244178 0.001 649
1762684253282 0.001 699
1762684262395 0.001 749
1762684271499 0.001 799
1762684280628 0.001 849
1762684289690 0.001 899
1762684304955 0.001 949
1762684314068 0.001 999
1762684323227 0.001 1049
1762684332367 0.001 1099
1762684341569 0.001 1149
1762684350656 0.001 1199
1762684366007 0.001 1249
1762684375102 0.001 1299
1762684384275 0.001 1349
1762684393339 0.001 1399
1762684402413 0.001 1449
1762684411467 0.001 1499
