1762940093433 0.0 299
1762940093484 0.0 299
1762940885800 1.0 599
1762940885837 1.0 599
1762941784922 2.0 899
1762941784955 2.0 899
1762942683663 3.0 1199
1762942683696 3.0 1199
1762943582927 4.0 1499
1762943582963 4.0 1499
1762944482013 5.0 1799
1762944482053 5.0 1799
1762945381278 6.0 2099
1762945381294 6.0 2099
1762946279846 7.0 2399
1762946279879 7.0 2399
1762947211981 8.0 2699
1762947212002 8.0 2699
1762948271506 9.0 2999
1762948271526 9.0 2999
1762949466147 10.0 3299
1762949466170 10.0 3299
1762950609440 11.0 3599
1762950609494 11.0 3599
1762951754357 12.0 3899
1762951754394 12.0 3899
1762952938191 13.0 4199
1762952938207 13.0 4199
1762954121595 14.0 4499
1762954121615 14.0 4499
1762955305155 15.0 4799
1762955305191 15.0 4799
1762956488575 16.0 5099
1762956488596 16.0 5099
1762957672544 17.0 5399
1762957672564 17.0 5399
1762958864986 18.0 5699
1762958865008 18.0 5699
1762960053813 19.0 5999
1762960053834 19.0 5999
1762961399477 20.0 6299
1762961399492 20.0 6299
1762962653334 21.0 6599
1762962653357 21.0 6599
1762963871178 22.0 6899
1762963871202 22.0 6899
1762965074703 23.0 7199
1762965074723 23.0 7199
1762966272230 24.0 7499
1762966272274 24.0 7499
1762967471828 25.0 7799
1762967471848 25.0 7799
1762968670761 26.0 8099
1762968670778 26.0 8099
1762969869592 27.0 8399
1762969869610 27.0 8399
1762971068710 28.0 8699
1762971068728 28.0 8699
1762972286983 29.0 8999
1762972287021 29.0 8999
1762973883475 30.0 9299
1762973883501 30.0 9299
1762975755332 31.0 9599
1762975755349 31.0 9599
1762977626563 32.0 9899
1762977626581 32.0 9899
1762979548322 33.0 10199
1762979548343 33.0 10199
1762981106437 34.0 10499
1762981106467 34.0 10499
1762982539849 35.0 10799
1762982539866 35.0 10799
1762983973216 36.0 11099
1762983973235 36.0 11099
1762985406642 37.0 11399
1762985406698 37.0 11399
1762986840333 38.0 11699
1762986840352 38.0 11699
1762988279545 39.0 11999
1762988279582 39.0 11999
1762989847772 40.0 12299
1762989847793 40.0 12299
1762991541200 41.0 12599
1762991541218 41.0 12599
1762993234531 42.0 12899
1762993234572 42.0 12899
1762994927857 43.0 13199
1762994927875 43.0 13199
1762996621222 44.0 13499
1762996621238 44.0 13499
1762998314401 45.0 13799
1762998314418 45.0 13799
1763000007395 46.0 14099
1763000007414 46.0 14099
1763001700396 47.0 14399
1763001700430 47.0 14399
1763003393562 48.0 14699
1763003393581 48.0 14699
1763005086840 49.0 14999
1763005086874 49.0 14999
1763006779867 50.0 15299
1763006779893 50.0 15299
1763008472823 51.0 15599
1763008472843 51.0 15599
1763010165876 52.0 15899
1763010165895 52.0 15899
1763011858919 53.0 16199
1763011858938 53.0 16199
1763013552092 54.0 16499
1763013552113 54.0 16499
1763015245221 55.0 16799
1763015245240 55.0 16799
1763016938777 56.0 17099
1763016938795 56.0 17099
1763018631517 57.0 17399
1763018631537 57.0 17399
1763020332381 58.0 17699
1763020332400 58.0 17699
