1762939575852 0.0005 49
1762939669351 0.0005 99
1762939762924 0.0005 149
1762939856462 0.0005 199
1762939950040 0.0005 249
1762940043614 0.0005 299
1762940185547 0.0005 349
1762940279477 0.0005 399
1762940376006 0.0005 449
1762940523927 0.0005 499
1762940663058 0.0005 549
1762940798780 0.0005 599
1762941018897 0.0005 649
1762941154582 0.0005 699
1762941290306 0.0005 749
1762941425983 0.0005 799
1762941561766 0.0005 849
1762941697497 0.0005 899
1762941917963 0.0005 949
1762942053693 0.0005 999
1762942189372 0.0005 1049
1762942325075 0.0005 1099
1762942460727 0.0005 1149
1762942596483 0.0005 1199
1762942816712 0.0005 1249
1762942952440 0.0005 1299
1762943088226 0.0005 1349
1762943223987 0.0005 1399
1762943359700 0.0005 1449
1762943495464 0.0005 1499
1762943716191 0.0005 1549
1762943851909 0.0005 1599
1762943987587 0.0005 1649
1762944123372 0.0005 1699
1762944259014 0.0005 1749
1762944394851 0.0005 1799
1762944615190 0.0005 1849
1762944750986 0.0005 1899
1762944886733 0.0005 1949
1762945022384 0.0005 1999
1762945158149 0.0005 2049
1762945293804 0.0005 2099
1762945514469 0.0005 2149
1762945650224 0.0005 2199
1762945785885 0.0005 2249
1762945921509 0.0005 2299
1762946057222 0.0005 2349
1762946192906 0.0005 2399
1762946413050 0.0005 2449
1762946548884 0.0005 2499
1762946684661 0.0005 2549
1762946820351 0.0005 2599
1762946956044 0.0005 2649
1762947112249 0.0005 2699
1762947372393 0.0005 2749
1762947537306 0.0005 2799
1762947700097 0.0005 2849
1762947857832 0.0005 2899
1762948016946 0.0005 2949
1762948177800 0.0005 2999
1762948460487 0.0005 3049
1762948653906 0.0005 3099
1762948846049 0.0005 3149
1762949022151 0.0005 3199
1762949197495 0.0005 3249
1762949372899 0.0005 3299
1762949638080 0.0005 3349
1762949813896 0.0005 3399
1762949990501 0.0005 3449
1762950165872 0.0005 3499
1762950341094 0.0005 3549
1762950516337 0.0005 3599
1762950781387 0.0005 3649
1762950956640 0.0005 3699
1762951132183 0.0005 3749
1762951307522 0.0005 3799
1762951483044 0.0005 3849
1762951657932 0.0005 3899
1762951934201 0.0005 3949
1762952117404 0.0005 3999
1762952300587 0.0005 4049
1762952483658 0.0005 4099
1762952666734 0.0005 4149
1762952849883 0.0005 4199
1762953117757 0.0005 4249
1762953300873 0.0005 4299
1762953483998 0.0005 4349
1762953667187 0.0005 4399
1762953850354 0.0005 4449
1762954033339 0.0005 4499
1762954301156 0.0005 4549
1762954484345 0.0005 4599
1762954667484 0.0005 4649
1762954850679 0.0005 4699
1762955033822 0.0005 4749
1762955216963 0.0005 4799
1762955484662 0.0005 4849
1762955667712 0.0005 4899
1762955850888 0.0005 4949
1762956034009 0.0005 4999
1762956217177 0.0005 5049
1762956400370 0.0005 5099
1762956668194 0.0005 5149
1762956851314 0.0005 5199
1762957034569 0.0005 5249
1762957217686 0.0005 5299
1762957400841 0.0005 5349
1762957584080 0.0005 5399
1762957852072 0.0005 5449
1762958035428 0.0005 5499
1762958224016 0.0005 5549
1762958409796 0.0005 5599
1762958593046 0.0005 5649
1762958776019 0.0005 5699
1762959044475 0.0005 5749
1762959227596 0.0005 5799
1762959410556 0.0005 5849
1762959594445 0.0005 5899
1762959778728 0.0005 5949
1762959963904 0.0005 5999
1762960233229 0.0005 6049
1762960423827 0.0005 6099
1762960639958 0.0005 6149
1762960855078 0.0005 6199
1762961072816 0.0005 6249
1762961289967 0.0005 6299
1762961595325 0.0005 6349
1762961781330 0.0005 6399
1762961967497 0.0005 6449
1762962153418 0.0005 6499
1762962351550 0.0005 6549
1762962556979 0.0005 6599
1762962843173 0.0005 6649
1762963041785 0.0005 6699
1762963226997 0.0005 6749
1762963412202 0.0005 6799
1762963597386 0.0005 6849
1762963782835 0.0005 6899
1762964053064 0.0005 6949
1762964238610 0.0005 6999
1762964426962 0.0005 7049
1762964614722 0.0005 7099
1762964800807 0.0005 7149
1762964986298 0.0005 7199
1762965256477 0.0005 7249
1762965441997 0.0005 7299
1762965627427 0.0005 7349
1762965812903 0.0005 7399
1762965998368 0.0005 7449
1762966183764 0.0005 7499
1762966454196 0.0005 7549
1762966639710 0.0005 7599
1762966825949 0.0005 7649
1762967011694 0.0005 7699
1762967197440 0.0005 7749
1762967383181 0.0005 7799
1762967653869 0.0005 7849
1762967839692 0.0005 7899
1762968025303 0.0005 7949
1762968210910 0.0005 7999
1762968396621 0.0005 8049
1762968582290 0.0005 8099
1762968852771 0.0005 8149
1762969038385 0.0005 8199
1762969224049 0.0005 8249
1762969409761 0.0005 8299
1762969595434 0.0005 8349
1762969781062 0.0005 8399
1762970051687 0.0005 8449
1762970237445 0.0005 8499
1762970423101 0.0005 8549
1762970608760 0.0005 8599
1762970794402 0.0005 8649
1762970980059 0.0005 8699
1762971250804 0.0005 8749
1762971438978 0.0005 8799
1762971641330 0.0005 8849
1762971827460 0.0005 8899
1762972013069 0.0005 8949
1762972198572 0.0005 8999
1762972468954 0.0005 9049
1762972655083 0.0005 9099
1762972859322 0.0005 9149
1762973053061 0.0005 9199
1762973503899 0.0005 9249
1762973805031 0.0005 9299
1762974177489 0.0005 9349
1762974477304 0.0005 9399
1762974777167 0.0005 9449
1762975077103 0.0005 9499
1762975377078 0.0005 9549
1762975677167 0.0005 9599
1762976049259 0.0005 9649
1762976349071 0.0005 9699
1762976648840 0.0005 9749
1762976948623 0.0005 9799
1762977248455 0.0005 9849
1762977548274 0.0005 9899
1762977928000 0.0005 9949
1762978227494 0.0005 9999
1762978531140 0.0005 10049
1762978845801 0.0005 10099
1762979153845 0.0005 10149
1762979469979 0.0005 10199
1762979845837 0.0005 10249
1762980133797 0.0005 10299
1762980367098 0.0005 10349
1762980599981 0.0005 10399
1762980832895 0.0005 10449
1762981065756 0.0005 10499
1762981334752 0.0005 10549
1762981567647 0.0005 10599
1762981800558 0.0005 10649
1762982033412 0.0005 10699
1762982266271 0.0005 10749
1762982499215 0.0005 10799
1762982768162 0.0005 10849
1762983000999 0.0005 10899
1762983233869 0.0005 10949
1762983466791 0.0005 10999
1762983699687 0.0005 11049
1762983932539 0.0005 11099
1762984201536 0.0005 11149
1762984434433 0.0005 11199
1762984667302 0.0005 11249
1762984900159 0.0005 11299
1762985133069 0.0005 11349
1762985365988 0.0005 11399
1762985634940 0.0005 11449
1762985867895 0.0005 11499
1762986100823 0.0005 11549
1762986333669 0.0005 11599
1762986566589 0.0005 11649
1762986799514 0.0005 11699
1762987068695 0.0005 11749
1762987301602 0.0005 11799
1762987535940 0.0005 11849
1762987773094 0.0005 11899
1762988006165 0.0005 11949
1762988238794 0.0005 11999
1762988511419 0.00015 12049
1762988750882 0.00015 12099
1762988969641 0.00015 12149
1762989226088 0.00015 12199
1762989495348 0.00015 12249
1762989764561 0.00015 12299
1762990111714 0.00015 12349
1762990380919 0.00015 12399
1762990650210 0.00015 12449
1762990919449 0.00015 12499
1762991188743 0.00015 12549
1762991458025 0.00015 12599
1762991805116 0.00015 12649
1762992074372 0.00015 12699
1762992343589 0.00015 12749
1762992612899 0.00015 12799
1762992882144 0.00015 12849
1762993151335 0.00015 12899
1762993498485 0.00015 12949
1762993767724 0.00015 12999
1762994037024 0.00015 13049
1762994306206 0.00015 13099
1762994575413 0.00015 13149
1762994844633 0.00015 13199
1762995191770 0.00015 13249
1762995461066 0.00015 13299
1762995730309 0.00015 13349
1762995999502 0.00015 13399
1762996268796 0.00015 13449
1762996537960 0.00015 13499
1762996885150 0.00015 13549
1762997154370 0.00015 13599
1762997423615 0.00015 13649
1762997692809 0.00015 13699
1762997961942 0.00015 13749
1762998231193 0.00015 13799
1762998578217 0.00015 13849
1762998847427 0.00015 13899
1762999116665 0.00015 13949
1762999385887 0.00015 13999
1762999655054 0.00015 14049
1762999924231 0.00015 14099
1763000271264 0.00015 14149
1763000540490 0.00015 14199
1763000809715 0.00015 14249
1763001078887 0.00015 14299
1763001348070 0.00015 14349
1763001617230 0.00015 14399
1763001964297 0.00015 14449
1763002233493 0.00015 14499
1763002502686 0.00015 14549
1763002771859 0.00015 14599
1763003041083 0.00015 14649
1763003310281 0.00015 14699
1763003657306 0.00015 14749
1763003926521 0.00015 14799
1763004195677 0.00015 14849
1763004464914 0.00015 14899
1763004734429 0.00015 14949
1763005003687 0.00015 14999
1763005350729 0.00015 15049
1763005619876 0.00015 15099
1763005889066 0.00015 15149
1763006158245 0.00015 15199
1763006427478 0.00015 15249
1763006696633 0.00015 15299
1763007043734 0.00015 15349
1763007312872 0.00015 15399
1763007582072 0.00015 15449
1763007851222 0.00015 15499
1763008120480 0.00015 15549
1763008389651 0.00015 15599
1763008736746 0.00015 15649
1763009005972 0.00015 15699
1763009275116 0.00015 15749
1763009544386 0.00015 15799
1763009813610 0.00015 15849
1763010082773 0.00015 15899
1763010429734 0.00015 15949
1763010698967 0.00015 15999
1763010968135 0.00015 16049
1763011237260 0.00015 16099
1763011506498 0.00015 16149
1763011775737 0.00015 16199
1763012122812 0.00015 16249
1763012392004 0.00015 16299
1763012661142 0.00015 16349
1763012930422 0.00015 16399
1763013199686 0.00015 16449
1763013468909 0.00015 16499
1763013815886 0.00015 16549
1763014085041 0.00015 16599
1763014354211 0.00015 16649
1763014623464 0.00015 16699
1763014892689 0.00015 16749
1763015161833 0.00015 16799
1763015509163 0.00015 16849
1763015778365 0.00015 16899
1763016047664 0.00015 16949
1763016316803 0.00015 16999
1763016586059 0.00015 17049
1763016855322 0.00015 17099
1763017202654 0.00015 17149
1763017471779 0.00015 17199
1763017740838 0.00015 17249
1763018010026 0.00015 17299
1763018279109 0.00015 17349
1763018548269 0.00015 17399
1763018895340 0.00015 17449
1763019174946 0.00015 17499
1763019443589 0.00015 17549
1763019712279 0.00015 17599
1763019980834 0.00015 17649
1763020249395 0.00015 17699
1763020596066 0.00015 17749
1763020870615 0.00015 17799
1763021140675 0.00015 17849
