1762940093484 11.973213195800781 299
1762940885837 8.19229793548584 599
1762941784955 7.501712322235107 899
1762942683696 7.512201309204102 1199
1762943582963 7.255955219268799 1499
1762944482053 6.933437347412109 1799
1762945381294 6.611526966094971 2099
1762946279879 6.884528636932373 2399
1762947212002 6.713217735290527 2699
1762948271526 6.834681034088135 2999
1762949466170 6.429209232330322 3299
1762950609494 6.4879231452941895 3599
1762951754394 6.430240154266357 3899
1762952938207 6.393218994140625 4199
1762954121615 6.308248996734619 4499
1762955305191 6.408426284790039 4799
1762956488596 6.293912887573242 5099
1762957672564 6.290892601013184 5399
1762958865008 6.180039882659912 5699
1762960053834 6.158145904541016 5999
1762961399492 6.0905914306640625 6299
1762962653357 6.061734199523926 6599
1762963871202 6.009294509887695 6899
1762965074723 6.027865409851074 7199
1762966272274 5.810878276824951 7499
1762967471848 5.794878005981445 7799
1762968670778 5.80551815032959 8099
1762969869610 5.801749229431152 8399
1762971068728 5.982959270477295 8699
1762972287021 5.7694172859191895 8999
1762973883501 5.858962059020996 9299
1762975755349 5.721834182739258 9599
1762977626581 5.702969074249268 9899
1762979548343 5.7306060791015625 10199
1762981106467 5.5820817947387695 10499
1762982539866 5.340095043182373 10799
1762983973235 5.456575393676758 11099
1762985406698 5.612541198730469 11399
1762986840352 5.389082908630371 11699
1762988279582 5.517922878265381 11999
1762989847793 5.175771713256836 12299
1762991541218 5.201399326324463 12599
1762993234572 5.273785591125488 12899
1762994927875 5.330209255218506 13199
1762996621238 5.1323089599609375 13499
1762998314418 5.326239585876465 13799
1763000007414 5.136023998260498 14099
1763001700430 4.901280403137207 14399
1763003393581 5.160915851593018 14699
1763005086874 5.1606059074401855 14999
1763006779893 5.133324146270752 15299
1763008472843 5.214363098144531 15599
1763010165895 5.048929214477539 15899
1763011858938 5.16366720199585 16199
1763013552113 5.131498336791992 16499
1763015245240 5.079838752746582 16799
1763016938795 5.02901029586792 17099
1763018631537 4.907327175140381 17399
1763020332400 4.861119747161865 17699
