1762940093484 2.715284585952759 299
1762940885837 1.836966872215271 599
1762941784955 1.717671513557434 899
1762942683696 1.6641379594802856 1199
1762943582963 1.6255182027816772 1499
1762944482053 1.595986247062683 1799
1762945381294 1.5798966884613037 2099
1762946279879 1.559205412864685 2399
1762947212002 1.548452377319336 2699
1762948271526 1.5571601390838623 2999
1762949466170 1.5283828973770142 3299
1762950609494 1.5162992477416992 3599
1762951754394 1.5080360174179077 3899
1762952938207 1.5050528049468994 4199
1762954121615 1.4936972856521606 4499
1762955305191 1.4808340072631836 4799
1762956488596 1.487686038017273 5099
1762957672564 1.4715389013290405 5399
1762958865008 1.4704132080078125 5699
1762960053834 1.4653087854385376 5999
1762961399492 1.4558438062667847 6299
1762962653357 1.4514960050582886 6599
1762963871202 1.446560263633728 6899
1762965074723 1.4383996725082397 7199
1762966272274 1.4315537214279175 7499
1762967471848 1.4349149465560913 7799
1762968670778 1.4255485534667969 8099
1762969869610 1.4231199026107788 8399
1762971068728 1.428180456161499 8699
1762972287021 1.4130511283874512 8999
1762973883501 1.4059081077575684 9299
1762975755349 1.4056576490402222 9599
1762977626581 1.4091174602508545 9899
1762979548343 1.3918516635894775 10199
1762981106467 1.4032012224197388 10499
1762982539866 1.3948800563812256 10799
1762983973235 1.3912324905395508 11099
1762985406698 1.3932911157608032 11399
1762986840352 1.380988597869873 11699
1762988279582 1.3757452964782715 11999
1762989847793 1.3419829607009888 12299
1762991541218 1.3475085496902466 12599
1762993234572 1.3307032585144043 12899
1762994927875 1.336438536643982 13199
1762996621238 1.3321927785873413 13499
1762998314418 1.3336656093597412 13799
1763000007414 1.3273346424102783 14099
1763001700430 1.327003002166748 14399
1763003393581 1.3206807374954224 14699
1763005086874 1.3254847526550293 14999
1763006779893 1.3237802982330322 15299
1763008472843 1.321243405342102 15599
1763010165895 1.3204877376556396 15899
1763011858938 1.3189948797225952 16199
1763013552113 1.3151315450668335 16499
1763015245240 1.3174800872802734 16799
1763016938795 1.3103554248809814 17099
1763018631537 1.3130394220352173 17399
1763020332400 1.3075188398361206 17699
