1762940093484 2.8982350826263428 299
1762940885837 2.1634464263916016 599
1762941784955 2.095266103744507 899
1762942683696 2.0529212951660156 1199
1762943582963 2.014244794845581 1499
1762944482053 2.0113844871520996 1799
1762945381294 2.003091812133789 2099
1762946279879 1.9871513843536377 2399
1762947212002 1.978354811668396 2699
1762948271526 1.9775346517562866 2999
1762949466170 1.9753798246383667 3299
1762950609494 1.953701138496399 3599
1762951754394 1.9489129781723022 3899
1762952938207 1.9536339044570923 4199
1762954121615 1.9214224815368652 4499
1762955305191 1.926347255706787 4799
1762956488596 1.9307786226272583 5099
1762957672564 1.9140198230743408 5399
1762958865008 1.9207454919815063 5699
1762960053834 1.9028043746948242 5999
1762961399492 1.9020832777023315 6299
1762962653357 1.8968461751937866 6599
1762963871202 1.9010097980499268 6899
1762965074723 1.8891675472259521 7199
1762966272274 1.8761539459228516 7499
1762967471848 1.8733588457107544 7799
1762968670778 1.862536072731018 8099
1762969869610 1.871110439300537 8399
1762971068728 1.8713024854660034 8699
1762972287021 1.8531492948532104 8999
1762973883501 1.8408787250518799 9299
1762975755349 1.839707851409912 9599
1762977626581 1.8570137023925781 9899
1762979548343 1.8367897272109985 10199
1762981106467 1.8497823476791382 10499
1762982539866 1.835154414176941 10799
1762983973235 1.8350318670272827 11099
1762985406698 1.834428310394287 11399
1762986840352 1.8215835094451904 11699
1762988279582 1.8068456649780273 11999
1762989847793 1.7888753414154053 12299
1762991541218 1.7908536195755005 12599
1762993234572 1.7541356086730957 12899
1762994927875 1.7825798988342285 13199
1762996621238 1.7679970264434814 13499
1762998314418 1.7650073766708374 13799
1763000007414 1.7568036317825317 14099
1763001700430 1.7493290901184082 14399
1763003393581 1.750770092010498 14699
1763005086874 1.75467848777771 14999
1763006779893 1.76376473903656 15299
1763008472843 1.7505905628204346 15599
1763010165895 1.759688377380371 15899
1763011858938 1.7407739162445068 16199
1763013552113 1.7327543497085571 16499
1763015245240 1.7404721975326538 16799
1763016938795 1.7387689352035522 17099
1763018631537 1.742915391921997 17399
1763020332400 1.7348796129226685 17699
