1762940093484 2.4948887825012207 299
1762940885837 1.437378168106079 599
1762941784955 1.246880054473877 899
1762942683696 1.1595349311828613 1199
1762943582963 1.1026489734649658 1499
1762944482053 1.0764094591140747 1799
1762945381294 1.0406428575515747 2099
1762946279879 1.0272924900054932 2399
1762947212002 1.0110564231872559 2699
1762948271526 1.0195266008377075 2999
1762949466170 0.9863255023956299 3299
1762950609494 0.9846079349517822 3599
1762951754394 0.9684364199638367 3899
1762952938207 0.9654936194419861 4199
1762954121615 0.9649016261100769 4499
1762955305191 0.9541951417922974 4799
1762956488596 0.9565431475639343 5099
1762957672564 0.9439328908920288 5399
1762958865008 0.9471545815467834 5699
1762960053834 0.946852445602417 5999
1762961399492 0.9420576095581055 6299
1762962653357 0.9327466487884521 6599
1762963871202 0.9239777326583862 6899
1762965074723 0.9228605031967163 7199
1762966272274 0.9195048213005066 7499
1762967471848 0.9204200506210327 7799
1762968670778 0.9112139940261841 8099
1762969869610 0.9101963043212891 8399
1762971068728 0.921856701374054 8699
1762972287021 0.9048700332641602 8999
1762973883501 0.9001248478889465 9299
1762975755349 0.8904854655265808 9599
1762977626581 0.9042365550994873 9899
1762979548343 0.889140784740448 10199
1762981106467 0.8901890516281128 10499
1762982539866 0.8907032608985901 10799
1762983973235 0.8820611238479614 11099
1762985406698 0.8882973790168762 11399
1762986840352 0.8893845081329346 11699
1762988279582 0.8799677491188049 11999
1762989847793 0.8462153077125549 12299
1762991541218 0.8446103930473328 12599
1762993234572 0.8431248664855957 12899
1762994927875 0.8444854617118835 13199
1762996621238 0.8442498445510864 13499
1762998314418 0.8448880314826965 13799
1763000007414 0.8393176794052124 14099
1763001700430 0.84639573097229 14399
1763003393581 0.8383492827415466 14699
1763005086874 0.8404993414878845 14999
1763006779893 0.8409509062767029 15299
1763008472843 0.8376587629318237 15599
1763010165895 0.835358738899231 15899
1763011858938 0.8400750756263733 16199
1763013552113 0.8377392292022705 16499
1763015245240 0.8351008296012878 16799
1763016938795 0.8352547883987427 17099
1763018631537 0.8359041213989258 17399
1763020332400 0.8306401968002319 17699
