1762940093484 8.440515518188477 299
1762940885837 2.721675157546997 599
1762941784955 1.669788122177124 899
1762942683696 1.2274949550628662 1199
1762943582963 1.0689400434494019 1499
1762944482053 0.9830917716026306 1799
1762945381294 0.8126135468482971 2099
1762946279879 0.837705135345459 2399
1762947212002 0.7966479063034058 2699
1762948271526 0.8146001696586609 2999
1762949466170 0.6944429874420166 3299
1762950609494 0.666321873664856 3599
1762951754394 0.6419959664344788 3899
1762952938207 0.612157940864563 4199
1762954121615 0.6173470616340637 4499
1762955305191 0.5682510137557983 4799
1762956488596 0.5959641337394714 5099
1762957672564 0.5913118720054626 5399
1762958865008 0.5668864846229553 5699
1762960053834 0.5854380130767822 5999
1762961399492 0.5592319965362549 6299
1762962653357 0.5165994167327881 6599
1762963871202 0.5213348269462585 6899
1762965074723 0.5167883634567261 7199
1762966272274 0.5254862904548645 7499
1762967471848 0.5477409362792969 7799
1762968670778 0.47868579626083374 8099
1762969869610 0.4642351567745209 8399
1762971068728 0.5455695390701294 8699
1762972287021 0.4761424958705902 8999
1762973883501 0.46525877714157104 9299
1762975755349 0.4774353504180908 9599
1762977626581 0.4971825182437897 9899
1762979548343 0.4618987441062927 10199
1762981106467 0.4705016016960144 10499
1762982539866 0.4387167990207672 10799
1762983973235 0.43666911125183105 11099
1762985406698 0.4660140872001648 11399
1762986840352 0.46060818433761597 11699
1762988279582 0.44829022884368896 11999
1762989847793 0.38584354519844055 12299
1762991541218 0.38776224851608276 12599
1762993234572 0.38405507802963257 12899
1762994927875 0.39205822348594666 13199
1762996621238 0.36792823672294617 13499
1762998314418 0.37152212858200073 13799
1763000007414 0.3835594654083252 14099
1763001700430 0.3737402558326721 14399
1763003393581 0.37766486406326294 14699
1763005086874 0.37562793493270874 14999
1763006779893 0.3770621716976166 15299
1763008472843 0.3636457920074463 15599
1763010165895 0.3720708191394806 15899
1763011858938 0.3871816396713257 16199
1763013552113 0.38284292817115784 16499
1763015245240 0.38768261671066284 16799
1763016938795 0.3896702229976654 17099
1763018631537 0.36995258927345276 17399
1763020332400 0.3626345098018646 17699
