1762940093484 16.3100643157959 299
1762940885837 6.558680534362793 599
1762941784955 5.839200496673584 899
1762942683696 5.548887252807617 1199
1762943582963 5.362123966217041 1499
1762944482053 5.1879119873046875 1799
1762945381294 5.083611011505127 2099
1762946279879 4.975464820861816 2399
1762947212002 4.928952217102051 2699
1762948271526 4.9621734619140625 2999
1762949466170 4.8131818771362305 3299
1762950609494 4.739319801330566 3599
1762951754394 4.698892593383789 3899
1762952938207 4.691934108734131 4199
1762954121615 4.634138584136963 4499
1762955305191 4.571052074432373 4799
1762956488596 4.606581211090088 5099
1762957672564 4.499009132385254 5399
1762958865008 4.506807327270508 5699
1762960053834 4.464035987854004 5999
1762961399492 4.406830310821533 6299
1762962653357 4.3852643966674805 6599
1762963871202 4.369875431060791 6899
1762965074723 4.335448265075684 7199
1762966272274 4.274895191192627 7499
1762967471848 4.295452117919922 7799
1762968670778 4.2411112785339355 8099
1762969869610 4.245302200317383 8399
1762971068728 4.251594066619873 8699
1762972287021 4.193340301513672 8999
1762973883501 4.156947612762451 9299
1762975755349 4.139583110809326 9599
1762977626581 4.13856840133667 9899
1762979548343 4.067647933959961 10199
1762981106467 4.136022567749023 10499
1762982539866 4.074796199798584 10799
1762983973235 4.054137229919434 11099
1762985406698 4.055298328399658 11399
1762986840352 3.9981420040130615 11699
1762988279582 3.9665040969848633 11999
1762989847793 3.8199210166931152 12299
1762991541218 3.86228609085083 12599
1762993234572 3.76013445854187 12899
1762994927875 3.7945330142974854 13199
1762996621238 3.757639169692993 13499
1762998314418 3.7683863639831543 13799
1763000007414 3.7343549728393555 14099
1763001700430 3.708034038543701 14399
1763003393581 3.7130284309387207 14699
1763005086874 3.7292838096618652 14999
1763006779893 3.7205543518066406 15299
1763008472843 3.722203254699707 15599
1763010165895 3.7018418312072754 15899
1763011858938 3.6844980716705322 16199
1763013552113 3.6692261695861816 16499
1763015245240 3.674330949783325 16799
1763016938795 3.6349103450775146 17099
1763018631537 3.6553826332092285 17399
1763020332400 3.623133659362793 17699
