1762940093484 9.018597602844238 299
1762940885837 3.703340768814087 599
1762941784955 2.6285154819488525 899
1762942683696 2.2273106575012207 1199
1762943582963 2.0574827194213867 1499
1762944482053 1.9402068853378296 1799
1762945381294 1.7091296911239624 2099
1762946279879 1.7023096084594727 2399
1762947212002 1.701880931854248 2699
1762948271526 1.734082579612732 2999
1762949466170 1.5302269458770752 3299
1762950609494 1.5615838766098022 3599
1762951754394 1.528183102607727 3899
1762952938207 1.50245201587677 4199
1762954121615 1.4981813430786133 4499
1762955305191 1.4320203065872192 4799
1762956488596 1.4809696674346924 5099
1762957672564 1.4238550662994385 5399
1762958865008 1.4378628730773926 5699
1762960053834 1.44883394241333 5999
1762961399492 1.4231061935424805 6299
1762962653357 1.3569512367248535 6599
1762963871202 1.367861032485962 6899
1762965074723 1.387563943862915 7199
1762966272274 1.3164935111999512 7499
1762967471848 1.385824203491211 7799
1762968670778 1.3016201257705688 8099
1762969869610 1.3180044889450073 8399
1762971068728 1.388174057006836 8699
1762972287021 1.2841987609863281 8999
1762973883501 1.2978094816207886 9299
1762975755349 1.2876193523406982 9599
1762977626581 1.2951529026031494 9899
1762979548343 1.2707327604293823 10199
1762981106467 1.2727422714233398 10499
1762982539866 1.2302968502044678 10799
1762983973235 1.2050656080245972 11099
1762985406698 1.2884421348571777 11399
1762986840352 1.2447561025619507 11699
1762988279582 1.2303152084350586 11999
1762989847793 1.1362123489379883 12299
1762991541218 1.1130458116531372 12599
1762993234572 1.1462085247039795 12899
1762994927875 1.14277982711792 13199
1762996621238 1.0950366258621216 13499
1762998314418 1.1194206476211548 13799
1763000007414 1.136953353881836 14099
1763001700430 1.093266487121582 14399
1763003393581 1.105966329574585 14699
1763005086874 1.0952666997909546 14999
1763006779893 1.094635009765625 15299
1763008472843 1.0829896926879883 15599
1763010165895 1.07947838306427 15899
1763011858938 1.102171540260315 16199
1763013552113 1.0975961685180664 16499
1763015245240 1.1245322227478027 16799
1763016938795 1.1218454837799072 17099
1763018631537 1.1081048250198364 17399
1763020332400 1.0453113317489624 17699
