1762940093484 12.890417098999023 299
1762940885837 9.364089012145996 599
1762941784955 8.741195678710938 899
1762942683696 8.686466217041016 1199
1762943582963 8.653974533081055 1499
1762944482053 8.254602432250977 1799
1762945381294 8.09934139251709 2099
1762946279879 8.18686294555664 2399
1762947212002 8.200872421264648 2699
1762948271526 8.159802436828613 2999
1762949466170 7.951347827911377 3299
1762950609494 7.828845024108887 3599
1762951754394 7.748969554901123 3899
1762952938207 7.849513053894043 4199
1762954121615 7.663262844085693 4499
1762955305191 7.86039400100708 4799
1762956488596 7.724606513977051 5099
1762957672564 7.475553035736084 5399
1762958865008 7.63480806350708 5699
1762960053834 7.632351398468018 5999
1762961399492 7.539267539978027 6299
1762962653357 7.521073818206787 6599
1762963871202 7.333488464355469 6899
1762965074723 7.6382293701171875 7199
1762966272274 7.312877655029297 7499
1762967471848 7.230483531951904 7799
1762968670778 7.1276631355285645 8099
1762969869610 7.187995433807373 8399
1762971068728 7.454696178436279 8699
1762972287021 7.069530963897705 8999
1762973883501 7.068021774291992 9299
1762975755349 7.09318733215332 9599
1762977626581 7.109572887420654 9899
1762979548343 7.120266437530518 10199
1762981106467 7.071835041046143 10499
1762982539866 6.7184295654296875 10799
1762983973235 6.719295978546143 11099
1762985406698 6.917646884918213 11399
1762986840352 6.764632225036621 11699
1762988279582 6.801514148712158 11999
1762989847793 6.628259181976318 12299
1762991541218 6.5959649085998535 12599
1762993234572 6.5539374351501465 12899
1762994927875 6.745261192321777 13199
1762996621238 6.554920196533203 13499
1762998314418 6.5511155128479 13799
1763000007414 6.514043807983398 14099
1763001700430 6.160165786743164 14399
1763003393581 6.449162006378174 14699
1763005086874 6.548151969909668 14999
1763006779893 6.449586868286133 15299
1763008472843 6.492974281311035 15599
1763010165895 6.395861625671387 15899
1763011858938 6.473034858703613 16199
1763013552113 6.439938545227051 16499
1763015245240 6.450108051300049 16799
1763016938795 6.235115051269531 17099
1763018631537 6.291579723358154 17399
1763020332400 6.147769451141357 17699
