1762940093484 2.485175132751465 299
1762940885837 1.2510986328125 599
1762941784955 1.0210658311843872 899
1762942683696 0.9121689200401306 1199
1762943582963 0.8607661128044128 1499
1762944482053 0.8345790505409241 1799
1762945381294 0.794608473777771 2099
1762946279879 0.7861483693122864 2399
1762947212002 0.7708369493484497 2699
1762948271526 0.7751043438911438 2999
1762949466170 0.7392125129699707 3299
1762950609494 0.7332149147987366 3599
1762951754394 0.7186377048492432 3899
1762952938207 0.7139938473701477 4199
1762954121615 0.7091927528381348 4499
1762955305191 0.6968444585800171 4799
1762956488596 0.6991278529167175 5099
1762957672564 0.6891444325447083 5399
1762958865008 0.6879082918167114 5699
1762960053834 0.6857120990753174 5999
1762961399492 0.6820967197418213 6299
1762962653357 0.6714502573013306 6599
1762963871202 0.6601923108100891 6899
1762965074723 0.6571998000144958 7199
1762966272274 0.6592684388160706 7499
1762967471848 0.6651408076286316 7799
1762968670778 0.6504221558570862 8099
1762969869610 0.6465550065040588 8399
1762971068728 0.6634182929992676 8699
1762972287021 0.6388729214668274 8999
1762973883501 0.6365602016448975 9299
1762975755349 0.6327206492424011 9599
1762977626581 0.6461145281791687 9899
1762979548343 0.6282225847244263 10199
1762981106467 0.6304593086242676 10499
1762982539866 0.627068817615509 10799
1762983973235 0.6233543753623962 11099
1762985406698 0.634933352470398 11399
1762986840352 0.6262184381484985 11699
1762988279582 0.6214767098426819 11999
1762989847793 0.5809694528579712 12299
1762991541218 0.5797301530838013 12599
1762993234572 0.5764298439025879 12899
1762994927875 0.578259289264679 13199
1762996621238 0.5800482034683228 13499
1762998314418 0.5787621736526489 13799
1763000007414 0.5811461210250854 14099
1763001700430 0.5820816159248352 14399
1763003393581 0.5761207938194275 14699
1763005086874 0.5769205689430237 14999
1763006779893 0.5785912871360779 15299
1763008472843 0.5733791589736938 15599
1763010165895 0.5742727518081665 15899
1763011858938 0.5782159566879272 16199
1763013552113 0.5766606330871582 16499
1763015245240 0.5747193098068237 16799
1763016938795 0.5768470168113708 17099
1763018631537 0.5747687816619873 17399
1763020332400 0.5716561675071716 17699
