1762940093484 2.3107073307037354 299
1762940885837 1.2114512920379639 599
1762941784955 0.9950461387634277 899
1762942683696 0.8913782238960266 1199
1762943582963 0.8417827486991882 1499
1762944482053 0.8168332576751709 1799
1762945381294 0.7790226936340332 2099
1762946279879 0.7702224254608154 2399
1762947212002 0.7554239630699158 2699
1762948271526 0.7595273852348328 2999
1762949466170 0.7253873944282532 3299
1762950609494 0.7195927500724792 3599
1762951754394 0.705669641494751 3899
1762952938207 0.7010741829872131 4199
1762954121615 0.6963595151901245 4499
1762955305191 0.6848247051239014 4799
1762956488596 0.686588704586029 5099
1762957672564 0.6767717003822327 5399
1762958865008 0.6758677363395691 5699
1762960053834 0.6734814643859863 5999
1762961399492 0.6700060963630676 6299
1762962653357 0.6598986387252808 6599
1762963871202 0.6488642692565918 6899
1762965074723 0.6459107398986816 7199
1762966272274 0.6479781270027161 7499
1762967471848 0.6532807350158691 7799
1762968670778 0.6396079063415527 8099
1762969869610 0.6359185576438904 8399
1762971068728 0.6514942049980164 8699
1762972287021 0.6282799243927002 8999
1762973883501 0.6258015632629395 9299
1762975755349 0.6219335794448853 9599
1762977626581 0.6352407336235046 9899
1762979548343 0.6176892518997192 10199
1762981106467 0.6198639273643494 10499
1762982539866 0.6169525980949402 10799
1762983973235 0.6133054494857788 11099
1762985406698 0.6243444681167603 11399
1762986840352 0.6158905029296875 11699
1762988279582 0.6113166213035583 11999
1762989847793 0.5719385743141174 12299
1762991541218 0.5706785321235657 12599
1762993234572 0.5673338770866394 12899
1762994927875 0.5691141486167908 13199
1762996621238 0.5711606740951538 13499
1762998314418 0.5700495839118958 13799
1763000007414 0.5720674991607666 14099
1763001700430 0.5732367038726807 14399
1763003393581 0.5671443939208984 14699
1763005086874 0.5681051015853882 14999
1763006779893 0.5696634650230408 15299
1763008472843 0.5646622180938721 15599
1763010165895 0.565514862537384 15899
1763011858938 0.5690956711769104 16199
1763013552113 0.5676937699317932 16499
1763015245240 0.5658366084098816 16799
1763016938795 0.567737877368927 17099
1763018631537 0.5658504962921143 17399
1763020332400 0.5630115270614624 17699
