1762940093484 2.6815567016601562 299
1762940885837 1.4907957315444946 599
1762941784955 1.2855693101882935 899
1762942683696 1.1932563781738281 1199
1762943582963 1.1342744827270508 1499
1762944482053 1.106090784072876 1799
1762945381294 1.0675363540649414 2099
1762946279879 1.0544893741607666 2399
1762947212002 1.0377559661865234 2699
1762948271526 1.0466543436050415 2999
1762949466170 1.0108633041381836 3299
1762950609494 1.009421467781067 3599
1762951754394 0.992891788482666 3899
1762952938207 0.9900199174880981 4199
1762954121615 0.98924320936203 4499
1762955305191 0.9778029918670654 4799
1762956488596 0.9805713891983032 5099
1762957672564 0.9670995473861694 5399
1762958865008 0.970575749874115 5699
1762960053834 0.9702070951461792 5999
1762961399492 0.9653567671775818 6299
1762962653357 0.9554087519645691 6599
1762963871202 0.9462140798568726 6899
1762965074723 0.9455377459526062 7199
1762966272274 0.9413683414459229 7499
1762967471848 0.943362832069397 7799
1762968670778 0.932712197303772 8099
1762969869610 0.9318826794624329 8399
1762971068728 0.9448822736740112 8699
1762972287021 0.9264137148857117 8999
1762973883501 0.9219269752502441 9299
1762975755349 0.9120800495147705 9599
1762977626581 0.9257945418357849 9899
1762979548343 0.9103309512138367 10199
1762981106467 0.9114980697631836 10499
1762982539866 0.911349892616272 10799
1762983973235 0.9025311470031738 11099
1762985406698 0.9097307920455933 11399
1762986840352 0.91001957654953 11699
1762988279582 0.9006619453430176 11999
1762989847793 0.8658774495124817 12299
1762991541218 0.8635621070861816 12599
1762993234572 0.8627139925956726 12899
1762994927875 0.864128828048706 13199
1762996621238 0.8631089329719543 13499
1762998314418 0.8641929626464844 13799
1763000007414 0.8587009310722351 14099
1763001700430 0.8649967312812805 14399
1763003393581 0.8574362993240356 14699
1763005086874 0.8598146438598633 14999
1763006779893 0.8598695397377014 15299
1763008472843 0.8564279079437256 15599
1763010165895 0.8538658618927002 15899
1763011858938 0.8592612147331238 16199
1763013552113 0.8568132519721985 16499
1763015245240 0.8540216088294983 16799
1763016938795 0.8545931577682495 17099
1763018631537 0.8550208210945129 17399
1763020332400 0.8489663600921631 17699
