1762940093484 2.717275381088257 299
1762940885837 1.6804300546646118 599
1762941784955 1.521226167678833 899
1762942683696 1.4539538621902466 1199
1762943582963 1.3984358310699463 1499
1762944482053 1.3664909601211548 1799
1762945381294 1.335262417793274 2099
1762946279879 1.3115386962890625 2399
1762947212002 1.2958528995513916 2699
1762948271526 1.306962490081787 2999
1762949466170 1.2667200565338135 3299
1762950609494 1.2674294710159302 3599
1762951754394 1.2474594116210938 3899
1762952938207 1.249534249305725 4199
1762954121615 1.2432390451431274 4499
1762955305191 1.2232693433761597 4799
1762956488596 1.230016827583313 5099
1762957672564 1.2218676805496216 5399
1762958865008 1.217147946357727 5699
1762960053834 1.2197388410568237 5999
1762961399492 1.2090929746627808 6299
1762962653357 1.207498550415039 6599
1762963871202 1.1911178827285767 6899
1762965074723 1.1896071434020996 7199
1762966272274 1.183837652206421 7499
1762967471848 1.1768271923065186 7799
1762968670778 1.1669714450836182 8099
1762969869610 1.1722134351730347 8399
1762971068728 1.1860216856002808 8699
1762972287021 1.16641104221344 8999
1762973883501 1.160662055015564 9299
1762975755349 1.1524429321289062 9599
1762977626581 1.1640758514404297 9899
1762979548343 1.1447532176971436 10199
1762981106467 1.14800226688385 10499
1762982539866 1.1551953554153442 10799
1762983973235 1.1437593698501587 11099
1762985406698 1.1453368663787842 11399
1762986840352 1.138163447380066 11699
1762988279582 1.1339468955993652 11999
1762989847793 1.0998729467391968 12299
1762991541218 1.100359320640564 12599
1762993234572 1.0953706502914429 12899
1762994927875 1.0975165367126465 13199
1762996621238 1.096160650253296 13499
1762998314418 1.0973674058914185 13799
1763000007414 1.0843188762664795 14099
1763001700430 1.098144292831421 14399
1763003393581 1.0883662700653076 14699
1763005086874 1.0891743898391724 14999
1763006779893 1.089423656463623 15299
1763008472843 1.0883896350860596 15599
1763010165895 1.0813515186309814 15899
1763011858938 1.0863741636276245 16199
1763013552113 1.0846096277236938 16499
1763015245240 1.084077000617981 16799
1763016938795 1.0819951295852661 17099
1763018631537 1.0853441953659058 17399
1763020332400 1.0782577991485596 17699
