1762940093484 2.7595534324645996 299
1762940885837 2.016265630722046 599
1762941784955 1.9438693523406982 899
1762942683696 1.9087401628494263 1199
1762943582963 1.882211685180664 1499
1762944482053 1.8495471477508545 1799
1762945381294 1.8403847217559814 2099
1762946279879 1.8203016519546509 2399
1762947212002 1.8098264932632446 2699
1762948271526 1.8215209245681763 2999
1762949466170 1.7972581386566162 3299
1762950609494 1.7757222652435303 3599
1762951754394 1.7775914669036865 3899
1762952938207 1.762408971786499 4199
1762954121615 1.756369948387146 4499
1762955305191 1.746590256690979 4799
1762956488596 1.7532923221588135 5099
1762957672564 1.7311967611312866 5399
1762958865008 1.7321140766143799 5699
1762960053834 1.7186111211776733 5999
1762961399492 1.710597038269043 6299
1762962653357 1.708879828453064 6599
1762963871202 1.7113754749298096 6899
1762965074723 1.6991008520126343 7199
1762966272274 1.6840647459030151 7499
1762967471848 1.702781319618225 7799
1762968670778 1.6947184801101685 8099
1762969869610 1.6814824342727661 8399
1762971068728 1.6802254915237427 8699
1762972287021 1.6748019456863403 8999
1762973883501 1.6638400554656982 9299
1762975755349 1.6648216247558594 9599
1762977626581 1.6633172035217285 9899
1762979548343 1.6499440670013428 10199
1762981106467 1.6714614629745483 10499
1762982539866 1.6471441984176636 10799
1762983973235 1.6486976146697998 11099
1762985406698 1.652915120124817 11399
1762986840352 1.630231499671936 11699
1762988279582 1.6218147277832031 11999
1762989847793 1.5876853466033936 12299
1762991541218 1.600350022315979 12599
1762993234572 1.5773825645446777 12899
1762994927875 1.578283667564392 13199
1762996621238 1.571056842803955 13499
1762998314418 1.5793169736862183 13799
1763000007414 1.5783519744873047 14099
1763001700430 1.5700228214263916 14399
1763003393581 1.5604957342147827 14699
1763005086874 1.5721813440322876 14999
1763006779893 1.562599539756775 15299
1763008472843 1.5675036907196045 15599
1763010165895 1.5628681182861328 15899
1763011858938 1.5600979328155518 16199
1763013552113 1.5553284883499146 16499
1763015245240 1.5601505041122437 16799
1763016938795 1.547422170639038 17099
1763018631537 1.5513427257537842 17399
1763020332400 1.5465394258499146 17699
