1762940093484 11.048812866210938 299
1762940885837 6.620789527893066 599
1762941784955 5.805974006652832 899
1762942683696 5.563229084014893 1199
1762943582963 5.430181980133057 1499
1762944482053 5.169720649719238 1799
1762945381294 4.97613000869751 2099
1762946279879 5.001601219177246 2399
1762947212002 4.9516921043396 2699
1762948271526 5.014866352081299 2999
1762949466170 4.7378973960876465 3299
1762950609494 4.741391181945801 3599
1762951754394 4.689388275146484 3899
1762952938207 4.705544471740723 4199
1762954121615 4.586481094360352 4499
1762955305191 4.628561973571777 4799
1762956488596 4.576083660125732 5099
1762957672564 4.51546049118042 5399
1762958865008 4.528153896331787 5699
1762960053834 4.470410346984863 5999
1762961399492 4.460252285003662 6299
1762962653357 4.40211820602417 6599
1762963871202 4.342626571655273 6899
1762965074723 4.3847174644470215 7199
1762966272274 4.246851444244385 7499
1762967471848 4.2750420570373535 7799
1762968670778 4.166416645050049 8099
1762969869610 4.214627265930176 8399
1762971068728 4.364802360534668 8699
1762972287021 4.17110538482666 8999
1762973883501 4.186519145965576 9299
1762975755349 4.150327205657959 9599
1762977626581 4.140873432159424 9899
1762979548343 4.149796962738037 10199
1762981106467 4.066579341888428 10499
1762982539866 3.9180381298065186 10799
1762983973235 3.9516236782073975 11099
1762985406698 4.091400623321533 11399
1762986840352 3.93583083152771 11699
1762988279582 3.9615190029144287 11999
1762989847793 3.776758909225464 12299
1762991541218 3.7678091526031494 12599
1762993234572 3.8131110668182373 12899
1762994927875 3.881974220275879 13199
1762996621238 3.717280864715576 13499
1762998314418 3.817176342010498 13799
1763000007414 3.718433141708374 14099
1763001700430 3.5753254890441895 14399
1763003393581 3.7110657691955566 14699
1763005086874 3.7478978633880615 14999
1763006779893 3.691038131713867 15299
1763008472843 3.7333991527557373 15599
1763010165895 3.6639599800109863 15899
1763011858938 3.723639726638794 16199
1763013552113 3.6892950534820557 16499
1763015245240 3.6875951290130615 16799
1763016938795 3.6439499855041504 17099
1763018631537 3.6082193851470947 17399
1763020332400 3.5361592769622803 17699
