1762940093484 2.937878131866455 299
1762940885837 1.7521923780441284 599
1762941784955 1.5793812274932861 899
1762942683696 1.5063294172286987 1199
1762943582963 1.448769450187683 1499
1762944482053 1.414149284362793 1799
1762945381294 1.3807002305984497 2099
1762946279879 1.35587477684021 2399
1762947212002 1.3396501541137695 2699
1762948271526 1.3517152070999146 2999
1762949466170 1.3080288171768188 3299
1762950609494 1.3093622922897339 3599
1762951754394 1.2887535095214844 3899
1762952938207 1.2909197807312012 4199
1762954121615 1.2839350700378418 4499
1762955305191 1.2633397579193115 4799
1762956488596 1.2702596187591553 5099
1762957672564 1.260625958442688 5399
1762958865008 1.2564809322357178 5699
1762960053834 1.2586642503738403 5999
1762961399492 1.2483271360397339 6299
1762962653357 1.2456049919128418 6599
1762963871202 1.2286744117736816 6899
1762965074723 1.2277342081069946 7199
1762966272274 1.2209367752075195 7499
1762967471848 1.2143969535827637 7799
1762968670778 1.2028545141220093 8099
1762969869610 1.2097495794296265 8399
1762971068728 1.2244949340820312 8699
1762972287021 1.202771544456482 8999
1762973883501 1.1968345642089844 9299
1762975755349 1.18860924243927 9599
1762977626581 1.2004997730255127 9899
1762979548343 1.1805658340454102 10199
1762981106467 1.18369460105896 10499
1762982539866 1.1903111934661865 10799
1762983973235 1.178166151046753 11099
1762985406698 1.1811739206314087 11399
1762986840352 1.1727417707443237 11699
1762988279582 1.1677030324935913 11999
1762989847793 1.1333250999450684 12299
1762991541218 1.132827639579773 12599
1762993234572 1.1287310123443604 12899
1762994927875 1.131577730178833 13199
1762996621238 1.128149390220642 13499
1762998314418 1.131017804145813 13799
1763000007414 1.1169108152389526 14099
1763001700430 1.1297000646591187 14399
1763003393581 1.1209275722503662 14699
1763005086874 1.1216256618499756 14999
1763006779893 1.1217607259750366 15299
1763008472843 1.1207221746444702 15599
1763010165895 1.1130725145339966 15899
1763011858938 1.1188410520553589 16199
1763013552113 1.1172584295272827 16499
1763015245240 1.1163188219070435 16799
1763016938795 1.1147654056549072 17099
1763018631537 1.1178913116455078 17399
1763020332400 1.1094424724578857 17699
