1762940093484 10.39968204498291 299
1762940885837 4.932770252227783 599
1762941784955 4.004106521606445 899
1762942683696 3.57678484916687 1199
1762943582963 3.460045576095581 1499
1762944482053 3.231274127960205 1799
1762945381294 3.0952742099761963 2099
1762946279879 3.0044162273406982 2399
1762947212002 3.0148308277130127 2699
1762948271526 3.010066032409668 2999
1762949466170 2.7655138969421387 3299
1762950609494 2.817613124847412 3599
1762951754394 2.7965054512023926 3899
1762952938207 2.784742832183838 4199
1762954121615 2.7285945415496826 4499
1762955305191 2.6698851585388184 4799
1762956488596 2.693521738052368 5099
1762957672564 2.623875856399536 5399
1762958865008 2.6348910331726074 5699
1762960053834 2.607630968093872 5999
1762961399492 2.6411259174346924 6299
1762962653357 2.536956548690796 6599
1762963871202 2.522535800933838 6899
1762965074723 2.543208599090576 7199
1762966272274 2.4943807125091553 7499
1762967471848 2.4936277866363525 7799
1762968670778 2.383253812789917 8099
1762969869610 2.484541177749634 8399
1762971068728 2.5653860569000244 8699
1762972287021 2.4011590480804443 8999
1762973883501 2.3939144611358643 9299
1762975755349 2.397940158843994 9599
1762977626581 2.4174487590789795 9899
1762979548343 2.3787317276000977 10199
1762981106467 2.358393430709839 10499
1762982539866 2.2915327548980713 10799
1762983973235 2.2756617069244385 11099
1762985406698 2.379013776779175 11399
1762986840352 2.283921957015991 11699
1762988279582 2.237543821334839 11999
1762989847793 2.2125964164733887 12299
1762991541218 2.114325761795044 12599
1762993234572 2.1838834285736084 12899
1762994927875 2.21779203414917 13199
1762996621238 2.0807924270629883 13499
1762998314418 2.207942247390747 13799
1763000007414 2.1410064697265625 14099
1763001700430 2.056913137435913 14399
1763003393581 2.1505379676818848 14699
1763005086874 2.1105504035949707 14999
1763006779893 2.117427110671997 15299
1763008472843 2.128828763961792 15599
1763010165895 2.0845022201538086 15899
1763011858938 2.1216602325439453 16199
1763013552113 2.1135263442993164 16499
1763015245240 2.118807554244995 16799
1763016938795 2.1299431324005127 17099
1763018631537 2.1295382976531982 17399
1763020332400 2.0395712852478027 17699
