1762940093484 2.7973222732543945 299
1762940885837 1.9083744287490845 599
1762941784955 1.7792165279388428 899
1762942683696 1.7290633916854858 1199
1762943582963 1.6976330280303955 1499
1762944482053 1.6604379415512085 1799
1762945381294 1.6525636911392212 2099
1762946279879 1.627441644668579 2399
1762947212002 1.6176995038986206 2699
1762948271526 1.6294174194335938 2999
1762949466170 1.590758204460144 3299
1762950609494 1.5858103036880493 3599
1762951754394 1.5778578519821167 3899
1762952938207 1.5738276243209839 4199
1762954121615 1.561706781387329 4499
1762955305191 1.539604663848877 4799
1762956488596 1.5483078956604004 5099
1762957672564 1.5335350036621094 5399
1762958865008 1.5281078815460205 5699
1762960053834 1.5295242071151733 5999
1762961399492 1.5104938745498657 6299
1762962653357 1.5074537992477417 6599
1762963871202 1.499139428138733 6899
1762965074723 1.4897931814193726 7199
1762966272274 1.488937258720398 7499
1762967471848 1.492031455039978 7799
1762968670778 1.484107255935669 8099
1762969869610 1.4783368110656738 8399
1762971068728 1.4794821739196777 8699
1762972287021 1.4609609842300415 8999
1762973883501 1.4560940265655518 9299
1762975755349 1.4678006172180176 9599
1762977626581 1.4589588642120361 9899
1762979548343 1.437320590019226 10199
1762981106467 1.4515453577041626 10499
1762982539866 1.445337176322937 10799
1762983973235 1.4414414167404175 11099
1762985406698 1.4415092468261719 11399
1762986840352 1.4314919710159302 11699
1762988279582 1.429808259010315 11999
1762989847793 1.395916223526001 12299
1762991541218 1.4030345678329468 12599
1762993234572 1.3881189823150635 12899
1762994927875 1.38992440700531 13199
1762996621238 1.3831562995910645 13499
1762998314418 1.3850557804107666 13799
1763000007414 1.378600001335144 14099
1763001700430 1.3763831853866577 14399
1763003393581 1.3718234300613403 14699
1763005086874 1.3732221126556396 14999
1763006779893 1.372211217880249 15299
1763008472843 1.3668413162231445 15599
1763010165895 1.3676890134811401 15899
1763011858938 1.369450569152832 16199
1763013552113 1.366188406944275 16499
1763015245240 1.369947910308838 16799
1763016938795 1.3555121421813965 17099
1763018631537 1.3595349788665771 17399
1763020332400 1.3535484075546265 17699
