1762940093484 2.9410181045532227 299
1762940885837 1.9368374347686768 599
1762941784955 1.8046276569366455 899
1762942683696 1.7480285167694092 1199
1762943582963 1.7071499824523926 1499
1762944482053 1.6742398738861084 1799
1762945381294 1.6549345254898071 2099
1762946279879 1.6346917152404785 2399
1762947212002 1.6227402687072754 2699
1762948271526 1.632279634475708 2999
1762949466170 1.599694013595581 3299
1762950609494 1.587332844734192 3599
1762951754394 1.5782769918441772 3899
1762952938207 1.5756416320800781 4199
1762954121615 1.5626256465911865 4499
1762955305191 1.5505187511444092 4799
1762956488596 1.5560859441757202 5099
1762957672564 1.5388364791870117 5399
1762958865008 1.5380040407180786 5699
1762960053834 1.5322766304016113 5999
1762961399492 1.5223870277404785 6299
1762962653357 1.517138957977295 6599
1762963871202 1.5114374160766602 6899
1762965074723 1.5039472579956055 7199
1762966272274 1.494921088218689 7499
1762967471848 1.498482584953308 7799
1762968670778 1.4876396656036377 8099
1762969869610 1.4858908653259277 8399
1762971068728 1.4931403398513794 8699
1762972287021 1.4751001596450806 8999
1762973883501 1.4681850671768188 9299
1762975755349 1.4673211574554443 9599
1762977626581 1.4705017805099487 9899
1762979548343 1.4533814191818237 10199
1762981106467 1.4638911485671997 10499
1762982539866 1.4533190727233887 10799
1762983973235 1.450027346611023 11099
1762985406698 1.4538055658340454 11399
1762986840352 1.4390685558319092 11699
1762988279582 1.4343342781066895 11999
1762989847793 1.398254632949829 12299
1762991541218 1.4037994146347046 12599
1762993234572 1.3870201110839844 12899
1762994927875 1.3939005136489868 13199
1762996621238 1.3876105546951294 13499
1762998314418 1.3903238773345947 13799
1763000007414 1.382498860359192 14099
1763001700430 1.380286693572998 14399
1763003393581 1.3759334087371826 14699
1763005086874 1.3810538053512573 14999
1763006779893 1.378711462020874 15299
1763008472843 1.3769975900650024 15599
1763010165895 1.3748323917388916 15899
1763011858938 1.374233365058899 16199
1763013552113 1.3698824644088745 16499
1763015245240 1.372161626815796 16799
1763016938795 1.364388346672058 17099
1763018631537 1.3665649890899658 17399
1763020332400 1.3601887226104736 17699
