1762940093484 2.9967308044433594 299
1762940885837 2.142315626144409 599
1762941784955 2.0583784580230713 899
1762942683696 2.022305488586426 1199
1762943582963 1.9918477535247803 1499
1762944482053 1.954698085784912 1799
1762945381294 1.9407563209533691 2099
1762946279879 1.9237557649612427 2399
1762947212002 1.9105510711669922 2699
1762948271526 1.9240505695343018 2999
1762949466170 1.8938218355178833 3299
1762950609494 1.872398018836975 3599
1762951754394 1.8731926679611206 3899
1762952938207 1.8578182458877563 4199
1762954121615 1.8503447771072388 4499
1762955305191 1.8421615362167358 4799
1762956488596 1.8466633558273315 5099
1762957672564 1.8238775730133057 5399
1762958865008 1.8237886428833008 5699
1762960053834 1.8102728128433228 5999
1762961399492 1.8009055852890015 6299
1762962653357 1.7983449697494507 6599
1762963871202 1.8004019260406494 6899
1762965074723 1.7879451513290405 7199
1762966272274 1.769801378250122 7499
1762967471848 1.7881379127502441 7799
1762968670778 1.7805150747299194 8099
1762969869610 1.766768217086792 8399
1762971068728 1.7686140537261963 8699
1762972287021 1.7595466375350952 8999
1762973883501 1.7495487928390503 9299
1762975755349 1.7489423751831055 9599
1762977626581 1.7470777034759521 9899
1762979548343 1.733925700187683 10199
1762981106467 1.754048466682434 10499
1762982539866 1.7263002395629883 10799
1762983973235 1.7290881872177124 11099
1762985406698 1.7348041534423828 11399
1762986840352 1.7085216045379639 11699
1762988279582 1.7026658058166504 11999
1762989847793 1.663997769355774 12299
1762991541218 1.6771835088729858 12599
1762993234572 1.6540367603302002 12899
1762994927875 1.6558525562286377 13199
1762996621238 1.646183967590332 13499
1762998314418 1.656668782234192 13799
1763000007414 1.6534391641616821 14099
1763001700430 1.6421793699264526 14399
1763003393581 1.636256456375122 14699
1763005086874 1.6471294164657593 14999
1763006779893 1.6375946998596191 15299
1763008472843 1.6441857814788818 15599
1763010165895 1.6367765665054321 15899
1763011858938 1.635154128074646 16199
1763013552113 1.6301394701004028 16499
1763015245240 1.63432776927948 16799
1763016938795 1.6209014654159546 17099
1763018631537 1.6226190328598022 17399
1763020332400 1.6174118518829346 17699
