1762940093484 11.214622497558594 299
1762940885837 6.9276442527771 599
1762941784955 6.082250118255615 899
1762942683696 5.733192443847656 1199
1762943582963 5.638391494750977 1499
1762944482053 5.382040977478027 1799
1762945381294 5.19389009475708 2099
1762946279879 5.129675388336182 2399
1762947212002 5.054434299468994 2699
1762948271526 5.220105171203613 2999
1762949466170 4.912954330444336 3299
1762950609494 4.917922496795654 3599
1762951754394 4.841235637664795 3899
1762952938207 4.8551025390625 4199
1762954121615 4.70773458480835 4499
1762955305191 4.70988655090332 4799
1762956488596 4.657686233520508 5099
1762957672564 4.6198601722717285 5399
1762958865008 4.660326957702637 5699
1762960053834 4.567375659942627 5999
1762961399492 4.549159526824951 6299
1762962653357 4.516017913818359 6599
1762963871202 4.449962139129639 6899
1762965074723 4.386143207550049 7199
1762966272274 4.309634685516357 7499
1762967471848 4.386218547821045 7799
1762968670778 4.160182476043701 8099
1762969869610 4.275935649871826 8399
1762971068728 4.409928321838379 8699
1762972287021 4.247885227203369 8999
1762973883501 4.283401012420654 9299
1762975755349 4.195523738861084 9599
1762977626581 4.150321006774902 9899
1762979548343 4.23469877243042 10199
1762981106467 4.092097282409668 10499
1762982539866 3.974177122116089 10799
1762983973235 4.058861255645752 11099
1762985406698 4.227030277252197 11399
1762986840352 4.038335800170898 11699
1762988279582 3.983370065689087 11999
1762989847793 3.8122453689575195 12299
1762991541218 3.775442123413086 12599
1762993234572 3.897064208984375 12899
1762994927875 3.9484450817108154 13199
1762996621238 3.774470806121826 13499
1762998314418 3.895401954650879 13799
1763000007414 3.7387430667877197 14099
1763001700430 3.629251718521118 14399
1763003393581 3.7392327785491943 14699
1763005086874 3.7860794067382812 14999
1763006779893 3.7133638858795166 15299
1763008472843 3.7836883068084717 15599
1763010165895 3.699950695037842 15899
1763011858938 3.8079373836517334 16199
1763013552113 3.685112714767456 16499
1763015245240 3.6884548664093018 16799
1763016938795 3.698976755142212 17099
1763018631537 3.6337215900421143 17399
1763020332400 3.576521635055542 17699
