1762940093484 3.160277843475342 299
1762940885837 2.3105785846710205 599
1762941784955 2.230502128601074 899
1762942683696 2.188209056854248 1199
1762943582963 2.148911714553833 1499
1762944482053 2.140512466430664 1799
1762945381294 2.128087282180786 2099
1762946279879 2.1137912273406982 2399
1762947212002 2.104522943496704 2699
1762948271526 2.102970600128174 2999
1762949466170 2.0969419479370117 3299
1762950609494 2.073857307434082 3599
1762951754394 2.0684573650360107 3899
1762952938207 2.074641227722168 4199
1762954121615 2.038551092147827 4499
1762955305191 2.0475003719329834 4799
1762956488596 2.0483391284942627 5099
1762957672564 2.0280909538269043 5399
1762958865008 2.0375425815582275 5699
1762960053834 2.0189857482910156 5999
1762961399492 2.0161993503570557 6299
1762962653357 2.010556221008301 6599
1762963871202 2.0127532482147217 6899
1762965074723 2.0063986778259277 7199
1762966272274 1.987213134765625 7499
1762967471848 1.9825798273086548 7799
1762968670778 1.9703022241592407 8099
1762969869610 1.9801547527313232 8399
1762971068728 1.9838894605636597 8699
1762972287021 1.9599226713180542 8999
1762973883501 1.9475709199905396 9299
1762975755349 1.9467308521270752 9599
1762977626581 1.963344931602478 9899
1762979548343 1.9436649084091187 10199
1762981106467 1.9562269449234009 10499
1762982539866 1.936139702796936 10799
1762983973235 1.9353444576263428 11099
1762985406698 1.9377574920654297 11399
1762986840352 1.9226213693618774 11699
1762988279582 1.9082750082015991 11999
1762989847793 1.8883724212646484 12299
1762991541218 1.8898519277572632 12599
1762993234572 1.8516815900802612 12899
1762994927875 1.883217692375183 13199
1762996621238 1.866068720817566 13499
1762998314418 1.8632758855819702 13799
1763000007414 1.853409767150879 14099
1763001700430 1.8418318033218384 14399
1763003393581 1.8471530675888062 14699
1763005086874 1.852643370628357 14999
1763006779893 1.8602973222732544 15299
1763008472843 1.848588228225708 15599
1763010165895 1.8550180196762085 15899
1763011858938 1.8371710777282715 16199
1763013552113 1.8289215564727783 16499
1763015245240 1.8365050554275513 16799
1763016938795 1.8311039209365845 17099
1763018631537 1.836705207824707 17399
1763020332400 1.827223777770996 17699
