1762940093484 0.33257976174354553 299
1762940885837 0.2190229594707489 599
1762941784955 0.20407408475875854 899
1762942683696 0.19767436385154724 1199
1762943582963 0.19305101037025452 1499
1762944482053 0.18932853639125824 1799
1762945381294 0.18714621663093567 2099
1762946279879 0.18485619127750397 2399
1762947212002 0.18350514769554138 2699
1762948271526 0.18458497524261475 2999
1762949466170 0.18090039491653442 3299
1762950609494 0.1795014590024948 3599
1762951754394 0.17847704887390137 3899
1762952938207 0.17817911505699158 4199
1762954121615 0.17670747637748718 4499
1762955305191 0.1753385215997696 4799
1762956488596 0.17596814036369324 5099
1762957672564 0.1740165650844574 5399
1762958865008 0.17392326891422272 5699
1762960053834 0.17327451705932617 5999
1762961399492 0.1721571683883667 6299
1762962653357 0.17156271636486053 6599
1762963871202 0.1709185689687729 6899
1762965074723 0.17007189989089966 7199
1762966272274 0.16905097663402557 7499
1762967471848 0.16945523023605347 7799
1762968670778 0.1682281494140625 8099
1762969869610 0.16803014278411865 8399
1762971068728 0.16884957253932953 8699
1762972287021 0.16680943965911865 8999
1762973883501 0.16602857410907745 9299
1762975755349 0.16592949628829956 9599
1762977626581 0.1662893444299698 9899
1762979548343 0.16435404121875763 10199
1762981106467 0.165542870759964 10499
1762982539866 0.1643468141555786 10799
1762983973235 0.16397418081760406 11099
1762985406698 0.16440194845199585 11399
1762986840352 0.16273492574691772 11699
1762988279582 0.1622004359960556 11999
1762989847793 0.1581198275089264 12299
1762991541218 0.15874679386615753 12599
1762993234572 0.1568494737148285 12899
1762994927875 0.15762677788734436 13199
1762996621238 0.15691612660884857 13499
1762998314418 0.15722247958183289 13799
1763000007414 0.15633848309516907 14099
1763001700430 0.1560879796743393 14399
1763003393581 0.15559564530849457 14699
1763005086874 0.1561751812696457 14999
1763006779893 0.15591099858283997 15299
1763008472843 0.15571585297584534 15599
1763010165895 0.1554713398218155 15899
1763011858938 0.1554027944803238 16199
1763013552113 0.15491138398647308 16499
1763015245240 0.15516890585422516 16799
1763016938795 0.154290109872818 17099
1763018631537 0.15453630685806274 17399
1763020332400 0.15381450951099396 17699
