1762940093484 3.0385005474090576 299
1762940885837 2.0126383304595947 599
1762941784955 1.8682934045791626 899
1762942683696 1.8133070468902588 1199
1762943582963 1.779746413230896 1499
1762944482053 1.739275336265564 1799
1762945381294 1.728605031967163 2099
1762946279879 1.702979326248169 2399
1762947212002 1.6912535429000854 2699
1762948271526 1.7050070762634277 2999
1762949466170 1.6623543500900269 3299
1762950609494 1.6573107242584229 3599
1762951754394 1.6480623483657837 3899
1762952938207 1.644513726234436 4199
1762954121615 1.6303354501724243 4499
1762955305191 1.6087108850479126 4799
1762956488596 1.6162141561508179 5099
1762957672564 1.6006040573120117 5399
1762958865008 1.5958057641983032 5699
1762960053834 1.5960265398025513 5999
1762961399492 1.5768616199493408 6299
1762962653357 1.5728163719177246 6599
1762963871202 1.56393301486969 6899
1762965074723 1.5536948442459106 7199
1762966272274 1.5514616966247559 7499
1762967471848 1.5555540323257446 7799
1762968670778 1.5448554754257202 8099
1762969869610 1.54033362865448 8399
1762971068728 1.5440611839294434 8699
1762972287021 1.5231202840805054 8999
1762973883501 1.518261432647705 9299
1762975755349 1.528473138809204 9599
1762977626581 1.5191649198532104 9899
1762979548343 1.4984769821166992 10199
1762981106467 1.5109517574310303 10499
1762982539866 1.5032395124435425 10799
1762983973235 1.5004758834838867 11099
1762985406698 1.502675175666809 11399
1762986840352 1.4892942905426025 11699
1762988279582 1.4875729084014893 11999
1762989847793 1.4512276649475098 12299
1762991541218 1.4584890604019165 12599
1762993234572 1.4442397356033325 12899
1762994927875 1.4472178220748901 13199
1762996621238 1.4383288621902466 13499
1762998314418 1.4415230751037598 13799
1763000007414 1.4329335689544678 14099
1763001700430 1.429355502128601 14399
1763003393581 1.426302194595337 14699
1763005086874 1.4284816980361938 14999
1763006779893 1.426451325416565 15299
1763008472843 1.422002911567688 15599
1763010165895 1.4211748838424683 15899
1763011858938 1.4247101545333862 16199
1763013552113 1.4198248386383057 16499
1763015245240 1.423994541168213 16799
1763016938795 1.4096275568008423 17099
1763018631537 1.4124956130981445 17399
1763020332400 1.4061036109924316 17699
