1762689042935 0.0 299
1762689043007 0.0 299
1762689103811 1.0 599
1762689103871 1.0 599
1762689164974 2.0 899
1762689165028 2.0 899
1762689226088 3.0 1199
1762689226145 3.0 1199
1762689287537 4.0 1499
1762689287593 4.0 1499
1762689348979 5.0 1799
1762689349008 5.0 1799
1762689410494 6.0 2099
1762689410522 6.0 2099
1762689472000 7.0 2399
1762689472030 7.0 2399
1762689533616 8.0 2699
1762689533643 8.0 2699
1762689594811 9.0 2999
1762689594869 9.0 2999
1762689655769 10.0 3299
1762689655825 10.0 3299
1762689716786 11.0 3599
1762689716844 11.0 3599
1762689777518 12.0 3899
1762689777549 12.0 3899
1762689838590 13.0 4199
1762689838619 13.0 4199
1762689899630 14.0 4499
1762689899686 14.0 4499
1762689960708 15.0 4799
1762689960742 15.0 4799
1762690021593 16.0 5099
1762690021624 16.0 5099
1762690082670 17.0 5399
1762690082698 17.0 5399
1762690143691 18.0 5699
1762690143723 18.0 5699
1762690205057 19.0 5999
1762690205089 19.0 5999
1762690266172 20.0 6299
1762690266230 20.0 6299
1762690327478 21.0 6599
1762690327507 21.0 6599
1762690388038 22.0 6899
1762690388066 22.0 6899
1762690448866 23.0 7199
1762690448922 23.0 7199
1762690509385 24.0 7499
1762690509413 24.0 7499
1762690570311 25.0 7799
1762690570341 25.0 7799
1762690631200 26.0 8099
1762690631228 26.0 8099
1762690692298 27.0 8399
1762690692325 27.0 8399
1762690752938 28.0 8699
1762690752968 28.0 8699
1762690824533 29.0 8999
1762690824576 29.0 8999
1762690891136 30.0 9299
1762690891168 30.0 9299
1762690957803 31.0 9599
1762690957834 31.0 9599
1762691024348 32.0 9899
1762691024381 32.0 9899
1762691090719 33.0 10199
1762691090749 33.0 10199
1762692864622 34.0 10200
