1762688991415 0.001 49
1762689000448 0.001 99
1762689009503 0.001 149
1762689018577 0.001 199
1762689027652 0.001 249
1762689036746 0.001 299
1762689051872 0.001 349
1762689060884 0.001 399
1762689069892 0.001 449
1762689079042 0.001 499
1762689088233 0.001 549
1762689097438 0.001 599
1762689112861 0.001 649
1762689121978 0.001 699
1762689131079 0.001 749
1762689140273 0.001 799
1762689149467 0.001 849
1762689158640 0.001 899
1762689173948 0.001 949
1762689182980 0.001 999
1762689192017 0.001 1049
1762689201211 0.001 1099
1762689210441 0.001 1149
1762689219779 0.001 1199
1762689235202 0.001 1249
1762689244429 0.001 1299
1762689253612 0.001 1349
1762689262891 0.001 1399
1762689272100 0.001 1449
1762689281297 0.001 1499
1762689296498 0.001 1549
1762689305628 0.001 1599
1762689314734 0.001 1649
1762689324028 0.001 1699
1762689333357 0.001 1749
1762689342615 0.001 1799
1762689358028 0.001 1849
1762689367153 0.001 1899
1762689376459 0.001 1949
1762689385762 0.001 1999
1762689395028 0.001 2049
1762689404300 0.001 2099
1762689419487 0.001 2149
1762689428625 0.001 2199
1762689437821 0.001 2249
1762689447118 0.001 2299
1762689456413 0.001 2349
1762689465636 0.001 2399
1762689481033 0.001 2449
1762689490188 0.001 2499
1762689499505 0.001 2549
1762689508822 0.001 2599
1762689518073 0.001 2649
1762689527376 0.001 2699
1762689542549 0.001 2749
1762689551621 0.001 2799
1762689560890 0.001 2849
1762689570180 0.001 2899
1762689579419 0.001 2949
1762689588572 0.001 2999
1762689603853 0.001 3049
1762689613020 0.001 3099
1762689622208 0.001 3149
1762689631369 0.001 3199
1762689640507 0.001 3249
1762689649577 0.001 3299
1762689664756 0.001 3349
1762689673874 0.001 3399
1762689683100 0.001 3449
1762689692287 0.001 3499
1762689701479 0.001 3549
1762689710563 0.001 3599
1762689725759 0.001 3649
1762689734869 0.001 3699
1762689743987 0.001 3749
1762689753120 0.001 3799
1762689762290 0.001 3849
1762689771327 0.001 3899
1762689786434 0.001 3949
1762689795520 0.001 3999
1762689804752 0.001 4049
1762689813961 0.001 4099
1762689823160 0.001 4149
1762689832285 0.001 4199
1762689847605 0.001 4249
1762689856782 0.001 4299
1762689865995 0.001 4349
1762689875198 0.001 4399
1762689884370 0.001 4449
1762689893426 0.001 4499
1762689908586 0.001 4549
1762689917765 0.001 4599
1762689927008 0.001 4649
1762689936198 0.001 4699
1762689945337 0.001 4749
1762689954494 0.001 4799
1762689969728 0.001 4849
1762689978861 0.001 4899
1762689988023 0.001 4949
1762689997198 0.001 4999
1762690006314 0.001 5049
1762690015382 0.001 5099
1762690030530 0.001 5149
1762690039669 0.001 5199
1762690048911 0.001 5249
1762690058112 0.001 5299
1762690067245 0.001 5349
1762690076396 0.001 5399
1762690091782 0.001 5449
1762690101005 0.001 5499
1762690110127 0.001 5549
1762690119328 0.001 5599
1762690128428 0.001 5649
1762690137498 0.001 5699
1762690152642 0.001 5749
1762690161839 0.001 5799
1762690171026 0.001 5849
1762690180259 0.001 5899
1762690189430 0.001 5949
1762690198717 0.001 5999
1762690214165 0.001 6049
1762690223386 0.001 6099
1762690232604 0.001 6149
1762690241820 0.001 6199
1762690250885 0.001 6249
1762690259958 0.001 6299
1762690275200 0.001 6349
1762690284442 0.001 6399
1762690293652 0.001 6449
1762690302867 0.001 6499
1762690312021 0.001 6549
1762690321114 0.001 6599
1762690336522 0.001 6649
1762690345629 0.001 6699
1762690354712 0.001 6749
1762690363811 0.001 6799
1762690372831 0.001 6849
1762690381836 0.001 6899
1762690396996 0.001 6949
1762690406209 0.001 6999
1762690415356 0.001 7049
1762690424484 0.001 7099
1762690433542 0.001 7149
1762690442594 0.001 7199
1762690457886 0.001 7249
1762690466958 0.001 7299
1762690476090 0.001 7349
1762690485204 0.001 7399
1762690494190 0.001 7449
1762690503206 0.001 7499
1762690518359 0.001 7549
1762690527514 0.001 7599
1762690536662 0.001 7649
1762690545790 0.001 7699
1762690554872 0.001 7749
1762690563936 0.001 7799
1762690579324 0.001 7849
1762690588419 0.001 7899
1762690597541 0.001 7949
1762690606602 0.001 7999
1762690615609 0.001 8049
1762690624881 0.001 8099
1762690640228 0.001 8149
1762690649385 0.001 8199
1762690658557 0.001 8249
1762690667694 0.001 8299
1762690676814 0.001 8349
1762690685931 0.001 8399
1762690701288 0.001 8449
1762690710414 0.001 8499
1762690719539 0.001 8549
1762690728608 0.001 8599
1762690737656 0.001 8649
1762690746706 0.001 8699
1762690763217 0.001 8749
1762690775069 0.001 8799
1762690785633 0.001 8849
1762690796998 0.001 8899
1762690807270 0.001 8949
1762690817250 0.001 8999
1762690834315 0.001 9049
1762690844244 0.001 9099
1762690854108 0.001 9149
1762690863928 0.001 9199
1762690873849 0.001 9249
1762690883789 0.001 9299
1762690900952 0.001 9349
1762690910858 0.001 9399
1762690920723 0.001 9449
1762690930581 0.001 9499
1762690940575 0.001 9549
1762690950451 0.001 9599
1762690967497 0.001 9649
1762690977302 0.001 9699
1762690987163 0.001 9749
1762690997014 0.001 9799
1762691006970 0.001 9849
1762691016942 0.001 9899
1762691034048 0.001 9949
1762691043913 0.001 9999
1762691053701 0.001 10049
1762691063630 0.001 10099
1762691073547 0.001 10149
1762691083363 0.001 10199
