1762689043007 2.633411169052124 299
1762689103871 2.0444953441619873 599
1762689165028 1.9879786968231201 899
1762689226145 1.9522162675857544 1199
1762689287593 1.9045093059539795 1499
1762689349008 1.8685240745544434 1799
1762689410522 1.8553634881973267 2099
1762689472030 1.8364670276641846 2399
1762689533643 1.810227870941162 2699
1762689594869 1.811575174331665 2999
1762689655825 1.7924222946166992 3299
1762689716844 1.7799403667449951 3599
1762689777549 1.7769711017608643 3899
1762689838619 1.7706263065338135 4199
1762689899686 1.7471848726272583 4499
1762689960742 1.7425768375396729 4799
1762690021624 1.7170981168746948 5099
1762690082698 1.714211344718933 5399
1762690143723 1.7087537050247192 5699
1762690205089 1.6880744695663452 5999
1762690266230 1.6834132671356201 6299
1762690327507 1.679840326309204 6599
1762690388066 1.6811792850494385 6899
1762690448922 1.6693695783615112 7199
1762690509413 1.6678235530853271 7499
1762690570341 1.6391314268112183 7799
1762690631228 1.6353862285614014 8099
1762690692325 1.641454815864563 8399
1762690752968 1.6212437152862549 8699
1762690824576 1.6092994213104248 8999
1762690891168 1.6314116716384888 9299
1762690957834 1.6165084838867188 9599
1762691024381 1.6141058206558228 9899
1762691090749 1.6136494874954224 10199
