1762689043007 5.87565803527832 299
1762689103871 3.1879377365112305 599
1762689165028 2.9897890090942383 899
1762689226145 2.8476321697235107 1199
1762689287593 2.7032482624053955 1499
1762689349008 2.5550639629364014 1799
1762689410522 2.4861812591552734 2099
1762689472030 2.540003538131714 2399
1762689533643 2.466777801513672 2699
1762689594869 2.5214433670043945 2999
1762689655825 2.325641632080078 3299
1762689716844 2.294975996017456 3599
1762689777549 2.3560216426849365 3899
1762689838619 2.3273613452911377 4199
1762689899686 2.271733283996582 4499
1762689960742 2.3050665855407715 4799
1762690021624 2.2531819343566895 5099
1762690082698 2.2428033351898193 5399
1762690143723 2.2301509380340576 5699
1762690205089 2.1199002265930176 5999
1762690266230 2.186836004257202 6299
1762690327507 2.106044292449951 6599
1762690388066 2.10921311378479 6899
1762690448922 2.221971035003662 7199
1762690509413 2.171776056289673 7499
1762690570341 2.060844898223877 7799
1762690631228 2.0820770263671875 8099
1762690692325 2.057860851287842 8399
1762690752968 2.0961415767669678 8699
1762690824576 1.9926023483276367 8999
1762690891168 2.0023603439331055 9299
1762690957834 2.041663408279419 9599
1762691024381 2.084947109222412 9899
1762691090749 2.0157947540283203 10199
