1762689043007 1.5319359302520752 299
1762689103871 1.100189208984375 599
1762689165028 1.0362510681152344 899
1762689226145 1.0179390907287598 1199
1762689287593 0.9872713088989258 1499
1762689349008 0.9643132090568542 1799
1762689410522 0.9674468040466309 2099
1762689472030 0.9473851323127747 2399
1762689533643 0.9346653819084167 2699
1762689594869 0.9374635219573975 2999
1762689655825 0.924259603023529 3299
1762689716844 0.9145762920379639 3599
1762689777549 0.9099748730659485 3899
1762689838619 0.916108250617981 4199
1762689899686 0.9008002281188965 4499
1762689960742 0.9025394916534424 4799
1762690021624 0.8908339142799377 5099
1762690082698 0.8824620842933655 5399
1762690143723 0.8882282376289368 5699
1762690205089 0.8743890523910522 5999
1762690266230 0.8736228942871094 6299
1762690327507 0.8756717443466187 6599
1762690388066 0.871978223323822 6899
1762690448922 0.8728775978088379 7199
1762690509413 0.8640868067741394 7499
1762690570341 0.8596063256263733 7799
1762690631228 0.854942798614502 8099
1762690692325 0.8574178814888 8399
1762690752968 0.8488812446594238 8699
1762690824576 0.8472275733947754 8999
1762690891168 0.8526493310928345 9299
1762690957834 0.8528931140899658 9599
1762691024381 0.844475507736206 9899
1762691090749 0.8415661454200745 10199
