1762689043007 1.4558395147323608 299
1762689103871 0.8737022280693054 599
1762689165028 0.8120374083518982 899
1762689226145 0.7969014048576355 1199
1762689287593 0.7561610341072083 1499
1762689349008 0.7337241172790527 1799
1762689410522 0.7355490922927856 2099
1762689472030 0.7437608242034912 2399
1762689533643 0.7135507464408875 2699
1762689594869 0.7211602330207825 2999
1762689655825 0.71830815076828 3299
1762689716844 0.6917439103126526 3599
1762689777549 0.7046399712562561 3899
1762689838619 0.7100402116775513 4199
1762689899686 0.6871036887168884 4499
1762689960742 0.7000081539154053 4799
1762690021624 0.6961235404014587 5099
1762690082698 0.6892337203025818 5399
1762690143723 0.7030822038650513 5699
1762690205089 0.6905498504638672 5999
1762690266230 0.6906798481941223 6299
1762690327507 0.6845913529396057 6599
1762690388066 0.6788319945335388 6899
1762690448922 0.6957838535308838 7199
1762690509413 0.6855383515357971 7499
1762690570341 0.6756629347801208 7799
1762690631228 0.6734683513641357 8099
1762690692325 0.6717296838760376 8399
1762690752968 0.6609165072441101 8699
1762690824576 0.6662202477455139 8999
1762690891168 0.6641383171081543 9299
1762690957834 0.6833265423774719 9599
1762691024381 0.6719391942024231 9899
1762691090749 0.6652920842170715 10199
