1762689043007 2.53784441947937 299
1762689103871 2.1988368034362793 599
1762689165028 2.170558452606201 899
1762689226145 2.1594631671905518 1199
1762689287593 2.1296730041503906 1499
1762689349008 2.1146504878997803 1799
1762689410522 2.122546911239624 2099
1762689472030 2.092252016067505 2399
1762689533643 2.088684320449829 2699
1762689594869 2.058651924133301 2999
1762689655825 2.0805282592773438 3299
1762689716844 2.0625483989715576 3599
1762689777549 2.051483154296875 3899
1762689838619 2.035278558731079 4199
1762689899686 2.0183420181274414 4499
1762689960742 2.0125162601470947 4799
1762690021624 1.9829221963882446 5099
1762690082698 1.9821467399597168 5399
1762690143723 1.962248682975769 5699
1762690205089 1.9633922576904297 5999
1762690266230 1.948015570640564 6299
1762690327507 1.9448397159576416 6599
1762690388066 1.9533315896987915 6899
1762690448922 1.9435288906097412 7199
1762690509413 1.9319748878479004 7499
1762690570341 1.9058536291122437 7799
1762690631228 1.8974279165267944 8099
1762690692325 1.9115774631500244 8399
1762690752968 1.8952938318252563 8699
1762690824576 1.8894336223602295 8999
1762690891168 1.8823896646499634 9299
1762690957834 1.8675988912582397 9599
1762691024381 1.8798046112060547 9899
1762691090749 1.8606593608856201 10199
