1762689043007 7.8849406242370605 299
1762689103871 6.063196659088135 599
1762689165028 5.984444618225098 899
1762689226145 5.822967052459717 1199
1762689287593 5.684651851654053 1499
1762689349008 5.634007453918457 1799
1762689410522 5.456753253936768 2099
1762689472030 5.504175662994385 2399
1762689533643 5.4435038566589355 2699
1762689594869 5.3759989738464355 2999
1762689655825 5.2180609703063965 3299
1762689716844 5.10846471786499 3599
1762689777549 5.181362628936768 3899
1762689838619 5.009261131286621 4199
1762689899686 4.98597526550293 4499
1762689960742 4.958043098449707 4799
1762690021624 4.83059549331665 5099
1762690082698 4.915713787078857 5399
1762690143723 4.890619277954102 5699
1762690205089 4.69950008392334 5999
1762690266230 4.754140377044678 6299
1762690327507 4.658884525299072 6599
1762690388066 4.700558662414551 6899
1762690448922 4.717253684997559 7199
1762690509413 4.57929801940918 7499
1762690570341 4.473056793212891 7799
1762690631228 4.474691390991211 8099
1762690692325 4.402340412139893 8399
1762690752968 4.496771812438965 8699
1762690824576 4.449606895446777 8999
1762690891168 4.287118434906006 9299
1762690957834 4.376588821411133 9599
1762691024381 4.438323020935059 9899
1762691090749 4.432778835296631 10199
