1762689043007 1.6584177017211914 299
1762689103871 1.302459955215454 599
1762689165028 1.2675813436508179 899
1762689226145 1.2460590600967407 1199
1762689287593 1.2194063663482666 1499
1762689349008 1.195847988128662 1799
1762689410522 1.1885565519332886 2099
1762689472030 1.1769713163375854 2399
1762689533643 1.159429907798767 2699
1762689594869 1.162180781364441 2999
1762689655825 1.1500530242919922 3299
1762689716844 1.143988013267517 3599
1762689777549 1.1403064727783203 3899
1762689838619 1.136885166168213 4199
1762689899686 1.1221387386322021 4499
1762689960742 1.1202402114868164 4799
1762690021624 1.1033289432525635 5099
1762690082698 1.101925015449524 5399
1762690143723 1.0974582433700562 5699
1762690205089 1.0856857299804688 5999
1762690266230 1.0814011096954346 6299
1762690327507 1.0797923803329468 6599
1762690388066 1.0831871032714844 6899
1762690448922 1.073508858680725 7199
1762690509413 1.0717865228652954 7499
1762690570341 1.056350827217102 7799
1762690631228 1.0538214445114136 8099
1762690692325 1.0568852424621582 8399
1762690752968 1.0425931215286255 8699
1762690824576 1.0360885858535767 8999
1762690891168 1.0515799522399902 9299
1762690957834 1.0418823957443237 9599
1762691024381 1.0370218753814697 9899
1762691090749 1.0398142337799072 10199
