1762689043007 4.330502510070801 299
1762689103871 1.9067407846450806 599
1762689165028 1.7296152114868164 899
1762689226145 1.6470071077346802 1199
1762689287593 1.517016887664795 1499
1762689349008 1.441938042640686 1799
1762689410522 1.3977584838867188 2099
1762689472030 1.425990343093872 2399
1762689533643 1.3448067903518677 2699
1762689594869 1.351699709892273 2999
1762689655825 1.2772687673568726 3299
1762689716844 1.2497568130493164 3599
1762689777549 1.2760796546936035 3899
1762689838619 1.2814663648605347 4199
1762689899686 1.2252157926559448 4499
1762689960742 1.2776710987091064 4799
1762690021624 1.2321804761886597 5099
1762690082698 1.2206265926361084 5399
1762690143723 1.2139776945114136 5699
1762690205089 1.1573370695114136 5999
1762690266230 1.2108606100082397 6299
1762690327507 1.155295491218567 6599
1762690388066 1.1365195512771606 6899
1762690448922 1.2121790647506714 7199
1762690509413 1.2173259258270264 7499
1762690570341 1.1263211965560913 7799
1762690631228 1.1285922527313232 8099
1762690692325 1.1487637758255005 8399
1762690752968 1.1091177463531494 8699
1762690824576 1.097255825996399 8999
1762690891168 1.0769551992416382 9299
1762690957834 1.1434277296066284 9599
1762691024381 1.140183687210083 9899
1762691090749 1.1168171167373657 10199
