1762689043007 1.9300636053085327 299
1762689103871 1.6331778764724731 599
1762689165028 1.6137754917144775 899
1762689226145 1.601850986480713 1199
1762689287593 1.5773084163665771 1499
1762689349008 1.5679930448532104 1799
1762689410522 1.567840814590454 2099
1762689472030 1.5495942831039429 2399
1762689533643 1.5423246622085571 2699
1762689594869 1.521510124206543 2999
1762689655825 1.5337477922439575 3299
1762689716844 1.5189743041992188 3599
1762689777549 1.512036919593811 3899
1762689838619 1.4982961416244507 4199
1762689899686 1.4848909378051758 4499
1762689960742 1.4839237928390503 4799
1762690021624 1.457533359527588 5099
1762690082698 1.4561693668365479 5399
1762690143723 1.4425007104873657 5699
1762690205089 1.4414032697677612 5999
1762690266230 1.4307243824005127 6299
1762690327507 1.426859736442566 6599
1762690388066 1.4338377714157104 6899
1762690448922 1.426934003829956 7199
1762690509413 1.4156477451324463 7499
1762690570341 1.394824743270874 7799
1762690631228 1.3871443271636963 8099
1762690692325 1.3979589939117432 8399
1762690752968 1.3863574266433716 8699
1762690824576 1.3844842910766602 8999
1762690891168 1.3755360841751099 9299
1762690957834 1.3658658266067505 9599
1762691024381 1.3767648935317993 9899
1762691090749 1.364113211631775 10199
