1762689043007 6.737372398376465 299
1762689103871 4.636140823364258 599
1762689165028 4.519196033477783 899
1762689226145 4.368266582489014 1199
1762689287593 4.220405578613281 1499
1762689349008 4.152927875518799 1799
1762689410522 4.0317888259887695 2099
1762689472030 4.0650105476379395 2399
1762689533643 3.996830701828003 2699
1762689594869 3.9795632362365723 2999
1762689655825 3.8308422565460205 3299
1762689716844 3.74847674369812 3599
1762689777549 3.8063430786132812 3899
1762689838619 3.733602523803711 4199
1762689899686 3.665358781814575 4499
1762689960742 3.680959939956665 4799
1762690021624 3.5849270820617676 5099
1762690082698 3.608607292175293 5399
1762690143723 3.604926586151123 5699
1762690205089 3.444206476211548 5999
1762690266230 3.5038435459136963 6299
1762690327507 3.4200806617736816 6599
1762690388066 3.4317362308502197 6899
1762690448922 3.500450611114502 7199
1762690509413 3.425273895263672 7499
1762690570341 3.299210786819458 7799
1762690631228 3.291177749633789 8099
1762690692325 3.271711826324463 8399
1762690752968 3.3278422355651855 8699
1762690824576 3.2584543228149414 8999
1762690891168 3.1789956092834473 9299
1762690957834 3.226684808731079 9599
1762691024381 3.2926793098449707 9899
1762691090749 3.2730321884155273 10199
