1762689043007 1.7357088327407837 299
1762689103871 1.3264129161834717 599
1762689165028 1.2865973711013794 899
1762689226145 1.265598177909851 1199
1762689287593 1.2378140687942505 1499
1762689349008 1.216781497001648 1799
1762689410522 1.2139052152633667 2099
1762689472030 1.1994059085845947 2399
1762689533643 1.1857752799987793 2699
1762689594869 1.1823104619979858 2999
1762689655825 1.1761291027069092 3299
1762689716844 1.1626943349838257 3599
1762689777549 1.1577706336975098 3899
1762689838619 1.1556538343429565 4199
1762689899686 1.142044186592102 4499
1762689960742 1.1406421661376953 4799
1762690021624 1.1211698055267334 5099
1762690082698 1.119659423828125 5399
1762690143723 1.1176717281341553 5699
1762690205089 1.1052700281143188 5999
1762690266230 1.1014893054962158 6299
1762690327507 1.0993496179580688 6599
1762690388066 1.100901484489441 6899
1762690448922 1.0971835851669312 7199
1762690509413 1.0896344184875488 7499
1762690570341 1.0757956504821777 7799
1762690631228 1.06885826587677 8099
1762690692325 1.0753413438796997 8399
1762690752968 1.066798448562622 8699
1762690824576 1.060213565826416 8999
1762690891168 1.062500238418579 9299
1762690957834 1.0603020191192627 9599
1762691024381 1.0564886331558228 9899
1762691090749 1.054379940032959 10199
