1762689043007 2.2249438762664795 299
1762689103871 1.6173179149627686 599
1762689165028 1.517028570175171 899
1762689226145 1.4905859231948853 1199
1762689287593 1.4444159269332886 1499
1762689349008 1.4093033075332642 1799
1762689410522 1.4152036905288696 2099
1762689472030 1.386344313621521 2399
1762689533643 1.3664178848266602 2699
1762689594869 1.3711494207382202 2999
1762689655825 1.3528543710708618 3299
1762689716844 1.3385998010635376 3599
1762689777549 1.3305394649505615 3899
1762689838619 1.3393930196762085 4199
1762689899686 1.3178173303604126 4499
1762689960742 1.321553349494934 4799
1762690021624 1.3046727180480957 5099
1762690082698 1.2925792932510376 5399
1762690143723 1.3000473976135254 5699
1762690205089 1.2806726694107056 5999
1762690266230 1.2806291580200195 6299
1762690327507 1.2820321321487427 6599
1762690388066 1.2768532037734985 6899
1762690448922 1.279045820236206 7199
1762690509413 1.2653051614761353 7499
1762690570341 1.259432315826416 7799
1762690631228 1.2522419691085815 8099
1762690692325 1.2570277452468872 8399
1762690752968 1.244418740272522 8699
1762690824576 1.2416695356369019 8999
1762690891168 1.2489534616470337 9299
1762690957834 1.2499909400939941 9599
1762691024381 1.2387406826019287 9899
1762691090749 1.2332581281661987 10199
