1762689043007 1.0831130743026733 299
1762689103871 0.6159369349479675 599
1762689165028 0.5737296938896179 899
1762689226145 0.5622188448905945 1199
1762689287593 0.5337268114089966 1499
1762689349008 0.5177881717681885 1799
1762689410522 0.5177350044250488 2099
1762689472030 0.52351313829422 2399
1762689533643 0.5032804012298584 2699
1762689594869 0.5082582235336304 2999
1762689655825 0.5054066777229309 3299
1762689716844 0.48810645937919617 3599
1762689777549 0.4961959719657898 3899
1762689838619 0.49927201867103577 4199
1762689899686 0.4844810366630554 4499
1762689960742 0.49352651834487915 4799
1762690021624 0.48973965644836426 5099
1762690082698 0.48470667004585266 5399
1762690143723 0.4943549335002899 5699
1762690205089 0.48564091324806213 5999
1762690266230 0.4858382046222687 6299
1762690327507 0.4819241464138031 6599
1762690388066 0.4775375723838806 6899
1762690448922 0.4896317422389984 7199
1762690509413 0.482071191072464 7499
1762690570341 0.47481995820999146 7799
1762690631228 0.4731278717517853 8099
1762690692325 0.47209179401397705 8399
1762690752968 0.46479400992393494 8699
1762690824576 0.46819019317626953 8999
1762690891168 0.466570645570755 9299
1762690957834 0.4797082245349884 9599
1762691024381 0.4724466800689697 9899
1762691090749 0.4682224988937378 10199
