1762689043007 1.0081734657287598 299
1762689103871 0.5993771553039551 599
1762689165028 0.5584911108016968 899
1762689226145 0.5475910902023315 1199
1762689287593 0.5204777717590332 1499
1762689349008 0.5046290159225464 1799
1762689410522 0.5053773522377014 2099
1762689472030 0.5101893544197083 2399
1762689533643 0.4911755323410034 2699
1762689594869 0.4959666132926941 2999
1762689655825 0.4936485290527344 3299
1762689716844 0.47675207257270813 3599
1762689777549 0.4843364655971527 3899
1762689838619 0.48761793971061707 4199
1762689899686 0.4733518958091736 4499
1762689960742 0.4815574884414673 4799
1762690021624 0.47833049297332764 5099
1762690082698 0.47313830256462097 5399
1762690143723 0.4825515151023865 5699
1762690205089 0.4744032919406891 5999
1762690266230 0.4740694463253021 6299
1762690327507 0.47076648473739624 6599
1762690388066 0.4666781723499298 6899
1762690448922 0.47799035906791687 7199
1762690509413 0.47077760100364685 7499
1762690570341 0.46424970030784607 7799
1762690631228 0.4625196158885956 8099
1762690692325 0.46126145124435425 8399
1762690752968 0.4543370306491852 8699
1762690824576 0.4577740728855133 8999
1762690891168 0.4563712775707245 9299
1762690957834 0.4686414301395416 9599
1762691024381 0.4615142047405243 9899
1762691090749 0.4572679400444031 10199
