1762689043007 3.0266876220703125 299
1762689103871 0.8134141564369202 599
1762689165028 0.7271456122398376 899
1762689226145 0.67774498462677 1199
1762689287593 0.5947741866111755 1499
1762689349008 0.5722207427024841 1799
1762689410522 0.5495613217353821 2099
1762689472030 0.5966019034385681 2399
1762689533643 0.5120112299919128 2699
1762689594869 0.5260027647018433 2999
1762689655825 0.5047951340675354 3299
1762689716844 0.4842146933078766 3599
1762689777549 0.49701711535453796 3899
1762689838619 0.4930545687675476 4199
1762689899686 0.47546306252479553 4499
1762689960742 0.5150159001350403 4799
1762690021624 0.4753137528896332 5099
1762690082698 0.4838665723800659 5399
1762690143723 0.4895936846733093 5699
1762690205089 0.477567583322525 5999
1762690266230 0.4933452904224396 6299
1762690327507 0.46267858147621155 6599
1762690388066 0.4388834238052368 6899
1762690448922 0.48534584045410156 7199
1762690509413 0.4717028737068176 7499
1762690570341 0.4300310015678406 7799
1762690631228 0.4264589548110962 8099
1762690692325 0.44125595688819885 8399
1762690752968 0.41435444355010986 8699
1762690824576 0.4199768602848053 8999
1762690891168 0.40481099486351013 9299
1762690957834 0.4596298933029175 9599
1762691024381 0.4430548846721649 9899
1762691090749 0.4439961314201355 10199
