1762689043007 11.649510383605957 299
1762689103871 6.51087760925293 599
1762689165028 6.189693450927734 899
1762689226145 6.007900238037109 1199
1762689287593 5.792027950286865 1499
1762689349008 5.623962879180908 1799
1762689410522 5.617503643035889 2099
1762689472030 5.479029655456543 2399
1762689533643 5.383437633514404 2699
1762689594869 5.357638359069824 2999
1762689655825 5.32072639465332 3299
1762689716844 5.217167854309082 3599
1762689777549 5.155478477478027 3899
1762689838619 5.123959541320801 4199
1762689899686 5.0399088859558105 4499
1762689960742 5.016031742095947 4799
1762690021624 4.847522735595703 5099
1762690082698 4.836314678192139 5399
1762690143723 4.81408166885376 5699
1762690205089 4.719804286956787 5999
1762690266230 4.6839919090271 6299
1762690327507 4.6714887619018555 6599
1762690388066 4.705473899841309 6899
1762690448922 4.646642208099365 7199
1762690509413 4.601093769073486 7499
1762690570341 4.485833168029785 7799
1762690631228 4.418365478515625 8099
1762690692325 4.4858784675598145 8399
1762690752968 4.428451061248779 8699
1762690824576 4.368856906890869 8999
1762690891168 4.381991863250732 9299
1762690957834 4.3535943031311035 9599
1762691024381 4.338711261749268 9899
1762691090749 4.315888404846191 10199
