1762689043007 8.347626686096191 299
1762689103871 6.851959228515625 599
1762689165028 6.866838455200195 899
1762689226145 6.706829071044922 1199
1762689287593 6.535195350646973 1499
1762689349008 6.649684429168701 1799
1762689410522 6.4356560707092285 2099
1762689472030 6.49092435836792 2399
1762689533643 6.33048152923584 2699
1762689594869 6.245156288146973 2999
1762689655825 6.1279072761535645 3299
1762689716844 6.090085029602051 3599
1762689777549 6.102110862731934 3899
1762689838619 6.007644176483154 4199
1762689899686 5.841155052185059 4499
1762689960742 5.980642795562744 4799
1762690021624 5.776522636413574 5099
1762690082698 5.794338703155518 5399
1762690143723 5.797366619110107 5699
1762690205089 5.555845260620117 5999
1762690266230 5.6340484619140625 6299
1762690327507 5.540399551391602 6599
1762690388066 5.524988174438477 6899
1762690448922 5.633583068847656 7199
1762690509413 5.470591068267822 7499
1762690570341 5.306367874145508 7799
1762690631228 5.270705699920654 8099
1762690692325 5.218298435211182 8399
1762690752968 5.360058307647705 8699
1762690824576 5.284493923187256 8999
1762690891168 5.069281578063965 9299
1762690957834 5.140566825866699 9599
1762691024381 5.256870269775391 9899
1762691090749 5.310542583465576 10199
