1762689043007 1.372739553451538 299
1762689103871 0.8959522843360901 599
1762689165028 0.8402838706970215 899
1762689226145 0.8261095285415649 1199
1762689287593 0.7902476191520691 1499
1762689349008 0.7729139924049377 1799
1762689410522 0.7707061171531677 2099
1762689472030 0.7628787159919739 2399
1762689533643 0.7460359930992126 2699
1762689594869 0.7495856285095215 2999
1762689655825 0.7399032115936279 3299
1762689716844 0.725375235080719 3599
1762689777549 0.7282368540763855 3899
1762689838619 0.732526421546936 4199
1762689899686 0.7179552316665649 4499
1762689960742 0.7232801914215088 4799
1762690021624 0.7161975502967834 5099
1762690082698 0.7072159051895142 5399
1762690143723 0.7149674296379089 5699
1762690205089 0.7045229077339172 5999
1762690266230 0.7051165699958801 6299
1762690327507 0.7017070055007935 6599
1762690388066 0.6967670917510986 6899
1762690448922 0.707634687423706 7199
1762690509413 0.6987072229385376 7499
1762690570341 0.6931605935096741 7799
1762690631228 0.6896069049835205 8099
1762690692325 0.6907614469528198 8399
1762690752968 0.6821870803833008 8699
1762690824576 0.6811783909797668 8999
1762690891168 0.682110071182251 9299
1762690957834 0.689906895160675 9599
1762691024381 0.6799987554550171 9899
1762691090749 0.680992066860199 10199
