1762689043007 1.9710921049118042 299
1762689103871 1.3071073293685913 599
1762689165028 1.2211472988128662 899
1762689226145 1.2016067504882812 1199
1762689287593 1.1475830078125 1499
1762689349008 1.1218794584274292 1799
1762689410522 1.1193325519561768 2099
1762689472030 1.1092411279678345 2399
1762689533643 1.08286714553833 2699
1762689594869 1.0882537364959717 2999
1762689655825 1.0742394924163818 3299
1762689716844 1.0522669553756714 3599
1762689777549 1.056341528892517 3899
1762689838619 1.0629321336746216 4199
1762689899686 1.0411415100097656 4499
1762689960742 1.0507280826568604 4799
1762690021624 1.0408655405044556 5099
1762690082698 1.0280227661132812 5399
1762690143723 1.0397108793258667 5699
1762690205089 1.0238369703292847 5999
1762690266230 1.0258582830429077 6299
1762690327507 1.0193771123886108 6599
1762690388066 1.0117353200912476 6899
1762690448922 1.0282233953475952 7199
1762690509413 1.0161842107772827 7499
1762690570341 1.008025050163269 7799
1762690631228 1.0027308464050293 8099
1762690692325 1.0041701793670654 8399
1762690752968 0.9918346405029297 8699
1762690824576 0.9897230267524719 8999
1762690891168 0.9918656945228577 9299
1762690957834 1.0037481784820557 9599
1762691024381 0.9897677302360535 9899
1762691090749 0.9902874231338501 10199
