1762689043007 1.84125554561615 299
1762689103871 1.2597377300262451 599
1762689165028 1.1791332960128784 899
1762689226145 1.1605843305587769 1199
1762689287593 1.1098192930221558 1499
1762689349008 1.0855293273925781 1799
1762689410522 1.0841299295425415 2099
1762689472030 1.0736325979232788 2399
1762689533643 1.049208402633667 2699
1762689594869 1.0543760061264038 2999
1762689655825 1.0417183637619019 3299
1762689716844 1.0205551385879517 3599
1762689777549 1.0239912271499634 3899
1762689838619 1.0309041738510132 4199
1762689899686 1.0103375911712646 4499
1762689960742 1.0184634923934937 4799
1762690021624 1.009772777557373 5099
1762690082698 0.9965598583221436 5399
1762690143723 1.0083805322647095 5699
1762690205089 0.9941460490226746 5999
1762690266230 0.9946204423904419 6299
1762690327507 0.9897094964981079 6599
1762690388066 0.9822231531143188 6899
1762690448922 0.9973902702331543 7199
1762690509413 0.9853464365005493 7499
1762690570341 0.9790806174278259 7799
1762690631228 0.9734330177307129 8099
1762690692325 0.9747574329376221 8399
1762690752968 0.9626849293708801 8699
1762690824576 0.9613092541694641 8999
1762690891168 0.9634327292442322 9299
1762690957834 0.9742973446846008 9599
1762691024381 0.9602633714675903 9899
1762691090749 0.9609706997871399 10199
