1762689043007 2.720170736312866 299
1762689103871 2.240493059158325 599
1762689165028 2.2057056427001953 899
1762689226145 2.167487621307373 1199
1762689287593 2.1330432891845703 1499
1762689349008 2.1111178398132324 1799
1762689410522 2.0947749614715576 2099
1762689472030 2.0783350467681885 2399
1762689533643 2.0651063919067383 2699
1762689594869 2.0528769493103027 2999
1762689655825 2.0537164211273193 3299
1762689716844 2.0279438495635986 3599
1762689777549 2.0106968879699707 3899
1762689838619 2.004884958267212 4199
1762689899686 1.9894295930862427 4499
1762689960742 1.9822978973388672 4799
1762690021624 1.944016456604004 5099
1762690082698 1.9516265392303467 5399
1762690143723 1.939612865447998 5699
1762690205089 1.9204158782958984 5999
1762690266230 1.9121384620666504 6299
1762690327507 1.9066790342330933 6599
1762690388066 1.9132903814315796 6899
1762690448922 1.9000929594039917 7199
1762690509413 1.884340524673462 7499
1762690570341 1.8601092100143433 7799
1762690631228 1.8445391654968262 8099
1762690692325 1.863703966140747 8399
1762690752968 1.854198694229126 8699
1762690824576 1.8362823724746704 8999
1762690891168 1.8313970565795898 9299
1762690957834 1.8290095329284668 9599
1762691024381 1.818838357925415 9899
1762691090749 1.8218867778778076 10199
