1762689043007 1.667288064956665 299
1762689103871 1.1586337089538574 599
1762689165028 1.0902824401855469 899
1762689226145 1.0696702003479004 1199
1762689287593 1.0358734130859375 1499
1762689349008 1.0106604099273682 1799
1762689410522 1.0125656127929688 2099
1762689472030 0.9936624765396118 2399
1762689533643 0.9794616103172302 2699
1762689594869 0.983206033706665 2999
1762689655825 0.9666436314582825 3299
1762689716844 0.9564412236213684 3599
1762689777549 0.9525611400604248 3899
1762689838619 0.9582381248474121 4199
1762689899686 0.9420629143714905 4499
1762689960742 0.9443069696426392 4799
1762690021624 0.9316849708557129 5099
1762690082698 0.9229069352149963 5399
1762690143723 0.9286372661590576 5699
1762690205089 0.9129112362861633 5999
1762690266230 0.9134052395820618 6299
1762690327507 0.9140287637710571 6599
1762690388066 0.910619854927063 6899
1762690448922 0.9131970405578613 7199
1762690509413 0.9039685130119324 7499
1762690570341 0.8971952795982361 7799
1762690631228 0.8930607438087463 8099
1762690692325 0.8948948383331299 8399
1762690752968 0.8872664570808411 8699
1762690824576 0.8835450410842896 8999
1762690891168 0.8891401290893555 9299
1762690957834 0.8901993632316589 9599
1762691024381 0.8827030062675476 9899
1762691090749 0.878421425819397 10199
