1762689043007 1.7343761920928955 299
1762689103871 1.4933185577392578 599
1762689165028 1.4742752313613892 899
1762689226145 1.4650416374206543 1199
1762689287593 1.444679856300354 1499
1762689349008 1.4335490465164185 1799
1762689410522 1.4375652074813843 2099
1762689472030 1.418635368347168 2399
1762689533643 1.4146859645843506 2699
1762689594869 1.396436333656311 2999
1762689655825 1.4099314212799072 3299
1762689716844 1.396803855895996 3599
1762689777549 1.3898850679397583 3899
1762689838619 1.3786808252334595 4199
1762689899686 1.3689582347869873 4499
1762689960742 1.3639099597930908 4799
1762690021624 1.3440449237823486 5099
1762690082698 1.3427773714065552 5399
1762690143723 1.3285248279571533 5699
1762690205089 1.3319048881530762 5999
1762690266230 1.320684790611267 6299
1762690327507 1.3179033994674683 6599
1762690388066 1.3250353336334229 6899
1762690448922 1.317107081413269 7199
1762690509413 1.3088403940200806 7499
1762690570341 1.2915527820587158 7799
1762690631228 1.2855066061019897 8099
1762690692325 1.2962119579315186 8399
1762690752968 1.2827284336090088 8699
1762690824576 1.28110933303833 8999
1762690891168 1.276991367340088 9299
1762690957834 1.2661370038986206 9599
1762691024381 1.27413809299469 9899
1762691090749 1.261309266090393 10199
