1762689043007 2.4021410942077637 299
1762689103871 1.6962803602218628 599
1762689165028 1.5899083614349365 899
1762689226145 1.5601061582565308 1199
1762689287593 1.5096344947814941 1499
1762689349008 1.4714229106903076 1799
1762689410522 1.4760429859161377 2099
1762689472030 1.4481630325317383 2399
1762689533643 1.4263508319854736 2699
1762689594869 1.4324465990066528 2999
1762689655825 1.4096001386642456 3299
1762689716844 1.3949064016342163 3599
1762689777549 1.3877021074295044 3899
1762689838619 1.3952243328094482 4199
1762689899686 1.3730343580245972 4499
1762689960742 1.3777979612350464 4799
1762690021624 1.359603762626648 5099
1762690082698 1.3470070362091064 5399
1762690143723 1.3543444871902466 5699
1762690205089 1.3320295810699463 5999
1762690266230 1.3340758085250854 6299
1762690327507 1.3335673809051514 6599
1762690388066 1.3286234140396118 6899
1762690448922 1.333096981048584 7199
1762690509413 1.3186519145965576 7499
1762690570341 1.3097939491271973 7799
1762690631228 1.30311119556427 8099
1762690692325 1.3074268102645874 8399
1762690752968 1.2957849502563477 8699
1762690824576 1.2903209924697876 8999
1762690891168 1.2982826232910156 9299
1762690957834 1.2999796867370605 9599
1762691024381 1.2900514602661133 9899
1762691090749 1.2830986976623535 10199
