1762689043007 2.478506565093994 299
1762689103871 2.0775489807128906 599
1762689165028 2.045180320739746 899
1762689226145 2.0113332271575928 1199
1762689287593 1.9809926748275757 1499
1762689349008 1.960617184638977 1799
1762689410522 1.9496394395828247 2099
1762689472030 1.9321802854537964 2399
1762689533643 1.9196785688400269 2699
1762689594869 1.910593032836914 2999
1762689655825 1.9155529737472534 3299
1762689716844 1.8934829235076904 3599
1762689777549 1.873910665512085 3899
1762689838619 1.873608112335205 4199
1762689899686 1.858108401298523 4499
1762689960742 1.8515766859054565 4799
1762690021624 1.818931221961975 5099
1762690082698 1.823398470878601 5399
1762690143723 1.8121832609176636 5699
1762690205089 1.7982956171035767 5999
1762690266230 1.7890594005584717 6299
1762690327507 1.785112977027893 6599
1762690388066 1.7913107872009277 6899
1762690448922 1.777677297592163 7199
1762690509413 1.7658970355987549 7499
1762690570341 1.7451337575912476 7799
1762690631228 1.729277491569519 8099
1762690692325 1.7495213747024536 8399
1762690752968 1.7379101514816284 8699
1762690824576 1.7214137315750122 8999
1762690891168 1.7209783792495728 9299
1762690957834 1.7157572507858276 9599
1762691024381 1.7044281959533691 9899
1762691090749 1.70730459690094 10199
