1762689043007 1.2731349468231201 299
1762689103871 0.8609572649002075 599
1762689165028 0.8086870908737183 899
1762689226145 0.795708954334259 1199
1762689287593 0.7620301246643066 1499
1762689349008 0.7457576990127563 1799
1762689410522 0.7443304657936096 2099
1762689472030 0.736240804195404 2399
1762689533643 0.7205640077590942 2699
1762689594869 0.7240043878555298 2999
1762689655825 0.7153751850128174 3299
1762689716844 0.7014144062995911 3599
1762689777549 0.7038319110870361 3899
1762689838619 0.7080721259117126 4199
1762689899686 0.694693386554718 4499
1762689960742 0.6990085244178772 4799
1762690021624 0.6925563812255859 5099
1762690082698 0.6836541891098022 5399
1762690143723 0.6916069984436035 5699
1762690205089 0.6820289492607117 5999
1762690266230 0.6816893219947815 6299
1762690327507 0.6793317198753357 6599
1762690388066 0.6746047735214233 6899
1762690448922 0.6842005848884583 7199
1762690509413 0.6753155589103699 7499
1762690570341 0.6712983250617981 7799
1762690631228 0.6675142049789429 8099
1762690692325 0.6686540246009827 8399
1762690752968 0.6603893637657166 8699
1762690824576 0.6597046852111816 8999
1762690891168 0.6608663201332092 9299
1762690957834 0.6676772236824036 9599
1762691024381 0.6577910780906677 9899
1762691090749 0.6590206027030945 10199
