1762689043007 2.304265022277832 299
1762689103871 1.8175145387649536 599
1762689165028 1.76275634765625 899
1762689226145 1.735850214958191 1199
1762689287593 1.6979033946990967 1499
1762689349008 1.670052170753479 1799
1762689410522 1.669196367263794 2099
1762689472030 1.6474093198776245 2399
1762689533643 1.6292901039123535 2699
1762689594869 1.6236450672149658 2999
1762689655825 1.6197165250778198 3299
1762689716844 1.603073239326477 3599
1762689777549 1.5948351621627808 3899
1762689838619 1.5937235355377197 4199
1762689899686 1.574600338935852 4499
1762689960742 1.5729987621307373 4799
1762690021624 1.5490304231643677 5099
1762690082698 1.5463658571243286 5399
1762690143723 1.5430376529693604 5699
1762690205089 1.5295535326004028 5999
1762690266230 1.5226184129714966 6299
1762690327507 1.5210020542144775 6599
1762690388066 1.5226325988769531 6899
1762690448922 1.516077995300293 7199
1762690509413 1.5073120594024658 7499
1762690570341 1.4904860258102417 7799
1762690631228 1.4807487726211548 8099
1762690692325 1.4908214807510376 8399
1762690752968 1.4768004417419434 8699
1762690824576 1.4689292907714844 8999
1762690891168 1.4739644527435303 9299
1762690957834 1.4700897932052612 9599
1762691024381 1.4630765914916992 9899
1762691090749 1.4602075815200806 10199
