1762689043007 2.5104565620422363 299
1762689103871 1.939881443977356 599
1762689165028 1.8815494775772095 899
1762689226145 1.8508720397949219 1199
1762689287593 1.8085776567459106 1499
1762689349008 1.7791149616241455 1799
1762689410522 1.7751654386520386 2099
1762689472030 1.7538031339645386 2399
1762689533643 1.7339234352111816 2699
1762689594869 1.727252721786499 2999
1762689655825 1.7198985815048218 3299
1762689716844 1.7007156610488892 3599
1762689777549 1.6938433647155762 3899
1762689838619 1.6902378797531128 4199
1762689899686 1.6696206331253052 4499
1762689960742 1.6685599088668823 4799
1762690021624 1.6411938667297363 5099
1762690082698 1.6393564939498901 5399
1762690143723 1.6360411643981934 5699
1762690205089 1.6184284687042236 5999
1762690266230 1.6127049922943115 6299
1762690327507 1.6091803312301636 6599
1762690388066 1.6111841201782227 6899
1762690448922 1.6058765649795532 7199
1762690509413 1.5953607559204102 7499
1762690570341 1.5750224590301514 7799
1762690631228 1.564937949180603 8099
1762690692325 1.5747157335281372 8399
1762690752968 1.5622265338897705 8699
1762690824576 1.5522819757461548 8999
1762690891168 1.5555851459503174 9299
1762690957834 1.552811622619629 9599
1762691024381 1.5475351810455322 9899
1762691090749 1.5441803932189941 10199
