1762689043007 1.8219914436340332 299
1762689103871 1.3968892097473145 599
1762689165028 1.358097791671753 899
1762689226145 1.3331832885742188 1199
1762689287593 1.3025789260864258 1499
1762689349008 1.276849389076233 1799
1762689410522 1.2678301334381104 2099
1762689472030 1.2556005716323853 2399
1762689533643 1.2380123138427734 2699
1762689594869 1.240498661994934 2999
1762689655825 1.2253953218460083 3299
1762689716844 1.2166168689727783 3599
1762689777549 1.2141575813293457 3899
1762689838619 1.2098948955535889 4199
1762689899686 1.1934715509414673 4499
1762689960742 1.1903009414672852 4799
1762690021624 1.1722525358200073 5099
1762690082698 1.1707125902175903 5399
1762690143723 1.1671010255813599 5699
1762690205089 1.151119351387024 5999
1762690266230 1.148470401763916 6299
1762690327507 1.1458051204681396 6599
1762690388066 1.1486907005310059 6899
1762690448922 1.1399290561676025 7199
1762690509413 1.1379936933517456 7499
1762690570341 1.119085431098938 7799
1762690631228 1.116426706314087 8099
1762690692325 1.1200441122055054 8399
1762690752968 1.1066997051239014 8699
1762690824576 1.0979423522949219 8999
1762690891168 1.1129896640777588 9299
1762690957834 1.1029717922210693 9599
1762691024381 1.1002051830291748 9899
1762691090749 1.1014766693115234 10199
