1762689043007 1.5804721117019653 299
1762689103871 1.2364680767059326 599
1762689165028 1.1993908882141113 899
1762689226145 1.1809818744659424 1199
1762689287593 1.156445860862732 1499
1762689349008 1.1368552446365356 1799
1762689410522 1.136138677597046 2099
1762689472030 1.12116539478302 2399
1762689533643 1.1089550256729126 2699
1762689594869 1.1061092615127563 2999
1762689655825 1.1023300886154175 3299
1762689716844 1.0909801721572876 3599
1762689777549 1.0850112438201904 3899
1762689838619 1.0845375061035156 4199
1762689899686 1.0720860958099365 4499
1762689960742 1.070496916770935 4799
1762690021624 1.0535283088684082 5099
1762690082698 1.0516107082366943 5399
1762690143723 1.0493063926696777 5699
1762690205089 1.0400285720825195 5999
1762690266230 1.0355397462844849 6299
1762690327507 1.0346018075942993 6599
1762690388066 1.0359065532684326 6899
1762690448922 1.0313338041305542 7199
1762690509413 1.0250345468521118 7499
1762690570341 1.0138654708862305 7799
1762690631228 1.0070832967758179 8099
1762690692325 1.013848066329956 8399
1762690752968 1.0042839050292969 8699
1762690824576 0.9988113641738892 8999
1762690891168 1.0027902126312256 9299
1762690957834 0.9996674060821533 9599
1762691024381 0.9944688081741333 9899
1762691090749 0.9929659962654114 10199
