1762689043007 7.141688346862793 299
1762689103871 4.973234176635742 599
1762689165028 4.825115203857422 899
1762689226145 4.60813045501709 1199
1762689287593 4.458434104919434 1499
1762689349008 4.35360050201416 1799
1762689410522 4.233693599700928 2099
1762689472030 4.210072994232178 2399
1762689533643 4.216369152069092 2699
1762689594869 4.193291187286377 2999
1762689655825 4.0416035652160645 3299
1762689716844 3.9085750579833984 3599
1762689777549 4.001896858215332 3899
1762689838619 3.950881004333496 4199
1762689899686 3.857032060623169 4499
1762689960742 3.810392141342163 4799
1762690021624 3.7528562545776367 5099
1762690082698 3.745102643966675 5399
1762690143723 3.7716121673583984 5699
1762690205089 3.562012195587158 5999
1762690266230 3.651930332183838 6299
1762690327507 3.581186294555664 6599
1762690388066 3.5610876083374023 6899
1762690448922 3.650461435317993 7199
1762690509413 3.602757215499878 7499
1762690570341 3.4397037029266357 7799
1762690631228 3.421462059020996 8099
1762690692325 3.452214241027832 8399
1762690752968 3.493283748626709 8699
1762690824576 3.390698194503784 8999
1762690891168 3.3676116466522217 9299
1762690957834 3.3326971530914307 9599
1762691024381 3.442347526550293 9899
1762691090749 3.377009630203247 10199
