1762689043007 2.797426700592041 299
1762689103871 2.3887619972229004 599
1762689165028 2.361616849899292 899
1762689226145 2.3464722633361816 1199
1762689287593 2.311739683151245 1499
1762689349008 2.299497365951538 1799
1762689410522 2.3014745712280273 2099
1762689472030 2.2719337940216064 2399
1762689533643 2.264068126678467 2699
1762689594869 2.230766534805298 2999
1762689655825 2.250333309173584 3299
1762689716844 2.2305819988250732 3599
1762689777549 2.2195799350738525 3899
1762689838619 2.200317621231079 4199
1762689899686 2.177219867706299 4499
1762689960742 2.1763134002685547 4799
1762690021624 2.138648748397827 5099
1762690082698 2.138476610183716 5399
1762690143723 2.119272470474243 5699
1762690205089 2.1137588024139404 5999
1762690266230 2.099116802215576 6299
1762690327507 2.0944650173187256 6599
1762690388066 2.102905750274658 6899
1762690448922 2.094560146331787 7199
1762690509413 2.078819751739502 7499
1762690570341 2.0479354858398438 7799
1762690631228 2.03749942779541 8099
1762690692325 2.052065372467041 8399
1762690752968 2.0384879112243652 8699
1762690824576 2.0306525230407715 8999
1762690891168 2.0175700187683105 9299
1762690957834 2.005429267883301 9599
1762691024381 2.02018141746521 9899
1762691090749 2.0023672580718994 10199
