1762689043007 1.5544216632843018 299
1762689103871 0.8967993259429932 599
1762689165028 0.8321648836135864 899
1762689226145 0.8167290091514587 1199
1762689287593 0.7736515402793884 1499
1762689349008 0.7515696883201599 1799
1762689410522 0.7521247863769531 2099
1762689472030 0.7615227699279785 2399
1762689533643 0.7296459674835205 2699
1762689594869 0.7373602986335754 2999
1762689655825 0.7335470914840698 3299
1762689716844 0.7066065073013306 3599
1762689777549 0.7205082178115845 3899
1762689838619 0.7247488498687744 4199
1762689899686 0.7019240856170654 4499
1762689960742 0.7158982157707214 4799
1762690021624 0.7109116315841675 5099
1762690082698 0.7047883868217468 5399
1762690143723 0.718956470489502 5699
1762690205089 0.7051616907119751 5999
1762690266230 0.7065203189849854 6299
1762690327507 0.6990656852722168 6599
1762690388066 0.693215548992157 6899
1762690448922 0.7109107971191406 7199
1762690509413 0.7003694176673889 7499
1762690570341 0.6898710131645203 7799
1762690631228 0.6875040531158447 8099
1762690692325 0.6863211393356323 8399
1762690752968 0.6750553250312805 8699
1762690824576 0.6800728440284729 8999
1762690891168 0.6778187155723572 9299
1762690957834 0.6979675889015198 9599
1762691024381 0.686712920665741 9899
1762691090749 0.6800864338874817 10199
