1762689043007 1.7357488870620728 299
1762689103871 1.3264095783233643 599
1762689165028 1.286594271659851 899
1762689226145 1.265593409538269 1199
1762689287593 1.2378144264221191 1499
1762689349008 1.2167772054672241 1799
1762689410522 1.2139028310775757 2099
1762689472030 1.199408769607544 2399
1762689533643 1.185771107673645 2699
1762689594869 1.1823071241378784 2999
1762689655825 1.1761285066604614 3299
1762689716844 1.1626901626586914 3599
1762689777549 1.1577680110931396 3899
1762689838619 1.155652642250061 4199
1762689899686 1.1420347690582275 4499
1762689960742 1.1406395435333252 4799
1762690021624 1.1211729049682617 5099
1762690082698 1.1196556091308594 5399
1762690143723 1.1176683902740479 5699
1762690205089 1.1052714586257935 5999
1762690266230 1.101485013961792 6299
1762690327507 1.099350929260254 6599
1762690388066 1.1008962392807007 6899
1762690448922 1.0971726179122925 7199
1762690509413 1.089631199836731 7499
1762690570341 1.0757898092269897 7799
1762690631228 1.0688518285751343 8099
1762690692325 1.0753390789031982 8399
1762690752968 1.0667877197265625 8699
1762690824576 1.06021249294281 8999
1762690891168 1.0625035762786865 9299
1762690957834 1.0602959394454956 9599
1762691024381 1.0564839839935303 9899
1762691090749 1.054375410079956 10199
