1762689043007 1.6911594867706299 299
1762689103871 1.4119952917099 599
1762689165028 1.3889482021331787 899
1762689226145 1.3652390241622925 1199
1762689287593 1.3472152948379517 1499
1762689349008 1.3316668272018433 1799
1762689410522 1.3247098922729492 2099
1762689472030 1.312127947807312 2399
1762689533643 1.3037298917770386 2699
1762689594869 1.298505187034607 2999
1762689655825 1.3004955053329468 3299
1762689716844 1.2850756645202637 3599
1762689777549 1.2718942165374756 3899
1762689838619 1.2720787525177002 4199
1762689899686 1.2620280981063843 4499
1762689960742 1.2578922510147095 4799
1762690021624 1.2338521480560303 5099
1762690082698 1.2367855310440063 5399
1762690143723 1.2290741205215454 5699
1762690205089 1.2190803289413452 5999
1762690266230 1.214203119277954 6299
1762690327507 1.2116535902023315 6599
1762690388066 1.2152594327926636 6899
1762690448922 1.2065871953964233 7199
1762690509413 1.1983057260513306 7499
1762690570341 1.1854431629180908 7799
1762690631228 1.173462986946106 8099
1762690692325 1.1874722242355347 8399
1762690752968 1.1801483631134033 8699
1762690824576 1.1678192615509033 8999
1762690891168 1.1678534746170044 9299
1762690957834 1.164467453956604 9599
1762691024381 1.1570439338684082 9899
1762691090749 1.1582452058792114 10199
