1762689043007 1.8717279434204102 299
1762689103871 1.531398892402649 599
1762689165028 1.5064070224761963 899
1762689226145 1.4798530340194702 1199
1762689287593 1.4587554931640625 1499
1762689349008 1.4411907196044922 1799
1762689410522 1.431112289428711 2099
1762689472030 1.419161081314087 2399
1762689533643 1.4097474813461304 2699
1762689594869 1.4025672674179077 2999
1762689655825 1.4019790887832642 3299
1762689716844 1.3830397129058838 3599
1762689777549 1.371984839439392 3899
1762689838619 1.368177056312561 4199
1762689899686 1.3584333658218384 4499
1762689960742 1.3532984256744385 4799
1762690021624 1.3252779245376587 5099
1762690082698 1.329992651939392 5399
1762690143723 1.3224437236785889 5699
1762690205089 1.3084713220596313 5999
1762690266230 1.303760051727295 6299
1762690327507 1.3002139329910278 6599
1762690388066 1.3042834997177124 6899
1762690448922 1.2959617376327515 7199
1762690509413 1.2851389646530151 7499
1762690570341 1.2694168090820312 7799
1762690631228 1.257608413696289 8099
1762690692325 1.2708238363265991 8399
1762690752968 1.2647401094436646 8699
1762690824576 1.2519478797912598 8999
1762690891168 1.2483283281326294 9299
1762690957834 1.246894121170044 9599
1762691024381 1.2407140731811523 9899
1762691090749 1.2417433261871338 10199
