1762689043007 2.417759895324707 299
1762689103871 1.9156550168991089 599
1762689165028 1.86443293094635 899
1762689226145 1.8336737155914307 1199
1762689287593 1.7915844917297363 1499
1762689349008 1.758484125137329 1799
1762689410522 1.7471222877502441 2099
1762689472030 1.730063796043396 2399
1762689533643 1.7033886909484863 2699
1762689594869 1.7054919004440308 2999
1762689655825 1.6897457838058472 3299
1762689716844 1.6813162565231323 3599
1762689777549 1.676554560661316 3899
1762689838619 1.6717456579208374 4199
1762689899686 1.6501022577285767 4499
1762689960742 1.646851658821106 4799
1762690021624 1.6231085062026978 5099
1762690082698 1.6202502250671387 5399
1762690143723 1.6146061420440674 5699
1762690205089 1.598724126815796 5999
1762690266230 1.592002034187317 6299
1762690327507 1.5899280309677124 6599
1762690388066 1.5919381380081177 6899
1762690448922 1.5789604187011719 7199
1762690509413 1.5774495601654053 7499
1762690570341 1.5539162158966064 7799
1762690631228 1.5499963760375977 8099
1762690692325 1.555607795715332 8399
1762690752968 1.533875584602356 8699
1762690824576 1.5253145694732666 8999
1762690891168 1.5472716093063354 9299
1762690957834 1.5334917306900024 9599
1762691024381 1.5282601118087769 9899
1762691090749 1.5292609930038452 10199
