1762780909277 0.0 299
1762780909420 0.0 299
1762781547061 1.0 599
1762781547199 1.0 599
1762782185039 2.0 899
1762782185203 2.0 899
1762782823408 3.0 1199
1762782823550 3.0 1199
1762783461705 4.0 1499
1762783461850 4.0 1499
1762784099655 5.0 1799
1762784099684 5.0 1799
1762784737816 6.0 2099
1762784737846 6.0 2099
1762785381326 7.0 2399
1762785381471 7.0 2399
1762786019338 8.0 2699
1762786019366 8.0 2699
1762786657502 9.0 2999
1762786657645 9.0 2999
1762787296676 10.0 3299
1762787296706 10.0 3299
1762787933771 11.0 3599
1762787933799 11.0 3599
1762788571165 12.0 3899
1762788571198 12.0 3899
1762789208377 13.0 4199
1762789208405 13.0 4199
1762789845595 14.0 4499
1762789845754 14.0 4499
1762790483102 15.0 4799
1762790483259 15.0 4799
1762791120533 16.0 5099
1762791120679 16.0 5099
1762791758187 17.0 5399
1762791758217 17.0 5399
1762792395318 18.0 5699
1762792395353 18.0 5699
1762793032575 19.0 5999
1762793032611 19.0 5999
1762793673369 20.0 6299
1762793673398 20.0 6299
1762794311378 21.0 6599
1762794311408 21.0 6599
1762794949243 22.0 6899
1762794949273 22.0 6899
1762795587289 23.0 7199
1762795587434 23.0 7199
1762796227427 24.0 7499
1762796227566 24.0 7499
1762796864772 25.0 7799
1762796864799 25.0 7799
1762797502043 26.0 8099
1762797502071 26.0 8099
1762798139027 27.0 8399
1762798139055 27.0 8399
1762798776090 28.0 8699
1762798776118 28.0 8699
1762799413139 29.0 8999
1762799413167 29.0 8999
1762800050255 30.0 9299
1762800050284 30.0 9299
1762800687455 31.0 9599
1762800687485 31.0 9599
1762801324596 32.0 9899
1762801324621 32.0 9899
1762801961704 33.0 10199
1762801961734 33.0 10199
1762802598825 34.0 10499
1762802598853 34.0 10499
1762803235987 35.0 10799
1762803236015 35.0 10799
1762803875006 36.0 11099
1762803875033 36.0 11099
1762804515757 37.0 11399
1762804515790 37.0 11399
1762805157167 38.0 11699
1762805157202 38.0 11699
1762805798234 39.0 11999
1762805798283 39.0 11999
1762807334428 40.0 12000
