1762780374875 0.001 49
1762780479358 0.001 99
1762780583898 0.001 149
1762780688499 0.001 199
1762780793014 0.001 249
1762780897521 0.001 299
1762781012076 0.001 349
1762781116726 0.001 399
1762781221372 0.001 449
1762781326089 0.001 499
1762781430807 0.001 549
1762781535449 0.001 599
1762781649844 0.001 649
1762781754596 0.001 699
1762781859210 0.001 749
1762781963851 0.001 799
1762782068621 0.001 849
1762782173384 0.001 899
1762782287830 0.001 949
1762782392623 0.001 999
1762782497372 0.001 1049
1762782602105 0.001 1099
1762782706828 0.001 1149
1762782811582 0.001 1199
1762782926166 0.001 1249
1762783030898 0.001 1299
1762783135666 0.001 1349
1762783240382 0.001 1399
1762783345113 0.001 1449
1762783449867 0.001 1499
1762783564504 0.001 1549
1762783669177 0.001 1599
1762783773809 0.001 1649
1762783878565 0.001 1699
1762783983305 0.001 1749
1762784088037 0.001 1799
1762784202400 0.001 1849
1762784307140 0.001 1899
1762784411828 0.001 1949
1762784516543 0.001 1999
1762784621314 0.001 2049
1762784725990 0.001 2099
1762784840503 0.001 2149
1762784945219 0.001 2199
1762785049988 0.001 2249
1762785157116 0.001 2299
1762785264283 0.001 2349
1762785369517 0.001 2399
1762785484202 0.001 2449
1762785588838 0.001 2499
1762785693530 0.001 2549
1762785798206 0.001 2599
1762785902919 0.001 2649
1762786007710 0.001 2699
1762786122049 0.001 2749
1762786226796 0.001 2799
1762786331575 0.001 2849
1762786436343 0.001 2899
1762786541063 0.001 2949
1762786645696 0.001 2999
1762786761210 0.001 3049
1762786866222 0.001 3099
1762786971248 0.001 3149
1762787075945 0.001 3199
1762787180431 0.001 3249
1762787284928 0.001 3299
1762787399239 0.001 3349
1762787503891 0.001 3399
1762787608462 0.001 3449
1762787713024 0.001 3499
1762787817637 0.001 3549
1762787922174 0.001 3599
1762788036352 0.001 3649
1762788140934 0.001 3699
1762788245547 0.001 3749
1762788350117 0.001 3799
1762788454769 0.001 3849
1762788559288 0.001 3899
1762788673662 0.001 3949
1762788778267 0.001 3999
1762788882871 0.001 4049
1762788987412 0.001 4099
1762789091968 0.001 4149
1762789196595 0.001 4199
1762789310933 0.001 4249
1762789415485 0.001 4299
1762789520038 0.001 4349
1762789624663 0.001 4399
1762789729286 0.001 4449
1762789833898 0.001 4499
1762789948272 0.001 4549
1762790052896 0.001 4599
1762790157470 0.001 4649
1762790262045 0.001 4699
1762790366636 0.001 4749
1762790471248 0.001 4799
1762790585733 0.001 4849
1762790690424 0.001 4899
1762790795035 0.001 4949
1762790899655 0.001 4999
1762791004259 0.001 5049
1762791108842 0.001 5099
1762791223191 0.001 5149
1762791327758 0.001 5199
1762791432371 0.001 5249
1762791537013 0.001 5299
1762791641608 0.001 5349
1762791746222 0.001 5399
1762791860738 0.001 5449
1762791965349 0.001 5499
1762792069941 0.001 5549
1762792174516 0.001 5599
1762792279079 0.001 5649
1762792383651 0.001 5699
1762792497948 0.001 5749
1762792602537 0.001 5799
1762792707083 0.001 5849
1762792811675 0.001 5899
1762792916336 0.001 5949
1762793020875 0.001 5999
1762793135135 0.001 6049
1762793239734 0.001 6099
1762793345255 0.001 6149
1762793451640 0.001 6199
1762793556994 0.001 6249
1762793661755 0.001 6299
1762793776096 0.001 6349
1762793880890 0.001 6399
1762793985693 0.001 6449
1762794090357 0.001 6499
1762794194947 0.001 6549
1762794299668 0.001 6599
1762794414096 0.001 6649
1762794518734 0.001 6699
1762794623390 0.001 6749
1762794728019 0.001 6799
1762794832683 0.001 6849
1762794937485 0.001 6899
1762795052060 0.001 6949
1762795156742 0.001 6999
1762795261420 0.001 7049
1762795366141 0.001 7099
1762795470929 0.001 7149
1762795575625 0.001 7199
1762795690072 0.001 7249
1762795795038 0.001 7299
1762795900975 0.001 7349
1762796005721 0.001 7399
1762796110741 0.001 7449
1762796215825 0.001 7499
1762796330150 0.001 7549
1762796434753 0.001 7599
1762796539326 0.001 7649
1762796643915 0.001 7699
1762796748466 0.001 7749
1762796853057 0.001 7799
1762796967307 0.001 7849
1762797071855 0.001 7899
1762797176480 0.001 7949
1762797281109 0.001 7999
1762797385678 0.001 8049
1762797490277 0.001 8099
1762797604617 0.001 8149
1762797709141 0.001 8199
1762797813677 0.001 8249
1762797918283 0.001 8299
1762798022865 0.001 8349
1762798127447 0.001 8399
1762798241595 0.001 8449
1762798346124 0.001 8499
1762798450660 0.001 8549
1762798555195 0.001 8599
1762798659798 0.001 8649
1762798764335 0.001 8699
1762798878594 0.001 8749
1762798983217 0.001 8799
1762799087810 0.001 8849
1762799192356 0.001 8899
1762799296924 0.001 8949
1762799401495 0.001 8999
1762799515697 0.001 9049
1762799620307 0.001 9099
1762799724896 0.001 9149
1762799829459 0.001 9199
1762799934008 0.001 9249
1762800038635 0.001 9299
1762800152801 0.001 9349
1762800257340 0.001 9399
1762800361898 0.001 9449
1762800466498 0.001 9499
1762800571081 0.001 9549
1762800675651 0.001 9599
1762800790036 0.001 9649
1762800894613 0.001 9699
1762800999210 0.001 9749
1762801103782 0.001 9799
1762801208383 0.001 9849
1762801312968 0.001 9899
1762801427161 0.001 9949
1762801531748 0.001 9999
1762801636305 0.001 10049
1762801740850 0.001 10099
1762801845436 0.001 10149
1762801950004 0.001 10199
1762802064216 0.001 10249
1762802168809 0.001 10299
1762802273352 0.001 10349
1762802377938 0.001 10399
1762802482505 0.001 10449
1762802587139 0.001 10499
1762802701361 0.001 10549
1762802805910 0.001 10599
1762802910519 0.001 10649
1762803015077 0.001 10699
1762803119644 0.001 10749
1762803224289 0.001 10799
1762803338544 0.001 10849
1762803443106 0.001 10899
1762803547664 0.001 10949
1762803652584 0.001 10999
1762803758148 0.001 11049
1762803863405 0.001 11099
1762803977744 0.001 11149
1762804082763 0.001 11199
1762804187936 0.001 11249
1762804293011 0.001 11299
1762804398178 0.001 11349
1762804503277 0.001 11399
1762804618767 0.001 11449
1762804724003 0.001 11499
1762804829215 0.001 11549
1762804934390 0.001 11599
1762805039560 0.001 11649
1762805144685 0.001 11699
1762805260279 0.001 11749
1762805365333 0.001 11799
1762805470380 0.001 11849
1762805575607 0.001 11899
1762805680581 0.001 11949
1762805785666 0.001 11999
