1762780909420 12.877622604370117 299
1762781547199 3.2432239055633545 599
1762782185203 2.3995397090911865 899
1762782823550 2.2824878692626953 1199
1762783461850 1.9582806825637817 1499
1762784099684 2.0686397552490234 1799
1762784737846 1.803562045097351 2099
1762785381471 1.8848257064819336 2399
1762786019366 1.7091381549835205 2699
1762786657645 1.7624492645263672 2999
1762787296706 1.6267074346542358 3299
1762787933799 1.6354137659072876 3599
1762788571198 1.6744141578674316 3899
1762789208405 1.5667890310287476 4199
1762789845754 1.6049724817276 4499
1762790483259 1.5451295375823975 4799
1762791120679 1.4870816469192505 5099
1762791758217 1.518664836883545 5399
1762792395353 1.5119106769561768 5699
1762793032611 1.563828706741333 5999
1762793673398 1.5383692979812622 6299
1762794311408 1.4224506616592407 6599
1762794949273 1.4201011657714844 6899
1762795587434 1.4186383485794067 7199
1762796227566 1.476993203163147 7499
1762796864799 1.3584157228469849 7799
1762797502071 1.347790241241455 8099
1762798139055 1.379730463027954 8399
1762798776118 1.3629615306854248 8699
1762799413167 1.3549892902374268 8999
1762800050284 1.3957409858703613 9299
1762800687485 1.333838701248169 9599
1762801324621 1.3215306997299194 9899
1762801961734 1.3739581108093262 10199
1762802598853 1.3526206016540527 10499
1762803236015 1.282134771347046 10799
1762803875033 1.2986793518066406 11099
1762804515790 1.2705299854278564 11399
1762805157202 1.2912672758102417 11699
1762805798283 1.2769681215286255 11999
