1762780909420 12.059526443481445 299
1762781547199 6.4879231452941895 599
1762782185203 5.939347743988037 899
1762782823550 5.713771820068359 1199
1762783461850 5.2704291343688965 1499
1762784099684 5.1926350593566895 1799
1762784737846 4.949167728424072 2099
1762785381471 4.9031147956848145 2399
1762786019366 4.697259902954102 2699
1762786657645 4.694727897644043 2999
1762787296706 4.56887149810791 3299
1762787933799 4.450764179229736 3599
1762788571198 4.464964866638184 3899
1762789208405 4.479098796844482 4199
1762789845754 4.307620048522949 4499
1762790483259 4.329767227172852 4799
1762791120679 4.297194004058838 5099
1762791758217 4.223697662353516 5399
1762792395353 4.243796348571777 5699
1762793032611 4.088039875030518 5999
1762793673398 4.077216148376465 6299
1762794311408 3.89448881149292 6599
1762794949273 3.8754618167877197 6899
1762795587434 3.8919260501861572 7199
1762796227566 3.888094186782837 7499
1762796864799 3.866101026535034 7799
1762797502071 3.6306707859039307 8099
1762798139055 3.6161208152770996 8399
1762798776118 3.5390100479125977 8699
1762799413167 3.56679105758667 8999
1762800050284 3.598414421081543 9299
1762800687485 3.360166072845459 9599
1762801324621 3.346552610397339 9899
1762801961734 3.2680654525756836 10199
1762802598853 3.276273250579834 10499
1762803236015 3.073361396789551 10799
1762803875033 3.0195083618164062 11099
1762804515790 2.8914363384246826 11399
1762805157202 2.9105241298675537 11699
1762805798283 2.817411422729492 11999
