1762780909420 7.294094562530518 299
1762781547199 0.7465252876281738 599
1762782185203 0.6284268498420715 899
1762782823550 0.595339834690094 1199
1762783461850 0.5738025307655334 1499
1762784099684 0.5581222176551819 1799
1762784737846 0.5200007557868958 2099
1762785381471 0.5283496379852295 2399
1762786019366 0.5039447546005249 2699
1762786657645 0.5023844242095947 2999
1762787296706 0.4916470944881439 3299
1762787933799 0.48923131823539734 3599
1762788571198 0.4994436502456665 3899
1762789208405 0.4836220443248749 4199
1762789845754 0.4771580994129181 4499
1762790483259 0.47863176465034485 4799
1762791120679 0.4677172601222992 5099
1762791758217 0.4804937243461609 5399
1762792395353 0.4665808081626892 5699
1762793032611 0.47659745812416077 5999
1762793673398 0.4701911509037018 6299
1762794311408 0.46478530764579773 6599
1762794949273 0.4606793522834778 6899
1762795587434 0.4683215618133545 7199
1762796227566 0.46286678314208984 7499
1762796864799 0.4579497277736664 7799
1762797502071 0.4492455720901489 8099
1762798139055 0.45202672481536865 8399
1762798776118 0.45192965865135193 8699
1762799413167 0.4441884160041809 8999
1762800050284 0.451874315738678 9299
1762800687485 0.44405779242515564 9599
1762801324621 0.44851723313331604 9899
1762801961734 0.4394448697566986 10199
1762802598853 0.4441695809364319 10499
1762803236015 0.4442208409309387 10799
1762803875033 0.4377724826335907 11099
1762804515790 0.4428366720676422 11399
1762805157202 0.43631717562675476 11699
1762805798283 0.4448358118534088 11999
