1762780909420 7.078092575073242 299
1762781547199 1.2152751684188843 599
1762782185203 1.114449381828308 899
1762782823550 1.078419804573059 1199
1762783461850 1.0430785417556763 1499
1762784099684 1.0008066892623901 1799
1762784737846 0.964616596698761 2099
1762785381471 0.9605163335800171 2399
1762786019366 0.9336962699890137 2699
1762786657645 0.9265779852867126 2999
1762787296706 0.9123392701148987 3299
1762787933799 0.9010410904884338 3599
1762788571198 0.9124563336372375 3899
1762789208405 0.894726037979126 4199
1762789845754 0.8792632222175598 4499
1762790483259 0.8774751424789429 4799
1762791120679 0.8633019328117371 5099
1762791758217 0.8684533834457397 5399
1762792395353 0.8581035137176514 5699
1762793032611 0.8584652543067932 5999
1762793673398 0.857250988483429 6299
1762794311408 0.8481875658035278 6599
1762794949273 0.837550699710846 6899
1762795587434 0.8412346243858337 7199
1762796227566 0.8441682457923889 7499
1762796864799 0.8315168023109436 7799
1762797502071 0.8143083453178406 8099
1762798139055 0.8135722875595093 8399
1762798776118 0.8089357018470764 8699
1762799413167 0.8002769351005554 8999
1762800050284 0.8110537528991699 9299
1762800687485 0.7992488145828247 9599
1762801324621 0.7990701198577881 9899
1762801961734 0.7942700982093811 10199
1762802598853 0.787678062915802 10499
1762803236015 0.7836424708366394 10799
1762803875033 0.7773079872131348 11099
1762804515790 0.7790002822875977 11399
1762805157202 0.76996248960495 11699
1762805798283 0.7797542214393616 11999
