1762780909420 7.931417942047119 299
1762781547199 1.984848976135254 599
1762782185203 1.8527700901031494 899
1762782823550 1.8110296726226807 1199
1762783461850 1.7588943243026733 1499
1762784099684 1.7063658237457275 1799
1762784737846 1.6509075164794922 2099
1762785381471 1.6405582427978516 2399
1762786019366 1.5992909669876099 2699
1762786657645 1.6072733402252197 2999
1762787296706 1.5646182298660278 3299
1762787933799 1.5408295392990112 3599
1762788571198 1.567227840423584 3899
1762789208405 1.5514758825302124 4199
1762789845754 1.5255991220474243 4499
1762790483259 1.5041050910949707 4799
1762791120679 1.494521141052246 5099
1762791758217 1.4989216327667236 5399
1762792395353 1.4740123748779297 5699
1762793032611 1.4776625633239746 5999
1762793673398 1.4658381938934326 6299
1762794311408 1.462453007698059 6599
1762794949273 1.4361451864242554 6899
1762795587434 1.4404171705245972 7199
1762796227566 1.4424052238464355 7499
1762796864799 1.4201806783676147 7799
1762797502071 1.3979778289794922 8099
1762798139055 1.385655164718628 8399
1762798776118 1.3766591548919678 8699
1762799413167 1.3524136543273926 8999
1762800050284 1.3594413995742798 9299
1762800687485 1.3481545448303223 9599
1762801324621 1.3298120498657227 9899
1762801961734 1.310792326927185 10199
1762802598853 1.3015573024749756 10499
1762803236015 1.2925974130630493 10799
1762803875033 1.2763240337371826 11099
1762804515790 1.260239839553833 11399
1762805157202 1.248338222503662 11699
1762805798283 1.2601782083511353 11999
