1762780909420 6.118219375610352 299
1762781547199 1.3862673044204712 599
1762782185203 1.2996965646743774 899
1762782823550 1.2695406675338745 1199
1762783461850 1.2303789854049683 1499
1762784099684 1.1930001974105835 1799
1762784737846 1.1511576175689697 2099
1762785381471 1.1471079587936401 2399
1762786019366 1.1215580701828003 2699
1762786657645 1.114936351776123 2999
1762787296706 1.0975984334945679 3299
1762787933799 1.084612250328064 3599
1762788571198 1.0959837436676025 3899
1762789208405 1.0786285400390625 4199
1762789845754 1.0680097341537476 4499
1762790483259 1.055292010307312 4799
1762791120679 1.0423647165298462 5099
1762791758217 1.048336386680603 5399
1762792395353 1.0327318906784058 5699
1762793032611 1.0334100723266602 5999
1762793673398 1.0270713567733765 6299
1762794311408 1.0161439180374146 6599
1762794949273 1.006513237953186 6899
1762795587434 1.008431077003479 7199
1762796227566 1.0069968700408936 7499
1762796864799 0.9920876622200012 7799
1762797502071 0.9753385782241821 8099
1762798139055 0.9702304005622864 8399
1762798776118 0.9585697650909424 8699
1762799413167 0.9482787251472473 8999
1762800050284 0.951037585735321 9299
1762800687485 0.9408976435661316 9599
1762801324621 0.9307336211204529 9899
1762801961734 0.9178900122642517 10199
1762802598853 0.9146362543106079 10499
1762803236015 0.9005191922187805 10799
1762803875033 0.8904290795326233 11099
1762804515790 0.8809830546379089 11399
1762805157202 0.8718810677528381 11699
1762805798283 0.8768388032913208 11999
