1762780909420 7.4611945152282715 299
1762781547199 1.1497386693954468 599
1762782185203 1.0606822967529297 899
1762782823550 1.0277541875839233 1199
1762783461850 0.9972509145736694 1499
1762784099684 0.9547458291053772 1799
1762784737846 0.9224346280097961 2099
1762785381471 0.9172694683074951 2399
1762786019366 0.8926129937171936 2699
1762786657645 0.8862805962562561 2999
1762787296706 0.8732565641403198 3299
1762787933799 0.8625186085700989 3599
1762788571198 0.873629629611969 3899
1762789208405 0.8567702174186707 4199
1762789845754 0.8421064615249634 4499
1762790483259 0.8410748243331909 4799
1762791120679 0.8263867497444153 5099
1762791758217 0.8325113654136658 5399
1762792395353 0.8214084506034851 5699
1762793032611 0.8225026726722717 5999
1762793673398 0.8213754892349243 6299
1762794311408 0.8141600489616394 6599
1762794949273 0.8039708733558655 6899
1762795587434 0.8079413771629333 7199
1762796227566 0.8092690110206604 7499
1762796864799 0.7982936501502991 7799
1762797502071 0.7820195555686951 8099
1762798139055 0.7813585996627808 8399
1762798776118 0.777277946472168 8699
1762799413167 0.7681288719177246 8999
1762800050284 0.7782642841339111 9299
1762800687485 0.7677538990974426 9599
1762801324621 0.7675403356552124 9899
1762801961734 0.7620038986206055 10199
1762802598853 0.7559712529182434 10499
1762803236015 0.7533827424049377 10799
1762803875033 0.7477092742919922 11099
1762804515790 0.7493281364440918 11399
1762805157202 0.7396891713142395 11699
1762805798283 0.7497252821922302 11999
