1762780909420 7.22679328918457 299
1762781547199 2.3158833980560303 599
1762782185203 2.208561658859253 899
1762782823550 2.1726863384246826 1199
1762783461850 2.1150476932525635 1499
1762784099684 2.0449788570404053 1799
1762784737846 1.9848533868789673 2099
1762785381471 1.9732354879379272 2399
1762786019366 1.9351667165756226 2699
1762786657645 1.9206136465072632 2999
1762787296706 1.8970524072647095 3299
1762787933799 1.879844307899475 3599
1762788571198 1.889490008354187 3899
1762789208405 1.8646085262298584 4199
1762789845754 1.8565572500228882 4499
1762790483259 1.8310892581939697 4799
1762791120679 1.7923465967178345 5099
1762791758217 1.808009147644043 5399
1762792395353 1.7785781621932983 5699
1762793032611 1.7786333560943604 5999
1762793673398 1.7672699689865112 6299
1762794311408 1.7467498779296875 6599
1762794949273 1.7344515323638916 6899
1762795587434 1.740451455116272 7199
1762796227566 1.733723521232605 7499
1762796864799 1.6982526779174805 7799
1762797502071 1.6785718202590942 8099
1762798139055 1.6611677408218384 8399
1762798776118 1.6323444843292236 8699
1762799413167 1.6159290075302124 8999
1762800050284 1.6139543056488037 9299
1762800687485 1.598624587059021 9599
1762801324621 1.5772361755371094 9899
1762801961734 1.5444360971450806 10199
1762802598853 1.5432597398757935 10499
1762803236015 1.5078692436218262 10799
1762803875033 1.488777756690979 11099
1762804515790 1.4587239027023315 11399
1762805157202 1.4425681829452515 11699
1762805798283 1.446867823600769 11999
