1762780909420 6.629841327667236 299
1762781547199 2.4407310485839844 599
1762782185203 2.3860085010528564 899
1762782823550 2.3472511768341064 1199
1762783461850 2.2969727516174316 1499
1762784099684 2.255871295928955 1799
1762784737846 2.1801259517669678 2099
1762785381471 2.1742172241210938 2399
1762786019366 2.1519010066986084 2699
1762786657645 2.120173692703247 2999
1762787296706 2.117983341217041 3299
1762787933799 2.1001288890838623 3599
1762788571198 2.101451873779297 3899
1762789208405 2.0736794471740723 4199
1762789845754 2.0607619285583496 4499
1762790483259 2.0444488525390625 4799
1762791120679 2.02317476272583 5099
1762791758217 2.030892848968506 5399
1762792395353 1.9995276927947998 5699
1762793032611 1.9990907907485962 5999
1762793673398 1.9864798784255981 6299
1762794311408 1.95390784740448 6599
1762794949273 1.9546043872833252 6899
1762795587434 1.9463224411010742 7199
1762796227566 1.9384446144104004 7499
1762796864799 1.918466329574585 7799
1762797502071 1.8867915868759155 8099
1762798139055 1.8821114301681519 8399
1762798776118 1.8469123840332031 8699
1762799413167 1.843377947807312 8999
1762800050284 1.8204164505004883 9299
1762800687485 1.812416434288025 9599
1762801324621 1.7846672534942627 9899
1762801961734 1.7632044553756714 10199
1762802598853 1.7486011981964111 10499
1762803236015 1.7125113010406494 10799
1762803875033 1.6941760778427124 11099
1762804515790 1.6678017377853394 11399
1762805157202 1.6508160829544067 11699
1762805798283 1.6512374877929688 11999
