1762780909420 10.577052116394043 299
1762781547199 3.5630764961242676 599
1762782185203 2.95245623588562 899
1762782823550 2.774298667907715 1199
1762783461850 2.5284955501556396 1499
1762784099684 2.5331826210021973 1799
1762784737846 2.3109664916992188 2099
1762785381471 2.3869593143463135 2399
1762786019366 2.2511909008026123 2699
1762786657645 2.204483985900879 2999
1762787296706 2.1346569061279297 3299
1762787933799 2.1106395721435547 3599
1762788571198 2.1229450702667236 3899
1762789208405 2.071352481842041 4199
1762789845754 2.0338690280914307 4499
1762790483259 1.9845870733261108 4799
1762791120679 2.006838321685791 5099
1762791758217 1.9623311758041382 5399
1762792395353 2.0061795711517334 5699
1762793032611 1.9663639068603516 5999
1762793673398 1.9604648351669312 6299
1762794311408 1.848325252532959 6599
1762794949273 1.8308725357055664 6899
1762795587434 1.8088972568511963 7199
1762796227566 1.8924241065979004 7499
1762796864799 1.7996835708618164 7799
1762797502071 1.7456670999526978 8099
1762798139055 1.7576302289962769 8399
1762798776118 1.7095725536346436 8699
1762799413167 1.7412365674972534 8999
1762800050284 1.7823569774627686 9299
1762800687485 1.7023472785949707 9599
1762801324621 1.7070411443710327 9899
1762801961734 1.7478954792022705 10199
1762802598853 1.7208342552185059 10499
1762803236015 1.6228586435317993 10799
1762803875033 1.5837643146514893 11099
1762804515790 1.5963771343231201 11399
1762805157202 1.6329413652420044 11699
1762805798283 1.6119182109832764 11999
