1762780909420 9.08615779876709 299
1762781547199 2.3388733863830566 599
1762782185203 1.7625343799591064 899
1762782823550 1.6647529602050781 1199
1762783461850 1.4527689218521118 1499
1762784099684 1.5182195901870728 1799
1762784737846 1.3336371183395386 2099
1762785381471 1.4022245407104492 2399
1762786019366 1.2721412181854248 2699
1762786657645 1.3064430952072144 2999
1762787296706 1.2179268598556519 3299
1762787933799 1.210357904434204 3599
1762788571198 1.2482599020004272 3899
1762789208405 1.1694059371948242 4199
1762789845754 1.1900690793991089 4499
1762790483259 1.1541377305984497 4799
1762791120679 1.1189886331558228 5099
1762791758217 1.1370673179626465 5399
1762792395353 1.1252591609954834 5699
1762793032611 1.1631635427474976 5999
1762793673398 1.14155113697052 6299
1762794311408 1.0714012384414673 6599
1762794949273 1.0593496561050415 6899
1762795587434 1.0575422048568726 7199
1762796227566 1.1017200946807861 7499
1762796864799 1.0136605501174927 7799
1762797502071 1.0065854787826538 8099
1762798139055 1.0316349267959595 8399
1762798776118 1.0174742937088013 8699
1762799413167 1.0066304206848145 8999
1762800050284 1.042685866355896 9299
1762800687485 0.9964172840118408 9599
1762801324621 0.9925971031188965 9899
1762801961734 1.0204821825027466 10199
1762802598853 1.0099411010742188 10499
1762803236015 0.9597926735877991 10799
1762803875033 0.9600693583488464 11099
1762804515790 0.9460130929946899 11399
1762805157202 0.9636602997779846 11699
1762805798283 0.9537463784217834 11999
