1762780909420 7.268033027648926 299
1762781547199 2.121448278427124 599
1762782185203 1.9721157550811768 899
1762782823550 1.925356388092041 1199
1762783461850 1.8628607988357544 1499
1762784099684 1.8087594509124756 1799
1762784737846 1.7455974817276 2099
1762785381471 1.7363746166229248 2399
1762786019366 1.6910102367401123 2699
1762786657645 1.6978249549865723 2999
1762787296706 1.6514374017715454 3299
1762787933799 1.626436471939087 3599
1762788571198 1.6536742448806763 3899
1762789208405 1.6376967430114746 4199
1762789845754 1.6082912683486938 4499
1762790483259 1.5829523801803589 4799
1762791120679 1.5769494771957397 5099
1762791758217 1.5788929462432861 5399
1762792395353 1.5533291101455688 5699
1762793032611 1.5546481609344482 5999
1762793673398 1.5456955432891846 6299
1762794311408 1.534049153327942 6599
1762794949273 1.5082956552505493 6899
1762795587434 1.5134774446487427 7199
1762796227566 1.517113447189331 7499
1762796864799 1.491899013519287 7799
1762797502071 1.4667127132415771 8099
1762798139055 1.453970193862915 8399
1762798776118 1.4447228908538818 8699
1762799413167 1.4201438426971436 8999
1762800050284 1.427808165550232 9299
1762800687485 1.4128109216690063 9599
1762801324621 1.393310308456421 9899
1762801961734 1.3744288682937622 10199
1762802598853 1.3650776147842407 10499
1762803236015 1.3534281253814697 10799
1762803875033 1.3347251415252686 11099
1762804515790 1.3186371326446533 11399
1762805157202 1.3065305948257446 11699
1762805798283 1.3165655136108398 11999
