1762780909420 15.664566040039062 299
1762781547199 7.228748321533203 599
1762782185203 6.415506362915039 899
1762782823550 6.115844249725342 1199
1762783461850 5.620879173278809 1499
1762784099684 5.543646812438965 1799
1762784737846 5.209106922149658 2099
1762785381471 5.221269607543945 2399
1762786019366 5.022819995880127 2699
1762786657645 4.953954219818115 2999
1762787296706 4.811175346374512 3299
1762787933799 4.725313186645508 3599
1762788571198 4.746200084686279 3899
1762789208405 4.738028049468994 4199
1762789845754 4.588828086853027 4499
1762790483259 4.509425163269043 4799
1762791120679 4.550858020782471 5099
1762791758217 4.474795341491699 5399
1762792395353 4.477989196777344 5699
1762793032611 4.3768391609191895 5999
1762793673398 4.3823933601379395 6299
1762794311408 4.082813739776611 6599
1762794949273 4.108796119689941 6899
1762795587434 4.101667881011963 7199
1762796227566 4.154043674468994 7499
1762796864799 4.077064037322998 7799
1762797502071 3.866854190826416 8099
1762798139055 3.859652042388916 8399
1762798776118 3.769775390625 8699
1762799413167 3.811384439468384 8999
1762800050284 3.833129644393921 9299
1762800687485 3.6229493618011475 9599
1762801324621 3.574547052383423 9899
1762801961734 3.5767269134521484 10199
1762802598853 3.580775260925293 10499
1762803236015 3.3278915882110596 10799
1762803875033 3.276583194732666 11099
1762804515790 3.209484100341797 11399
1762805157202 3.2099716663360596 11699
1762805798283 3.1266491413116455 11999
