1762780909420 5.488621234893799 299
1762781547199 1.4536206722259521 599
1762782185203 1.393898844718933 899
1762782823550 1.3748362064361572 1199
1762783461850 1.3415017127990723 1499
1762784099684 1.2978190183639526 1799
1762784737846 1.2599890232086182 2099
1762785381471 1.2545098066329956 2399
1762786019366 1.2330424785614014 2699
1762786657645 1.2223581075668335 2999
1762787296706 1.2079813480377197 3299
1762787933799 1.1977239847183228 3599
1762788571198 1.20356285572052 3899
1762789208405 1.1860404014587402 4199
1762789845754 1.1857936382293701 4499
1762790483259 1.1674031019210815 4799
1762791120679 1.1424130201339722 5099
1762791758217 1.1537225246429443 5399
1762792395353 1.133735179901123 5699
1762793032611 1.1358641386032104 5999
1762793673398 1.1279674768447876 6299
1762794311408 1.1178839206695557 6599
1762794949273 1.1109023094177246 6899
1762795587434 1.1138811111450195 7199
1762796227566 1.108020305633545 7499
1762796864799 1.087040901184082 7799
1762797502071 1.0773874521255493 8099
1762798139055 1.0655875205993652 8399
1762798776118 1.047072172164917 8699
1762799413167 1.0347810983657837 8999
1762800050284 1.0342354774475098 9299
1762800687485 1.0271124839782715 9599
1762801324621 1.012487769126892 9899
1762801961734 0.9926632046699524 10199
1762802598853 0.9922040700912476 10499
1762803236015 0.9715843200683594 10799
1762803875033 0.9585716128349304 11099
1762804515790 0.9406800270080566 11399
1762805157202 0.9298033118247986 11699
1762805798283 0.9349983334541321 11999
