1762780909420 4.9938836097717285 299
1762781547199 0.988568902015686 599
1762782185203 0.8772377371788025 899
1762782823550 0.8461617827415466 1199
1762783461850 0.8150539398193359 1499
1762784099684 0.7935256361961365 1799
1762784737846 0.7557710409164429 2099
1762785381471 0.7570934295654297 2399
1762786019366 0.7311257719993591 2699
1762786657645 0.7302927374839783 2999
1762787296706 0.7158449292182922 3299
1762787933799 0.7113052010536194 3599
1762788571198 0.7211689949035645 3899
1762789208405 0.7021652460098267 4199
1762789845754 0.6947121024131775 4499
1762790483259 0.6924208402633667 4799
1762791120679 0.6836467385292053 5099
1762791758217 0.6907179355621338 5399
1762792395353 0.6799853444099426 5699
1762793032611 0.6811394691467285 5999
1762793673398 0.6805096864700317 6299
1762794311408 0.6742644309997559 6599
1762794949273 0.6651414632797241 6899
1762795587434 0.6703810095787048 7199
1762796227566 0.6698899269104004 7499
1762796864799 0.6615325212478638 7799
1762797502071 0.6487088203430176 8099
1762798139055 0.6535806655883789 8399
1762798776118 0.6499430537223816 8699
1762799413167 0.643786609172821 8999
1762800050284 0.6523295640945435 9299
1762800687485 0.6429805755615234 9599
1762801324621 0.6440523862838745 9899
1762801961734 0.63906329870224 10199
1762802598853 0.6389119029045105 10499
1762803236015 0.6361627578735352 10799
1762803875033 0.6313349008560181 11099
1762804515790 0.6353156566619873 11399
1762805157202 0.6300617456436157 11699
1762805798283 0.6367624998092651 11999
