1762780909420 7.760343074798584 299
1762781547199 1.4451185464859009 599
1762782185203 1.2791118621826172 899
1762782823550 1.2337027788162231 1199
1762783461850 1.1883610486984253 1499
1762784099684 1.156145453453064 1799
1762784737846 1.1005613803863525 2099
1762785381471 1.1023309230804443 2399
1762786019366 1.063555359840393 2699
1762786657645 1.0625485181808472 2999
1762787296706 1.0407689809799194 3299
1762787933799 1.036574125289917 3599
1762788571198 1.0510014295578003 3899
1762789208405 1.023334264755249 4199
1762789845754 1.0124537944793701 4499
1762790483259 1.0082130432128906 4799
1762791120679 0.9950608015060425 5099
1762791758217 1.0065524578094482 5399
1762792395353 0.9909769296646118 5699
1762793032611 0.99322909116745 5999
1762793673398 0.9927294254302979 6299
1762794311408 0.9825303554534912 6599
1762794949273 0.9704930186271667 6899
1762795587434 0.9787488579750061 7199
1762796227566 0.9780676960945129 7499
1762796864799 0.9651886224746704 7799
1762797502071 0.9461354613304138 8099
1762798139055 0.9539380669593811 8399
1762798776118 0.9485214352607727 8699
1762799413167 0.9397892355918884 8999
1762800050284 0.952309250831604 9299
1762800687485 0.9390460848808289 9599
1762801324621 0.9396991729736328 9899
1762801961734 0.9326610565185547 10199
1762802598853 0.933324933052063 10499
1762803236015 0.9280855059623718 10799
1762803875033 0.9215744733810425 11099
1762804515790 0.9272991418838501 11399
1762805157202 0.91977858543396 11699
1762805798283 0.9300239682197571 11999
