1762780909420 17.673133850097656 299
1762781547199 10.689922332763672 599
1762782185203 10.03862476348877 899
1762782823550 9.515277862548828 1199
1762783461850 8.928618431091309 1499
1762784099684 8.863507270812988 1799
1762784737846 8.473283767700195 2099
1762785381471 8.490195274353027 2399
1762786019366 8.29206371307373 2699
1762786657645 7.957324981689453 2999
1762787296706 7.986365795135498 3299
1762787933799 7.863083839416504 3599
1762788571198 7.8471903800964355 3899
1762789208405 7.869768142700195 4199
1762789845754 7.651787757873535 4499
1762790483259 7.668580532073975 4799
1762791120679 7.609849452972412 5099
1762791758217 7.5885138511657715 5399
1762792395353 7.494765758514404 5699
1762793032611 7.452544212341309 5999
1762793673398 7.409316062927246 6299
1762794311408 6.899598598480225 6599
1762794949273 7.127416133880615 6899
1762795587434 6.9850993156433105 7199
1762796227566 6.917281150817871 7499
1762796864799 7.0271220207214355 7799
1762797502071 6.584237575531006 8099
1762798139055 6.525115966796875 8399
1762798776118 6.297499656677246 8699
1762799413167 6.535900592803955 8999
1762800050284 6.421866416931152 9299
1762800687485 6.121718883514404 9599
1762801324621 6.003249168395996 9899
1762801961734 5.983809471130371 10199
1762802598853 6.018723964691162 10499
1762803236015 5.527727127075195 10799
1762803875033 5.533071517944336 11099
1762804515790 5.376675128936768 11399
1762805157202 5.243570327758789 11699
1762805798283 5.097901344299316 11999
