1762780909420 15.676342964172363 299
1762781547199 7.571310997009277 599
1762782185203 6.70775032043457 899
1762782823550 6.417505264282227 1199
1762783461850 5.858636379241943 1499
1762784099684 5.768954277038574 1799
1762784737846 5.347415924072266 2099
1762785381471 5.387134075164795 2399
1762786019366 5.217814922332764 2699
1762786657645 5.143022060394287 2999
1762787296706 4.943214416503906 3299
1762787933799 4.84344482421875 3599
1762788571198 4.841574668884277 3899
1762789208405 4.862332820892334 4199
1762789845754 4.686450958251953 4499
1762790483259 4.485550880432129 4799
1762791120679 4.647704601287842 5099
1762791758217 4.577643871307373 5399
1762792395353 4.516481399536133 5699
1762793032611 4.397866249084473 5999
1762793673398 4.516629219055176 6299
1762794311408 4.070737361907959 6599
1762794949273 4.092128753662109 6899
1762795587434 4.160626411437988 7199
1762796227566 4.263222694396973 7499
1762796864799 4.085834980010986 7799
1762797502071 3.886448383331299 8099
1762798139055 3.918675422668457 8399
1762798776118 3.866716146469116 8699
1762799413167 3.8360559940338135 8999
1762800050284 3.901623249053955 9299
1762800687485 3.6467082500457764 9599
1762801324621 3.625021457672119 9899
1762801961734 3.646725654602051 10199
1762802598853 3.617964267730713 10499
1762803236015 3.435290575027466 10799
1762803875033 3.3044726848602295 11099
1762804515790 3.2849621772766113 11399
1762805157202 3.292006731033325 11699
1762805798283 3.207824468612671 11999
