1762780909420 11.020678520202637 299
1762781547199 5.026121139526367 599
1762782185203 4.479526996612549 899
1762782823550 4.27990198135376 1199
1762783461850 3.945021390914917 1499
1762784099684 3.9030423164367676 1799
1762784737846 3.6574318408966064 2099
1762785381471 3.6771905422210693 2399
1762786019366 3.5345797538757324 2699
1762786657645 3.481726884841919 2999
1762787296706 3.381397247314453 3299
1762787933799 3.3180460929870605 3599
1762788571198 3.3376851081848145 3899
1762789208405 3.3250181674957275 4199
1762789845754 3.2260024547576904 4499
1762790483259 3.175791025161743 4799
1762791120679 3.199491024017334 5099
1762791758217 3.150374412536621 5399
1762792395353 3.1435441970825195 5699
1762793032611 3.0811803340911865 5999
1762793673398 3.0849459171295166 6299
1762794311408 2.8839640617370605 6599
1762794949273 2.8999931812286377 6899
1762795587434 2.899294137954712 7199
1762796227566 2.92893385887146 7499
1762796864799 2.8733482360839844 7799
1762797502071 2.732760429382324 8099
1762798139055 2.7251195907592773 8399
1762798776118 2.663451671600342 8699
1762799413167 2.6933436393737793 8999
1762800050284 2.7119877338409424 9299
1762800687485 2.563579559326172 9599
1762801324621 2.530968189239502 9899
1762801961734 2.5324132442474365 10199
1762802598853 2.53395676612854 10499
1762803236015 2.361837387084961 10799
1762803875033 2.331652879714966 11099
1762804515790 2.278576612472534 11399
1762805157202 2.2897300720214844 11699
1762805798283 2.221567392349243 11999
