1762780909420 5.959035873413086 299
1762781547199 1.3492790460586548 599
1762782185203 1.2616565227508545 899
1762782823550 1.2322015762329102 1199
1762783461850 1.1969482898712158 1499
1762784099684 1.160317063331604 1799
1762784737846 1.1230456829071045 2099
1762785381471 1.1156704425811768 2399
1762786019366 1.0882385969161987 2699
1762786657645 1.0936414003372192 2999
1762787296706 1.0643410682678223 3299
1762787933799 1.048166275024414 3599
1762788571198 1.0659775733947754 3899
1762789208405 1.0545538663864136 4199
1762789845754 1.0375590324401855 4499
1762790483259 1.0215359926223755 4799
1762791120679 1.0159368515014648 5099
1762791758217 1.0181810855865479 5399
1762792395353 1.0017443895339966 5699
1762793032611 1.0041162967681885 5999
1762793673398 0.9947113990783691 6299
1762794311408 0.9941021800041199 6599
1762794949273 0.9763811826705933 6899
1762795587434 0.9788157939910889 7199
1762796227566 0.9794905185699463 7499
1762796864799 0.9649142622947693 7799
1762797502071 0.9494847059249878 8099
1762798139055 0.9407855272293091 8399
1762798776118 0.9348419904708862 8699
1762799413167 0.9183225631713867 8999
1762800050284 0.9233624339103699 9299
1762800687485 0.9156244397163391 9599
1762801324621 0.9022672176361084 9899
1762801961734 0.8895196914672852 10199
1762802598853 0.8844808340072632 10499
1762803236015 0.8773679137229919 10799
1762803875033 0.8668308854103088 11099
1762804515790 0.8550026416778564 11399
1762805157202 0.8472776412963867 11699
1762805798283 0.8550434112548828 11999
