1762780909420 6.118148326873779 299
1762781547199 1.3862717151641846 599
1762782185203 1.2996978759765625 899
1762782823550 1.2695426940917969 1199
1762783461850 1.230376124382019 1499
1762784099684 1.1929981708526611 1799
1762784737846 1.1511598825454712 2099
1762785381471 1.1471153497695923 2399
1762786019366 1.1215649843215942 2699
1762786657645 1.1149415969848633 2999
1762787296706 1.0975979566574097 3299
1762787933799 1.0846202373504639 3599
1762788571198 1.0959895849227905 3899
1762789208405 1.0786364078521729 4199
1762789845754 1.0680135488510132 4499
1762790483259 1.0552994012832642 4799
1762791120679 1.0423728227615356 5099
1762791758217 1.0483424663543701 5399
1762792395353 1.0327364206314087 5699
1762793032611 1.033415675163269 5999
1762793673398 1.0270708799362183 6299
1762794311408 1.016143560409546 6599
1762794949273 1.0065263509750366 6899
1762795587434 1.0084367990493774 7199
1762796227566 1.006998896598816 7499
1762796864799 0.9920904636383057 7799
1762797502071 0.9753416776657104 8099
1762798139055 0.9702329635620117 8399
1762798776118 0.9585732221603394 8699
1762799413167 0.94827800989151 8999
1762800050284 0.9510348439216614 9299
1762800687485 0.9409012794494629 9599
1762801324621 0.9307339191436768 9899
1762801961734 0.9178957343101501 10199
1762802598853 0.9146426320075989 10499
1762803236015 0.9005201458930969 10799
1762803875033 0.890433132648468 11099
1762804515790 0.8809877634048462 11399
1762805157202 0.871886670589447 11699
1762805798283 0.8768404126167297 11999
