1762780909420 7.648115634918213 299
1762781547199 2.1400163173675537 599
1762782185203 2.0504567623138428 899
1762782823550 2.0210509300231934 1199
1762783461850 1.9756760597229004 1499
1762784099684 1.908980131149292 1799
1762784737846 1.8562883138656616 2099
1762785381471 1.8451424837112427 2399
1762786019366 1.8132768869400024 2699
1762786657645 1.7987953424453735 2999
1762787296706 1.7789767980575562 3299
1762787933799 1.7647809982299805 3599
1762788571198 1.77303946018219 3899
1762789208405 1.747989296913147 4199
1762789845754 1.744868278503418 4499
1762790483259 1.7204809188842773 4799
1762791120679 1.6829144954681396 5099
1762791758217 1.6988738775253296 5399
1762792395353 1.6702157258987427 5699
1762793032611 1.6740484237670898 5999
1762793673398 1.662706732749939 6299
1762794311408 1.6477943658828735 6599
1762794949273 1.6360448598861694 6899
1762795587434 1.6415399312973022 7199
1762796227566 1.6342605352401733 7499
1762796864799 1.600543737411499 7799
1762797502071 1.5868926048278809 8099
1762798139055 1.5699207782745361 8399
1762798776118 1.5433239936828613 8699
1762799413167 1.5260010957717896 8999
1762800050284 1.5234709978103638 9299
1762800687485 1.513640284538269 9599
1762801324621 1.4932981729507446 9899
1762801961734 1.4628770351409912 10199
1762802598853 1.461735486984253 10499
1762803236015 1.4310725927352905 10799
1762803875033 1.4137766361236572 11099
1762804515790 1.3867045640945435 11399
1762805157202 1.3706303834915161 11699
1762805798283 1.3771533966064453 11999
