1762780909420 5.598923206329346 299
1762781547199 1.4490162134170532 599
1762782185203 1.3491950035095215 899
1762782823550 1.3165394067764282 1199
1762783461850 1.2734911441802979 1499
1762784099684 1.2351375818252563 1799
1762784737846 1.1922228336334229 2099
1762785381471 1.1857603788375854 2399
1762786019366 1.1553916931152344 2699
1762786657645 1.1599154472351074 2999
1762787296706 1.12787926197052 3299
1762787933799 1.1102064847946167 3599
1762788571198 1.12903892993927 3899
1762789208405 1.11715567111969 4199
1762789845754 1.097931146621704 4499
1762790483259 1.0791181325912476 4799
1762791120679 1.0757919549942017 5099
1762791758217 1.0765314102172852 5399
1762792395353 1.0595251321792603 5699
1762793032611 1.0604851245880127 5999
1762793673398 1.0526878833770752 6299
1762794311408 1.0463582277297974 6599
1762794949273 1.029093861579895 6899
1762795587434 1.0323320627212524 7199
1762796227566 1.0335919857025146 7499
1762796864799 1.0173993110656738 7799
1762797502071 0.9993789196014404 8099
1762798139055 0.9907361268997192 8399
1762798776118 0.9842716455459595 8699
1762799413167 0.9678693413734436 8999
1762800050284 0.9729844331741333 9299
1762800687485 0.9626217484474182 9599
1762801324621 0.9484995603561401 9899
1762801961734 0.93574059009552 10199
1762802598853 0.9308427572250366 10499
1762803236015 0.9215169548988342 10799
1762803875033 0.909694254398346 11099
1762804515790 0.8973958492279053 11399
1762805157202 0.8898115754127502 11699
1762805798283 0.8959370851516724 11999
