1762780909420 6.530860900878906 299
1762781547199 0.7704315185546875 599
1762782185203 0.6456323862075806 899
1762782823550 0.6115484833717346 1199
1762783461850 0.587919294834137 1499
1762784099684 0.5734473466873169 1799
1762784737846 0.5322632193565369 2099
1762785381471 0.5420916080474854 2399
1762786019366 0.5162470936775208 2699
1762786657645 0.5149445533752441 2999
1762787296706 0.5034741759300232 3299
1762787933799 0.501116156578064 3599
1762788571198 0.5116645693778992 3899
1762789208405 0.4949135184288025 4199
1762789845754 0.48840710520744324 4499
1762790483259 0.4895549416542053 4799
1762791120679 0.47866618633270264 5099
1762791758217 0.4915201961994171 5399
1762792395353 0.4775494933128357 5699
1762793032611 0.48838376998901367 5999
1762793673398 0.48139187693595886 6299
1762794311408 0.4754834771156311 6599
1762794949273 0.4713861644268036 6899
1762795587434 0.47898516058921814 7199
1762796227566 0.47368699312210083 7499
1762796864799 0.4680594801902771 7799
1762797502071 0.4593721628189087 8099
1762798139055 0.46247538924217224 8399
1762798776118 0.46204835176467896 8699
1762799413167 0.45440298318862915 8999
1762800050284 0.4625066816806793 9299
1762800687485 0.45438000559806824 9599
1762801324621 0.45869702100753784 9899
1762801961734 0.44978001713752747 10199
1762802598853 0.454372376203537 10499
1762803236015 0.4539549946784973 10799
1762803875033 0.4475359320640564 11099
1762804515790 0.4526086449623108 11399
1762805157202 0.446164608001709 11699
1762805798283 0.45474773645401 11999
