1762780909420 17.670177459716797 299
1762781547199 9.42138671875 599
1762782185203 8.60792350769043 899
1762782823550 8.22533893585205 1199
1762783461850 7.583858013153076 1499
1762784099684 7.428417205810547 1799
1762784737846 7.129433631896973 2099
1762785381471 7.0186920166015625 2399
1762786019366 6.750961780548096 2699
1762786657645 6.767035484313965 2999
1762787296706 6.550248622894287 3299
1762787933799 6.40388298034668 3599
1762788571198 6.41768217086792 3899
1762789208405 6.437848091125488 4199
1762789845754 6.1991424560546875 4499
1762790483259 6.211396217346191 4799
1762791120679 6.198082447052002 5099
1762791758217 6.06722354888916 5399
1762792395353 6.098045825958252 5699
1762793032611 5.853968620300293 5999
1762793673398 5.850914001464844 6299
1762794311408 5.547524452209473 6599
1762794949273 5.533380031585693 6899
1762795587434 5.559694766998291 7199
1762796227566 5.5775861740112305 7499
1762796864799 5.537858963012695 7799
1762797502071 5.188084125518799 8099
1762798139055 5.156681537628174 8399
1762798776118 5.072744369506836 8699
1762799413167 5.087779998779297 8999
1762800050284 5.122013092041016 9299
1762800687485 4.787460803985596 9599
1762801324621 4.774834632873535 9899
1762801961734 4.659332752227783 10199
1762802598853 4.661444187164307 10499
1762803236015 4.36049747467041 10799
1762803875033 4.281278133392334 11099
1762804515790 4.11579704284668 11399
1762805157202 4.097673416137695 11699
1762805798283 3.9659852981567383 11999
