1762780909420 5.122341632843018 299
1762781547199 1.5829328298568726 599
1762782185203 1.5099928379058838 899
1762782823550 1.4866304397583008 1199
1762783461850 1.4440724849700928 1499
1762784099684 1.3978257179260254 1799
1762784737846 1.3541030883789062 2099
1762785381471 1.348188042640686 2399
1762786019366 1.3220304250717163 2699
1762786657645 1.3113478422164917 2999
1762787296706 1.2940595149993896 3299
1762787933799 1.2813005447387695 3599
1762788571198 1.2882163524627686 3899
1762789208405 1.2706048488616943 4199
1762789845754 1.2670955657958984 4499
1762790483259 1.247886061668396 4799
1762791120679 1.222260594367981 5099
1762791758217 1.2330985069274902 5399
1762792395353 1.2125999927520752 5699
1762793032611 1.211958646774292 5999
1762793673398 1.2039042711257935 6299
1762794311408 1.190116047859192 6599
1762794949273 1.1825240850448608 6899
1762795587434 1.1861767768859863 7199
1762796227566 1.1801586151123047 7499
1762796864799 1.1583406925201416 7799
1762797502071 1.1442601680755615 8099
1762798139055 1.1323152780532837 8399
1762798776118 1.1118396520614624 8699
1762799413167 1.100131630897522 8999
1762800050284 1.1001125574111938 9299
1762800687485 1.0887662172317505 9599
1762801324621 1.0732781887054443 9899
1762801961734 1.0520650148391724 10199
1762802598853 1.0517523288726807 10499
1762803236015 1.027611255645752 10799
1762803875033 1.0134776830673218 11099
1762804515790 0.9931575059890747 11399
1762805157202 0.9826034903526306 11699
1762805798283 0.985892653465271 11999
