1762780909420 5.52986478805542 299
1762781547199 0.94655841588974 599
1762782185203 0.8450037240982056 899
1762782823550 0.8154112696647644 1199
1762783461850 0.7878929972648621 1499
1762784099684 0.7652220129966736 1799
1762784737846 0.7305675148963928 2099
1762785381471 0.7306436896324158 2399
1762786019366 0.7068076729774475 2699
1762786657645 0.705342173576355 2999
1762787296706 0.692300021648407 3299
1762787933799 0.6878989338874817 3599
1762788571198 0.6973050236701965 3899
1762789208405 0.6794382929801941 4199
1762789845754 0.6718396544456482 4499
1762790483259 0.6698254346847534 4799
1762791120679 0.6613843441009521 5099
1762791758217 0.6685884594917297 5399
1762792395353 0.6578806042671204 5699
1762793032611 0.6584904789924622 5999
1762793673398 0.6582028865814209 6299
1762794311408 0.6530288457870483 6599
1762794949273 0.6442705392837524 6899
1762795587434 0.6494588255882263 7199
1762796227566 0.6484376192092896 7499
1762796864799 0.641255795955658 7799
1762797502071 0.6285658478736877 8099
1762798139055 0.6331453919410706 8399
1762798776118 0.6298239231109619 8699
1762799413167 0.6236206293106079 8999
1762800050284 0.6316000819206238 9299
1762800687485 0.6230519413948059 9599
1762801324621 0.6241412162780762 9899
1762801961734 0.6187350153923035 10199
1762802598853 0.6186286211013794 10499
1762803236015 0.6167626976966858 10799
1762803875033 0.6119264960289001 11099
1762804515790 0.6163206100463867 11399
1762805157202 0.6106504201889038 11699
1762805798283 0.6176156997680664 11999
