1762780909420 5.002778053283691 299
1762781547199 1.6757899522781372 599
1762782185203 1.635627031326294 899
1762782823550 1.6077746152877808 1199
1762783461850 1.5684419870376587 1499
1762784099684 1.5402189493179321 1799
1762784737846 1.48733389377594 2099
1762785381471 1.483517050743103 2399
1762786019366 1.4669790267944336 2699
1762786657645 1.4459877014160156 2999
1762787296706 1.4427099227905273 3299
1762787933799 1.4300682544708252 3599
1762788571198 1.4323770999908447 3899
1762789208405 1.4128462076187134 4199
1762789845754 1.405434012413025 4499
1762790483259 1.393681526184082 4799
1762791120679 1.3783657550811768 5099
1762791758217 1.3855082988739014 5399
1762792395353 1.3622946739196777 5699
1762793032611 1.3620630502700806 5999
1762793673398 1.3527553081512451 6299
1762794311408 1.3301639556884766 6599
1762794949273 1.3333823680877686 6899
1762795587434 1.3263407945632935 7199
1762796227566 1.3189401626586914 7499
1762796864799 1.309761881828308 7799
1762797502071 1.2855618000030518 8099
1762798139055 1.2822003364562988 8399
1762798776118 1.2585328817367554 8699
1762799413167 1.2556365728378296 8999
1762800050284 1.240722894668579 9299
1762800687485 1.234116792678833 9599
1762801324621 1.2152469158172607 9899
1762801961734 1.2009096145629883 10199
1762802598853 1.191607117652893 10499
1762803236015 1.1668881177902222 10799
1762803875033 1.1539689302444458 11099
1762804515790 1.1362890005111694 11399
1762805157202 1.1239567995071411 11699
1762805798283 1.124470829963684 11999
