1762780909420 8.458145141601562 299
1762781547199 2.0260772705078125 599
1762782185203 1.8986546993255615 899
1762782823550 1.8545793294906616 1199
1762783461850 1.7996870279312134 1499
1762784099684 1.74480402469635 1799
1762784737846 1.6846671104431152 2099
1762785381471 1.677828311920166 2399
1762786019366 1.6401945352554321 2699
1762786657645 1.630734920501709 2999
1762787296706 1.606255292892456 3299
1762787933799 1.5884099006652832 3599
1762788571198 1.604984164237976 3899
1762789208405 1.5801076889038086 4199
1762789845754 1.5631829500198364 4499
1762790483259 1.5460922718048096 4799
1762791120679 1.5264168977737427 5099
1762791758217 1.5351028442382812 5399
1762792395353 1.5127079486846924 5699
1762793032611 1.5141685009002686 5999
1762793673398 1.5061638355255127 6299
1762794311408 1.4891924858093262 6599
1762794949273 1.474703073501587 6899
1762795587434 1.477909803390503 7199
1762796227566 1.4776347875595093 7499
1762796864799 1.4532339572906494 7799
1762797502071 1.4293134212493896 8099
1762798139055 1.4219788312911987 8399
1762798776118 1.4051398038864136 8699
1762799413167 1.3906718492507935 8999
1762800050284 1.3941290378570557 9299
1762800687485 1.3801671266555786 9599
1762801324621 1.365225076675415 9899
1762801961734 1.346295952796936 10199
1762802598853 1.3407269716262817 10499
1762803236015 1.3203333616256714 10799
1762803875033 1.3057259321212769 11099
1762804515790 1.292536735534668 11399
1762805157202 1.27865731716156 11699
1762805798283 1.2862579822540283 11999
