1762780909420 8.867620468139648 299
1762781547199 1.8930100202560425 599
1762782185203 1.7813612222671509 899
1762782823550 1.7425974607467651 1199
1762783461850 1.6970807313919067 1499
1762784099684 1.6433072090148926 1799
1762784737846 1.5902143716812134 2099
1762785381471 1.5827815532684326 2399
1762786019366 1.5491523742675781 2699
1762786657645 1.5410346984863281 2999
1762787296706 1.5193324089050293 3299
1762787933799 1.502921223640442 3599
1762788571198 1.518489122390747 3899
1762789208405 1.4942705631256104 4199
1762789845754 1.480100154876709 4499
1762790483259 1.4647458791732788 4799
1762791120679 1.4445632696151733 5099
1762791758217 1.4542484283447266 5399
1762792395353 1.4325664043426514 5699
1762793032611 1.4353339672088623 5999
1762793673398 1.4269315004348755 6299
1762794311408 1.4155982732772827 6599
1762794949273 1.4008941650390625 6899
1762795587434 1.4041352272033691 7199
1762796227566 1.4027105569839478 7499
1762796864799 1.380169153213501 7799
1762797502071 1.3600072860717773 8099
1762798139055 1.3528635501861572 8399
1762798776118 1.3376706838607788 8699
1762799413167 1.3224767446517944 8999
1762800050284 1.3254326581954956 9299
1762800687485 1.3151423931121826 9599
1762801324621 1.301224946975708 9899
1762801961734 1.2826423645019531 10199
1762802598853 1.2771681547164917 10499
1762803236015 1.2606475353240967 10799
1762803875033 1.2472121715545654 11099
1762804515790 1.2351919412612915 11399
1762805157202 1.221360206604004 11699
1762805798283 1.2304129600524902 11999
