1762780909420 12.376620292663574 299
1762781547199 7.345579624176025 599
1762782185203 6.894331455230713 899
1762782823550 6.57474422454834 1199
1762783461850 6.185981273651123 1499
1762784099684 6.132922649383545 1799
1762784737846 5.849135875701904 2099
1762785381471 5.869340419769287 2399
1762786019366 5.738831520080566 2699
1762786657645 5.520399570465088 2999
1762787296706 5.526745796203613 3299
1762787933799 5.428152084350586 3599
1762788571198 5.431380748748779 3899
1762789208405 5.423768520355225 4199
1762789845754 5.288954734802246 4499
1762790483259 5.318611145019531 4799
1762791120679 5.244870185852051 5099
1762791758217 5.246387004852295 5399
1762792395353 5.187063217163086 5699
1762793032611 5.158506393432617 5999
1762793673398 5.116089344024658 6299
1762794311408 4.787869930267334 6599
1762794949273 4.924665927886963 6899
1762795587434 4.8410964012146 7199
1762796227566 4.8092942237854 7499
1762796864799 4.862533092498779 7799
1762797502071 4.5734357833862305 8099
1762798139055 4.536306858062744 8399
1762798776118 4.374436378479004 8699
1762799413167 4.537079811096191 8999
1762800050284 4.4730753898620605 9299
1762800687485 4.251138687133789 9599
1762801324621 4.1686320304870605 9899
1762801961734 4.168766498565674 10199
1762802598853 4.171091556549072 10499
1762803236015 3.8481369018554688 10799
1762803875033 3.877840995788574 11099
1762804515790 3.7615201473236084 11399
1762805157202 3.688998222351074 11699
1762805798283 3.5718672275543213 11999
