1762780909420 10.490962982177734 299
1762781547199 1.7751954793930054 599
1762782185203 1.6269721984863281 899
1762782823550 1.5742143392562866 1199
1762783461850 1.524069905281067 1499
1762784099684 1.4609454870224 1799
1762784737846 1.4077876806259155 2099
1762785381471 1.4013539552688599 2399
1762786019366 1.362009882926941 2699
1762786657645 1.3511757850646973 2999
1762787296706 1.3304802179336548 3299
1762787933799 1.3164974451065063 3599
1762788571198 1.333388090133667 3899
1762789208405 1.3072537183761597 4199
1762789845754 1.2838635444641113 4499
1762790483259 1.2810297012329102 4799
1762791120679 1.2613394260406494 5099
1762791758217 1.2690527439117432 5399
1762792395353 1.2532597780227661 5699
1762793032611 1.2548086643218994 5999
1762793673398 1.2542672157287598 6299
1762794311408 1.2401509284973145 6599
1762794949273 1.225900650024414 6899
1762795587434 1.2295928001403809 7199
1762796227566 1.2358063459396362 7499
1762796864799 1.2167351245880127 7799
1762797502071 1.191678524017334 8099
1762798139055 1.1904386281967163 8399
1762798776118 1.1831061840057373 8699
1762799413167 1.172465205192566 8999
1762800050284 1.1879178285598755 9299
1762800687485 1.1706078052520752 9599
1762801324621 1.1692276000976562 9899
1762801961734 1.1640448570251465 10199
1762802598853 1.1539584398269653 10499
1762803236015 1.1478506326675415 10799
1762803875033 1.1387181282043457 11099
1762804515790 1.1419488191604614 11399
1762805157202 1.1287413835525513 11699
1762805798283 1.1432791948318481 11999
