1762780909420 5.462396144866943 299
1762781547199 1.5246086120605469 599
1762782185203 1.4951533079147339 899
1762782823550 1.4744113683700562 1199
1762783461850 1.4439966678619385 1499
1762784099684 1.4170368909835815 1799
1762784737846 1.3712958097457886 2099
1762785381471 1.3671571016311646 2399
1762786019366 1.3537238836288452 2699
1762786657645 1.3372620344161987 2999
1762787296706 1.3342828750610352 3299
1762787933799 1.3237853050231934 3599
1762788571198 1.325055480003357 3899
1762789208405 1.306793451309204 4199
1762789845754 1.3018625974655151 4499
1762790483259 1.2904132604599 4799
1762791120679 1.277260661125183 5099
1762791758217 1.2827250957489014 5399
1762792395353 1.2625808715820312 5699
1762793032611 1.2627836465835571 5999
1762793673398 1.2540299892425537 6299
1762794311408 1.2380328178405762 6599
1762794949273 1.2389510869979858 6899
1762795587434 1.2335816621780396 7199
1762796227566 1.2272021770477295 7499
1762796864799 1.216246485710144 7799
1762797502071 1.1984974145889282 8099
1762798139055 1.196179986000061 8399
1762798776118 1.1759305000305176 8699
1762799413167 1.1701196432113647 8999
1762800050284 1.156208872795105 9299
1762800687485 1.1541386842727661 9599
1762801324621 1.137330412864685 9899
1762801961734 1.1237655878067017 10199
1762802598853 1.1139683723449707 10499
1762803236015 1.09547758102417 10799
1762803875033 1.082441806793213 11099
1762804515790 1.0666824579238892 11399
1762805157202 1.0558464527130127 11699
1762805798283 1.059193730354309 11999
