1762780909420 2683.9853515625 299
1762781547199 6.978786945343018 599
1762782185203 6.26802396774292 899
1762782823550 6.018369197845459 1199
1762783461850 5.65712308883667 1499
1762784099684 5.352913856506348 1799
1762784737846 5.002686977386475 2099
1762785381471 4.972827434539795 2399
1762786019366 4.773838520050049 2699
1762786657645 4.730292797088623 2999
1762787296706 4.60039758682251 3299
1762787933799 4.494898796081543 3599
1762788571198 4.5951828956604 3899
1762789208405 4.455006122589111 4199
1762789845754 4.387387752532959 4499
1762790483259 4.274172306060791 4799
1762791120679 4.181279182434082 5099
1762791758217 4.226171016693115 5399
1762792395353 4.108389377593994 5699
1762793032611 4.106985092163086 5999
1762793673398 4.066079616546631 6299
1762794311408 3.981044054031372 6599
1762794949273 3.9241812229156494 6899
1762795587434 3.9199821949005127 7199
1762796227566 3.9044814109802246 7499
1762796864799 3.8058531284332275 7799
1762797502071 3.6844844818115234 8099
1762798139055 3.651996374130249 8399
1762798776118 3.545792818069458 8699
1762799413167 3.48606276512146 8999
1762800050284 3.4788928031921387 9299
1762800687485 3.4167449474334717 9599
1762801324621 3.3303046226501465 9899
1762801961734 3.235893726348877 10199
1762802598853 3.2175941467285156 10499
1762803236015 3.1128647327423096 10799
1762803875033 3.044107675552368 11099
1762804515790 2.9760313034057617 11399
1762805157202 2.9119293689727783 11699
1762805798283 2.963134527206421 11999
