1762780909420 14.574257850646973 299
1762781547199 5.024372100830078 599
1762782185203 4.116085529327393 899
1762782823550 3.877856731414795 1199
1762783461850 3.5273196697235107 1499
1762784099684 3.534865140914917 1799
1762784737846 3.2068793773651123 2099
1762785381471 3.281736135482788 2399
1762786019366 3.111241340637207 2699
1762786657645 3.0428385734558105 2999
1762787296706 2.93808913230896 3299
1762787933799 2.9168760776519775 3599
1762788571198 2.93396258354187 3899
1762789208405 2.863379716873169 4199
1762789845754 2.814018487930298 4499
1762790483259 2.720113515853882 4799
1762791120679 2.757730007171631 5099
1762791758217 2.694190263748169 5399
1762792395353 2.777815580368042 5699
1762793032611 2.714966058731079 5999
1762793673398 2.7106504440307617 6299
1762794311408 2.54901123046875 6599
1762794949273 2.5283737182617188 6899
1762795587434 2.4888827800750732 7199
1762796227566 2.6267547607421875 7499
1762796864799 2.469309091567993 7799
1762797502071 2.407719612121582 8099
1762798139055 2.411357879638672 8399
1762798776118 2.3560521602630615 8699
1762799413167 2.3976457118988037 8999
1762800050284 2.4570417404174805 9299
1762800687485 2.346264123916626 9599
1762801324621 2.353153944015503 9899
1762801961734 2.4083430767059326 10199
1762802598853 2.3674492835998535 10499
1762803236015 2.2256715297698975 10799
1762803875033 2.182431936264038 11099
1762804515790 2.1984364986419678 11399
1762805157202 2.251133918762207 11699
1762805798283 2.232870101928711 11999
