1762780909420 11.622942924499512 299
1762781547199 1.7498047351837158 599
1762782185203 1.122786521911621 899
1762782823550 1.0400217771530151 1199
1762783461850 0.8343085646629333 1499
1762784099684 0.9229127764701843 1799
1762784737846 0.6748566031455994 2099
1762785381471 0.8161143064498901 2399
1762786019366 0.6904492378234863 2699
1762786657645 0.7113442420959473 2999
1762787296706 0.6456353068351746 3299
1762787933799 0.654354989528656 3599
1762788571198 0.670106828212738 3899
1762789208405 0.5978496670722961 4199
1762789845754 0.5988516211509705 4499
1762790483259 0.5698997974395752 4799
1762791120679 0.5711389780044556 5099
1762791758217 0.575573742389679 5399
1762792395353 0.5694735646247864 5699
1762793032611 0.621781587600708 5999
1762793673398 0.5972562432289124 6299
1762794311408 0.5534254908561707 6599
1762794949273 0.552821934223175 6899
1762795587434 0.5420722961425781 7199
1762796227566 0.5537164211273193 7499
1762796864799 0.5107631683349609 7799
1762797502071 0.5073389410972595 8099
1762798139055 0.5329523086547852 8399
1762798776118 0.5181194543838501 8699
1762799413167 0.5080922842025757 8999
1762800050284 0.5462496876716614 9299
1762800687485 0.5208719968795776 9599
1762801324621 0.52675461769104 9899
1762801961734 0.5193770527839661 10199
1762802598853 0.5184186100959778 10499
1762803236015 0.4810677170753479 10799
1762803875033 0.4732983410358429 11099
1762804515790 0.4896511137485504 11399
1762805157202 0.4852476418018341 11699
1762805798283 0.494159460067749 11999
