1762780909420 11.205238342285156 299
1762781547199 5.251523971557617 599
1762782185203 4.6766133308410645 899
1762782823550 4.498292922973633 1199
1762783461850 4.126020908355713 1499
1762784099684 4.062690258026123 1799
1762784737846 3.7680225372314453 2099
1762785381471 3.7914907932281494 2399
1762786019366 3.6802806854248047 2699
1762786657645 3.60982608795166 2999
1762787296706 3.4686877727508545 3299
1762787933799 3.404917001724243 3599
1762788571198 3.4291157722473145 3899
1762789208405 3.428232431411743 4199
1762789845754 3.308309555053711 4499
1762790483259 3.1717638969421387 4799
1762791120679 3.292337417602539 5099
1762791758217 3.2179672718048096 5399
1762792395353 3.1815173625946045 5699
1762793032611 3.107556104660034 5999
1762793673398 3.1891090869903564 6299
1762794311408 2.8827321529388428 6599
1762794949273 2.9004135131835938 6899
1762795587434 2.9470410346984863 7199
1762796227566 3.001635789871216 7499
1762796864799 2.889155149459839 7799
1762797502071 2.7579572200775146 8099
1762798139055 2.7695698738098145 8399
1762798776118 2.743457555770874 8699
1762799413167 2.7333903312683105 8999
1762800050284 2.7583327293395996 9299
1762800687485 2.592625617980957 9599
1762801324621 2.5627658367156982 9899
1762801961734 2.5781359672546387 10199
1762802598853 2.5687415599823 10499
1762803236015 2.438225030899048 10799
1762803875033 2.362569570541382 11099
1762804515790 2.336376667022705 11399
1762805157202 2.3531265258789062 11699
1762805798283 2.270047664642334 11999
