1762780909420 9.96129322052002 299
1762781547199 1.0942964553833008 599
1762782185203 0.9183052182197571 899
1762782823550 0.8724592328071594 1199
1762783461850 0.8391187787055969 1499
1762784099684 0.8153353333473206 1799
1762784737846 0.7588880062103271 2099
1762785381471 0.7705297470092773 2399
1762786019366 0.7345881462097168 2699
1762786657645 0.7317832112312317 2999
1762787296706 0.7161178588867188 3299
1762787933799 0.7120267152786255 3599
1762788571198 0.7288548350334167 3899
1762789208405 0.7043997049331665 4199
1762789845754 0.6951009035110474 4499
1762790483259 0.6977483034133911 4799
1762791120679 0.6803916692733765 5099
1762791758217 0.7000311613082886 5399
1762792395353 0.67977374792099 5699
1762793032611 0.6952428221702576 5999
1762793673398 0.6848848462104797 6299
1762794311408 0.6776033043861389 6599
1762794949273 0.6716700196266174 6899
1762795587434 0.6831423044204712 7199
1762796227566 0.6753406524658203 7499
1762796864799 0.666434645652771 7799
1762797502071 0.6545764207839966 8099
1762798139055 0.6591716408729553 8399
1762798776118 0.6586464643478394 8699
1762799413167 0.6476827263832092 8999
1762800050284 0.6586681008338928 9299
1762800687485 0.6468291282653809 9599
1762801324621 0.6540378928184509 9899
1762801961734 0.6400651931762695 10199
1762802598853 0.6474915146827698 10499
1762803236015 0.6470979452133179 10799
1762803875033 0.6378099322319031 11099
1762804515790 0.6451462507247925 11399
1762805157202 0.6350712776184082 11699
1762805798283 0.6487259864807129 11999
