1762780909420 8.286714553833008 299
1762781547199 1.3034638166427612 599
1762782185203 0.8590642809867859 899
1762782823550 0.7933976650238037 1199
1762783461850 0.6528609991073608 1499
1762784099684 0.7166600227355957 1799
1762784737846 0.5263561010360718 2099
1762785381471 0.6321091651916504 2399
1762786019366 0.5379152297973633 2699
1762786657645 0.553194522857666 2999
1762787296706 0.5031716227531433 3299
1762787933799 0.5063065886497498 3599
1762788571198 0.5234079360961914 3899
1762789208405 0.4727723300457001 4199
1762789845754 0.4713137149810791 4499
1762790483259 0.45016545057296753 4799
1762791120679 0.4418874979019165 5099
1762791758217 0.4532660245895386 5399
1762792395353 0.44248002767562866 5699
1762793032611 0.49168139696121216 5999
1762793673398 0.46317240595817566 6299
1762794311408 0.43276286125183105 6599
1762794949273 0.4288514256477356 6899
1762795587434 0.4247732162475586 7199
1762796227566 0.43385669589042664 7499
1762796864799 0.396965354681015 7799
1762797502071 0.3944900631904602 8099
1762798139055 0.41552308201789856 8399
1762798776118 0.4037162959575653 8699
1762799413167 0.40026336908340454 8999
1762800050284 0.42789673805236816 9299
1762800687485 0.4073883295059204 9599
1762801324621 0.40707290172576904 9899
1762801961734 0.4074321389198303 10199
1762802598853 0.40478426218032837 10499
1762803236015 0.37327736616134644 10799
1762803875033 0.37045350670814514 11099
1762804515790 0.3792441487312317 11399
1762805157202 0.37679731845855713 11699
1762805798283 0.3874475657939911 11999
