1762780909420 10.328371047973633 299
1762781547199 1.6864582300186157 599
1762782185203 1.5543736219406128 899
1762782823550 1.5055395364761353 1199
1762783461850 1.462531328201294 1499
1762784099684 1.3982133865356445 1799
1762784737846 1.3510239124298096 2099
1762785381471 1.3431230783462524 2399
1762786019366 1.3065680265426636 2699
1762786657645 1.2970423698425293 2999
1762787296706 1.2780755758285522 3299
1762787933799 1.2642254829406738 3599
1762788571198 1.2804603576660156 3899
1762789208405 1.2557313442230225 4199
1762789845754 1.2336490154266357 4499
1762790483259 1.231555461883545 4799
1762791120679 1.2113330364227295 5099
1762791758217 1.2203772068023682 5399
1762792395353 1.2040553092956543 5699
1762793032611 1.2059634923934937 5999
1762793673398 1.2052992582321167 6299
1762794311408 1.194122552871704 6599
1762794949273 1.1803090572357178 6899
1762795587434 1.1842111349105835 7199
1762796227566 1.1880183219909668 7499
1762796864799 1.1719577312469482 7799
1762797502071 1.1481331586837769 8099
1762798139055 1.146685004234314 8399
1762798776118 1.1404359340667725 8699
1762799413167 1.1286227703094482 8999
1762800050284 1.1433745622634888 9299
1762800687485 1.1277601718902588 9599
1762801324621 1.1265665292739868 9899
1762801961734 1.1204185485839844 10199
1762802598853 1.1111787557601929 10499
1762803236015 1.1069130897521973 10799
1762803875033 1.0987416505813599 11099
1762804515790 1.1017367839813232 11399
1762805157202 1.0877389907836914 11699
1762805798283 1.1021709442138672 11999
