1762780909420 8.681102752685547 299
1762781547199 1.1285516023635864 599
1762782185203 0.9427151083946228 899
1762782823550 0.8955932855606079 1199
1762783461850 0.8587528467178345 1499
1762784099684 0.8371782302856445 1799
1762784737846 0.7758736610412598 2099
1762785381471 0.7892900109291077 2399
1762786019366 0.7515934705734253 2699
1762786657645 0.7493528127670288 2999
1762787296706 0.7322391867637634 3299
1762787933799 0.7286781072616577 3599
1762788571198 0.7459117770195007 3899
1762789208405 0.7201204895973206 4199
1762789845754 0.710633397102356 4499
1762790483259 0.7123087048530579 4799
1762791120679 0.6953561305999756 5099
1762791758217 0.7148703932762146 5399
1762792395353 0.6945533156394958 5699
1762793032611 0.7114530205726624 5999
1762793673398 0.7010045647621155 6299
1762794311408 0.6917725205421448 6599
1762794949273 0.6859104633331299 6899
1762795587434 0.6977260112762451 7199
1762796227566 0.690173864364624 7499
1762796864799 0.6800103187561035 7799
1762797502071 0.6682811975479126 8099
1762798139055 0.6732338070869446 8399
1762798776118 0.6724823117256165 8699
1762799413167 0.6614585518836975 8999
1762800050284 0.6728211641311646 9299
1762800687485 0.6612035036087036 9599
1762801324621 0.6678746938705444 9899
1762801961734 0.6539047360420227 10199
1762802598853 0.6612311005592346 10499
1762803236015 0.660281777381897 10799
1762803875033 0.650851309299469 11099
1762804515790 0.6581347584724426 11399
1762805157202 0.6483580470085144 11699
1762805798283 0.6622508764266968 11999
