1762780909420 7.834817409515381 299
1762781547199 1.3877449035644531 599
1762782185203 1.2354344129562378 899
1762782823550 1.1915196180343628 1199
1762783461850 1.1513053178787231 1499
1762784099684 1.1173256635665894 1799
1762784737846 1.0663440227508545 2099
1762785381471 1.0666722059249878 2399
1762786019366 1.0307300090789795 2699
1762786657645 1.0286238193511963 2999
1762787296706 1.0093632936477661 3299
1762787933799 1.0049136877059937 3599
1762788571198 1.0185614824295044 3899
1762789208405 0.9926080107688904 4199
1762789845754 0.9816072583198547 4499
1762790483259 0.978233814239502 4799
1762791120679 0.9650614261627197 5099
1762791758217 0.9770665168762207 5399
1762792395353 0.9614678025245667 5699
1762793032611 0.9625974893569946 5999
1762793673398 0.9621886610984802 6299
1762794311408 0.9542414546012878 6599
1762794949273 0.9425906538963318 6899
1762795587434 0.9504954218864441 7199
1762796227566 0.9490953087806702 7499
1762796864799 0.9382076263427734 7799
1762797502071 0.9190353155136108 8099
1762798139055 0.9265637993812561 8399
1762798776118 0.9214722514152527 8699
1762799413167 0.9125468730926514 8999
1762800050284 0.9243302941322327 9299
1762800687485 0.9120085835456848 9599
1762801324621 0.9129652380943298 9899
1762801961734 0.905656099319458 10199
1762802598853 0.9059938192367554 10499
1762803236015 0.902136504650116 10799
1762803875033 0.8955033421516418 11099
1762804515790 0.9019808769226074 11399
1762805157202 0.8936603665351868 11699
1762805798283 0.9042258262634277 11999
