1762780909420 7.514914512634277 299
1762781547199 2.236879825592041 599
1762782185203 2.1960878372192383 899
1762782823550 2.1671104431152344 1199
1762783461850 2.1275148391723633 1499
1762784099684 2.0873637199401855 1799
1762784737846 2.0208959579467773 2099
1762785381471 2.0149953365325928 2399
1762786019366 1.9971009492874146 2699
1762786657645 1.9708043336868286 2999
1762787296706 1.969405174255371 3299
1762787933799 1.9539443254470825 3599
1762788571198 1.9543232917785645 3899
1762789208405 1.9279552698135376 4199
1762789845754 1.9177969694137573 4499
1762790483259 1.9021495580673218 4799
1762791120679 1.8841490745544434 5099
1762791758217 1.8902791738510132 5399
1762792395353 1.862231969833374 5699
1762793032611 1.8624134063720703 5999
1762793673398 1.8505853414535522 6299
1762794311408 1.827702522277832 6599
1762794949273 1.824983835220337 6899
1762795587434 1.8194564580917358 7199
1762796227566 1.8116868734359741 7499
1762796864799 1.7907332181930542 7799
1762797502071 1.7672829627990723 8099
1762798139055 1.7641595602035522 8399
1762798776118 1.7337709665298462 8699
1762799413167 1.7258219718933105 8999
1762800050284 1.7044154405593872 9299
1762800687485 1.702574372291565 9599
1762801324621 1.6772894859313965 9899
1762801961734 1.657095193862915 10199
1762802598853 1.6420998573303223 10499
1762803236015 1.614345908164978 10799
1762803875033 1.5964281558990479 11099
1762804515790 1.5721665620803833 11399
1762805157202 1.5576257705688477 11699
1762805798283 1.5615648031234741 11999
