1762780909420 6.5470147132873535 299
1762781547199 1.2884712219238281 599
1762782185203 1.2133668661117554 899
1762782823550 1.1869562864303589 1199
1762783461850 1.1548067331314087 1499
1762784099684 1.1186386346817017 1799
1762784737846 1.0819772481918335 2099
1762785381471 1.0773879289627075 2399
1762786019366 1.0548981428146362 2699
1762786657645 1.0492616891860962 2999
1762787296706 1.0338807106018066 3299
1762787933799 1.022262692451477 3599
1762788571198 1.0328505039215088 3899
1762789208405 1.0161222219467163 4199
1762789845754 1.0073704719543457 4499
1762790483259 0.99591064453125 4799
1762791120679 0.9826211929321289 5099
1762791758217 0.9892012476921082 5399
1762792395353 0.9741341471672058 5699
1762793032611 0.9759371280670166 5999
1762793673398 0.9695064425468445 6299
1762794311408 0.9623361825942993 6599
1762794949273 0.9525315761566162 6899
1762795587434 0.9544011950492859 7199
1762796227566 0.9525450468063354 7499
1762796864799 0.9385529160499573 7799
1762797502071 0.9246019124984741 8099
1762798139055 0.9196630120277405 8399
1762798776118 0.9093033075332642 8699
1762799413167 0.8984915018081665 8999
1762800050284 0.9009501338005066 9299
1762800687485 0.8935267925262451 9599
1762801324621 0.8840649724006653 9899
1762801961734 0.8714198470115662 10199
1762802598853 0.8680630922317505 10499
1762803236015 0.8568904995918274 10799
1762803875033 0.8474858403205872 11099
1762804515790 0.8390583395957947 11399
1762805157202 0.8297906517982483 11699
1762805798283 0.8361368179321289 11999
