1762769730682 0.0 299
1762769730758 0.0 299
1762769796483 1.0 599
1762769796569 1.0 599
1762769862682 2.0 899
1762769862748 2.0 899
1762769931163 3.0 1199
1762769931228 3.0 1199
1762769996784 4.0 1499
1762769996850 4.0 1499
1762770061849 5.0 1799
1762770061914 5.0 1799
1762770133375 6.0 2099
1762770133407 6.0 2099
1762770387016 7.0 2399
1762770387114 7.0 2399
1762770473685 8.0 2699
1762770473714 8.0 2699
1762770547442 9.0 2999
1762770547471 9.0 2999
1762770626718 10.0 3299
1762770626783 10.0 3299
1762770700524 11.0 3599
1762770700554 11.0 3599
1762770774004 12.0 3899
1762770774031 12.0 3899
1762770848585 13.0 4199
1762770848615 13.0 4199
1762770924072 14.0 4499
1762770924145 14.0 4499
1762771004254 15.0 4799
1762771004323 15.0 4799
1762771079425 16.0 5099
1762771079458 16.0 5099
1762771160014 17.0 5399
1762771160046 17.0 5399
1762771240434 18.0 5699
1762771240465 18.0 5699
1762771314722 19.0 5999
1762771314753 19.0 5999
1762771389501 20.0 6299
1762771389529 20.0 6299
1762771463931 21.0 6599
1762771463996 21.0 6599
1762771544320 22.0 6899
1762771544349 22.0 6899
1762771624616 23.0 7199
1762771624649 23.0 7199
1762771698876 24.0 7499
1762771698905 24.0 7499
1762771779038 25.0 7799
1762771779073 25.0 7799
1762771853034 26.0 8099
1762771853062 26.0 8099
1762771929303 27.0 8399
1762771929332 27.0 8399
1762772004099 28.0 8699
1762772004129 28.0 8699
1762772084274 29.0 8999
1762772084302 29.0 8999
1762772158558 30.0 9299
1762772158587 30.0 9299
1762772235921 31.0 9599
1762772235945 31.0 9599
1762772310716 32.0 9899
1762772310744 32.0 9899
1762772391487 33.0 10199
1762772391515 33.0 10199
1762772465820 34.0 10499
1762772465846 34.0 10499
1762772546106 35.0 10799
1762772546171 35.0 10799
1762772626658 36.0 11099
1762772626727 36.0 11099
1762772701787 37.0 11399
1762772701819 37.0 11399
1762772782422 38.0 11699
1762772782450 38.0 11699
1762772856862 39.0 11999
1762772856890 39.0 11999
1762772937365 40.0 12299
1762772937432 40.0 12299
1762773015114 41.0 12599
1762773015185 41.0 12599
1762773095674 42.0 12899
1762773095702 42.0 12899
1762773174529 43.0 13199
1762773174559 43.0 13199
1762773251131 44.0 13499
1762773251157 44.0 13499
1762773325571 45.0 13799
1762773325599 45.0 13799
1762773406093 46.0 14099
1762773406126 46.0 14099
1762773487522 47.0 14399
1762773487552 47.0 14399
1762773565735 48.0 14699
1762773565774 48.0 14699
1762773640456 49.0 14999
1762773640488 49.0 14999
1762773716209 50.0 15299
1762773716235 50.0 15299
1762773790384 51.0 15599
1762773790414 51.0 15599
1762773866126 52.0 15899
1762773866154 52.0 15899
1762773940304 53.0 16199
1762773940335 53.0 16199
1762774014303 54.0 16499
1762774014332 54.0 16499
1762774094516 55.0 16799
1762774094543 55.0 16799
1762774171778 56.0 17099
1762774171816 56.0 17099
1762774251850 57.0 17399
1762774251881 57.0 17399
1762774331943 58.0 17699
1762774331971 58.0 17699
1762774405897 59.0 17999
1762774405926 59.0 17999
1762774480524 60.0 18299
1762774480552 60.0 18299
1762774555202 61.0 18599
1762774555232 61.0 18599
1762774640786 62.0 18899
1762774640814 62.0 18899
1762774714564 63.0 19199
1762774714591 63.0 19199
1762774788622 64.0 19499
1762774788649 64.0 19499
1762774862847 65.0 19799
1762774862877 65.0 19799
1762774945694 66.0 20099
1762774945725 66.0 20099
1762775023614 67.0 20399
1762775023657 67.0 20399
1762775101225 68.0 20699
1762775101258 68.0 20699
1762775179456 69.0 20999
1762775179490 69.0 20999
1762775257794 70.0 21299
1762775257826 70.0 21299
1762775336158 71.0 21599
1762775336191 71.0 21599
1762775414373 72.0 21899
1762775414406 72.0 21899
1762775492699 73.0 22199
1762775492729 73.0 22199
1762775571343 74.0 22499
1762775571374 74.0 22499
1762775649303 75.0 22799
1762775649334 75.0 22799
1762775730820 76.0 23099
1762775730857 76.0 23099
1762775812354 77.0 23399
1762775812387 77.0 23399
1762775890016 78.0 23699
1762775890047 78.0 23699
1762775968027 79.0 23999
1762775968063 79.0 23999
1762776050498 80.0 24299
1762776050530 80.0 24299
1762776132502 81.0 24599
1762776132535 81.0 24599
1762776213965 82.0 24899
1762776214006 82.0 24899
1762776296441 83.0 25199
1762776296473 83.0 25199
1762776377064 84.0 25499
1762776377118 84.0 25499
1762776454720 85.0 25799
1762776454755 85.0 25799
1762776536825 86.0 26099
1762776536862 86.0 26099
1762776614777 87.0 26399
1762776614822 87.0 26399
1762776692121 88.0 26699
1762776692154 88.0 26699
1762776766362 89.0 26999
1762776766389 89.0 26999
1762776842299 90.0 27299
1762776842326 90.0 27299
1762776916514 91.0 27599
1762776916546 91.0 27599
1762778807528 92.0 27600
