1762769674562 0.001 49
1762769684197 0.001 99
1762769694046 0.001 149
1762769704149 0.001 199
1762769713976 0.001 249
1762769723889 0.001 299
1762769740417 0.001 349
1762769750201 0.001 399
1762769759988 0.001 449
1762769769757 0.001 499
1762769779580 0.001 549
1762769789508 0.001 599
1762769807159 0.001 649
1762769817066 0.001 699
1762769826811 0.001 749
1762769836519 0.001 799
1762769846264 0.001 849
1762769856023 0.001 899
1762769872777 0.001 949
1762769883174 0.001 999
1762769893304 0.001 1049
1762769903640 0.001 1099
1762769914147 0.001 1149
1762769924600 0.001 1199
1762769940691 0.001 1249
1762769950933 0.001 1299
1762769960760 0.001 1349
1762769970561 0.001 1399
1762769980357 0.001 1449
1762769990113 0.001 1499
1762770006457 0.001 1549
1762770016241 0.001 1599
1762770026090 0.001 1649
1762770035949 0.001 1699
1762770045593 0.001 1749
1762770055240 0.001 1799
1762770071382 0.001 1849
1762770081178 0.001 1899
1762770091030 0.001 1949
1762770101340 0.001 1999
1762770112163 0.001 2049
1762770123458 0.001 2099
1762770145751 0.001 2149
1762770163310 0.001 2199
1762770174071 0.001 2249
1762770189287 0.001 2299
1762770363046 0.001 2349
1762770377577 0.001 2399
1762770400955 0.001 2449
1762770413979 0.001 2499
1762770427269 0.001 2549
1762770440247 0.001 2599
1762770455025 0.001 2649
1762770466127 0.001 2699
1762770484685 0.001 2749
1762770495799 0.001 2799
1762770506905 0.001 2849
1762770518050 0.001 2899
1762770529130 0.001 2949
1762770540107 0.001 2999
1762770558850 0.001 3049
1762770570946 0.001 3099
1762770583047 0.001 3149
1762770595097 0.001 3199
1762770607164 0.001 3249
1762770619233 0.001 3299
1762770637596 0.001 3349
1762770648600 0.001 3399
1762770659576 0.001 3449
1762770670570 0.001 3499
1762770681645 0.001 3549
1762770692757 0.001 3599
1762770711443 0.001 3649
1762770722467 0.001 3699
1762770733500 0.001 3749
1762770744574 0.001 3799
1762770755623 0.001 3849
1762770766669 0.001 3899
1762770784976 0.001 3949
1762770796205 0.001 3999
1762770807404 0.001 4049
1762770818699 0.001 4099
1762770829897 0.001 4149
1762770841049 0.001 4199
1762770859590 0.001 4249
1762770871421 0.001 4299
1762770883113 0.001 4349
1762770894268 0.001 4399
1762770905319 0.001 4449
1762770916445 0.001 4499
1762770936042 0.001 4549
1762770948214 0.001 4599
1762770960351 0.001 4649
1762770972466 0.001 4699
1762770984618 0.001 4749
1762770996752 0.001 4799
1762771015362 0.001 4849
1762771026668 0.001 4899
1762771037910 0.001 4949
1762771049304 0.001 4999
1762771060692 0.001 5049
1762771071948 0.001 5099
1762771091267 0.001 5149
1762771103430 0.001 5199
1762771115615 0.001 5249
1762771127836 0.001 5299
1762771140049 0.001 5349
1762771152231 0.001 5399
1762771171883 0.001 5449
1762771184072 0.001 5499
1762771196253 0.001 5549
1762771208403 0.001 5599
1762771220489 0.001 5649
1762771232658 0.001 5699
1762771251432 0.001 5749
1762771262524 0.001 5799
1762771273661 0.001 5849
1762771284913 0.001 5899
1762771296121 0.001 5949
1762771307258 0.001 5999
1762771325853 0.001 6049
1762771337093 0.001 6099
1762771348360 0.001 6149
1762771359585 0.001 6199
1762771370827 0.001 6249
1762771382051 0.001 6299
1762771400589 0.001 6349
1762771411801 0.001 6399
1762771423052 0.001 6449
1762771434184 0.001 6499
1762771445345 0.001 6549
1762771456460 0.001 6599
1762771475861 0.001 6649
1762771487995 0.001 6699
1762771500148 0.001 6749
1762771512345 0.001 6799
1762771524514 0.001 6849
1762771536643 0.001 6899
1762771556247 0.001 6949
1762771568464 0.001 6999
1762771580592 0.001 7049
1762771592766 0.001 7099
1762771604962 0.001 7149
1762771617142 0.001 7199
1762771635634 0.001 7249
1762771646812 0.001 7299
1762771658066 0.001 7349
1762771669272 0.001 7399
1762771680329 0.001 7449
1762771691451 0.001 7499
1762771710545 0.001 7549
1762771722703 0.001 7599
1762771734870 0.001 7649
1762771747010 0.001 7699
1762771759217 0.001 7749
1762771771428 0.001 7799
1762771790097 0.001 7849
1762771801189 0.001 7899
1762771812291 0.001 7949
1762771823436 0.001 7999
1762771834517 0.001 8049
1762771845603 0.001 8099
1762771864264 0.001 8149
1762771875724 0.001 8199
1762771887242 0.001 8249
1762771898686 0.001 8299
1762771910163 0.001 8349
1762771921638 0.001 8399
1762771940423 0.001 8449
1762771951637 0.001 8499
1762771962820 0.001 8549
1762771974185 0.001 8599
1762771985400 0.001 8649
1762771996556 0.001 8699
1762772015971 0.001 8749
1762772028179 0.001 8799
1762772040341 0.001 8849
1762772052437 0.001 8899
1762772064618 0.001 8949
1762772076822 0.001 8999
1762772095277 0.001 9049
1762772106404 0.001 9099
1762772117502 0.001 9149
1762772128730 0.001 9199
1762772139933 0.001 9249
1762772151054 0.001 9299
1762772170054 0.001 9349
1762772181704 0.001 9399
1762772193367 0.001 9449
1762772205004 0.001 9499
1762772216685 0.001 9549
1762772228375 0.001 9599
1762772246971 0.001 9649
1762772258216 0.001 9699
1762772269464 0.001 9749
1762772280675 0.001 9799
1762772291880 0.001 9849
1762772303103 0.001 9899
1762772322671 0.001 9949
1762772334897 0.001 9999
1762772347124 0.001 10049
1762772359327 0.001 10099
1762772371593 0.001 10149
1762772383845 0.001 10199
1762772402693 0.001 10249
1762772413851 0.001 10299
1762772424972 0.001 10349
1762772436105 0.001 10399
1762772447197 0.001 10449
1762772458319 0.001 10499
1762772477681 0.001 10549
1762772489869 0.001 10599
1762772502074 0.001 10649
1762772514238 0.001 10699
1762772526412 0.001 10749
1762772538617 0.001 10799
1762772558004 0.001 10849
1762772570181 0.001 10899
1762772582374 0.001 10949
1762772594585 0.001 10999
1762772606782 0.001 11049
1762772618989 0.001 11099
1762772638077 0.001 11149
1762772649361 0.001 11199
1762772660611 0.001 11249
1762772671813 0.001 11299
1762772683050 0.001 11349
1762772694199 0.001 11399
1762772713699 0.001 11449
1762772725954 0.001 11499
1762772738106 0.001 11549
1762772750283 0.001 11599
1762772762521 0.001 11649
1762772774797 0.001 11699
1762772793496 0.001 11749
1762772804600 0.001 11799
1762772815711 0.001 11849
1762772826782 0.001 11899
1762772837965 0.001 11949
1762772849175 0.001 11999
1762772868743 0.0003 12049
1762772881014 0.0003 12099
1762772893175 0.0003 12149
1762772905401 0.0003 12199
1762772917589 0.0003 12249
1762772929789 0.0003 12299
1762772948804 0.0003 12349
1762772960556 0.0003 12399
1762772972282 0.0003 12449
1762772983980 0.0003 12499
1762772995707 0.0003 12549
1762773007360 0.0003 12599
1762773027066 0.0003 12649
1762773039222 0.0003 12699
1762773051376 0.0003 12749
1762773063579 0.0003 12799
1762773075763 0.0003 12849
1762773087957 0.0003 12899
1762773107360 0.0003 12949
1762773119248 0.0003 12999
1762773131174 0.0003 13049
1762773143091 0.0003 13099
1762773155024 0.0003 13149
1762773166973 0.0003 13199
1762773185814 0.0003 13249
1762773197295 0.0003 13299
1762773208939 0.0003 13349
1762773220541 0.0003 13399
1762773232088 0.0003 13449
1762773243572 0.0003 13499
1762773262118 0.0003 13549
1762773273274 0.0003 13599
1762773284410 0.0003 13649
1762773295518 0.0003 13699
1762773306629 0.0003 13749
1762773317745 0.0003 13799
1762773337436 0.0003 13849
1762773349629 0.0003 13899
1762773361815 0.0003 13949
1762773374063 0.0003 13999
1762773386261 0.0003 14049
1762773398424 0.0003 14099
1762773417072 0.0003 14149
1762773428197 0.0003 14199
1762773440666 0.0003 14249
1762773453784 0.0003 14299
1762773466394 0.0003 14349
1762773479239 0.0003 14399
1762773499012 0.0003 14449
1762773510979 0.0003 14499
1762773522573 0.0003 14549
1762773534226 0.0003 14599
1762773545824 0.0003 14649
1762773557463 0.0003 14699
1762773577236 0.0003 14749
1762773588820 0.0003 14799
1762773599868 0.0003 14849
1762773610921 0.0003 14899
1762773621957 0.0003 14949
1762773633028 0.0003 14999
1762773651642 0.0003 15049
1762773662960 0.0003 15099
1762773674374 0.0003 15149
1762773685852 0.0003 15199
1762773697261 0.0003 15249
1762773708720 0.0003 15299
1762773727325 0.0003 15349
1762773738437 0.0003 15399
1762773749663 0.0003 15449
1762773760858 0.0003 15499
1762773771901 0.0003 15549
1762773782927 0.0003 15599
1762773801659 0.0003 15649
1762773813031 0.0003 15699
1762773824431 0.0003 15749
1762773835826 0.0003 15799
1762773847214 0.0003 15849
1762773858544 0.0003 15899
1762773877058 0.0003 15949
1762773888133 0.0003 15999
1762773899257 0.0003 16049
1762773910356 0.0003 16099
1762773921514 0.0003 16149
1762773932705 0.0003 16199
1762773951314 0.0003 16249
1762773962420 0.0003 16299
1762773973532 0.0003 16349
1762773984630 0.0003 16399
1762773995716 0.0003 16449
1762774006799 0.0003 16499
1762774026159 0.0003 16549
1762774038275 0.0003 16599
1762774050434 0.0003 16649
1762774062572 0.0003 16699
1762774074698 0.0003 16749
1762774086847 0.0003 16799
1762774105976 0.0003 16849
1762774117622 0.0003 16899
1762774129247 0.0003 16949
1762774140882 0.0003 16999
1762774152518 0.0003 17049
1762774164200 0.0003 17099
1762774183589 0.0003 17149
1762774195774 0.0003 17199
1762774207900 0.0003 17249
1762774220043 0.0003 17299
1762774232172 0.0003 17349
1762774244270 0.0003 17399
1762774263685 0.0003 17449
1762774275845 0.0003 17499
1762774287991 0.0003 17549
1762774300110 0.0003 17599
1762774312253 0.0003 17649
1762774324417 0.0003 17699
1762774342889 0.0003 17749
1762774353934 0.0003 17799
1762774365016 0.0003 17849
1762774376087 0.0003 17899
1762774387148 0.0003 17949
1762774398258 0.0003 17999
1762774416964 8.999999999999999e-05 18049
1762774428157 8.999999999999999e-05 18099
1762774439302 8.999999999999999e-05 18149
1762774450427 8.999999999999999e-05 18199
1762774461652 8.999999999999999e-05 18249
1762774472821 8.999999999999999e-05 18299
1762774491483 8.999999999999999e-05 18349
1762774502536 8.999999999999999e-05 18399
1762774513619 8.999999999999999e-05 18449
1762774524750 8.999999999999999e-05 18499
1762774535944 8.999999999999999e-05 18549
1762774547083 8.999999999999999e-05 18599
1762774568059 8.999999999999999e-05 18649
1762774581315 8.999999999999999e-05 18699
1762774595272 8.999999999999999e-05 18749
1762774608569 8.999999999999999e-05 18799
1762774621153 8.999999999999999e-05 18849
1762774633310 8.999999999999999e-05 18899
1762774651831 8.999999999999999e-05 18949
1762774662927 8.999999999999999e-05 18999
1762774673984 8.999999999999999e-05 19049
1762774685026 8.999999999999999e-05 19099
1762774696108 8.999999999999999e-05 19149
1762774707162 8.999999999999999e-05 19199
1762774725488 8.999999999999999e-05 19249
1762774736504 8.999999999999999e-05 19299
1762774747545 8.999999999999999e-05 19349
1762774758708 8.999999999999999e-05 19399
1762774769930 8.999999999999999e-05 19449
1762774781116 8.999999999999999e-05 19499
1762774799677 8.999999999999999e-05 19549
1762774810816 8.999999999999999e-05 19599
1762774822029 8.999999999999999e-05 19649
1762774833237 8.999999999999999e-05 19699
1762774844409 8.999999999999999e-05 19749
1762774855420 8.999999999999999e-05 19799
1762774874656 8.999999999999999e-05 19849
1762774886808 8.999999999999999e-05 19899
1762774898954 8.999999999999999e-05 19949
1762774911101 8.999999999999999e-05 19999
1762774923236 8.999999999999999e-05 20049
1762774936880 8.999999999999999e-05 20099
1762774957164 8.999999999999999e-05 20149
1762774968718 8.999999999999999e-05 20199
1762774980226 8.999999999999999e-05 20249
1762774991739 8.999999999999999e-05 20299
1762775003432 8.999999999999999e-05 20349
1762775015111 8.999999999999999e-05 20399
1762775035139 8.999999999999999e-05 20449
1762775046715 8.999999999999999e-05 20499
1762775058280 8.999999999999999e-05 20549
1762775069827 8.999999999999999e-05 20599
1762775081337 8.999999999999999e-05 20649
1762775092834 8.999999999999999e-05 20699
1762775112624 8.999999999999999e-05 20749
1762775124265 8.999999999999999e-05 20799
1762775135937 8.999999999999999e-05 20849
1762775147568 8.999999999999999e-05 20899
1762775159281 8.999999999999999e-05 20949
1762775170948 8.999999999999999e-05 20999
1762775191013 8.999999999999999e-05 21049
1762775202802 8.999999999999999e-05 21099
1762775214329 8.999999999999999e-05 21149
1762775225980 8.999999999999999e-05 21199
1762775237615 8.999999999999999e-05 21249
1762775249373 8.999999999999999e-05 21299
1762775269273 8.999999999999999e-05 21349
1762775280992 8.999999999999999e-05 21399
1762775292668 8.999999999999999e-05 21449
1762775304274 8.999999999999999e-05 21499
1762775316005 8.999999999999999e-05 21549
1762775327605 8.999999999999999e-05 21599
1762775347712 8.999999999999999e-05 21649
1762775359490 8.999999999999999e-05 21699
1762775371079 8.999999999999999e-05 21749
1762775382782 8.999999999999999e-05 21799
1762775394372 8.999999999999999e-05 21849
1762775405920 8.999999999999999e-05 21899
1762775425935 8.999999999999999e-05 21949
1762775437662 8.999999999999999e-05 21999
1762775449237 8.999999999999999e-05 22049
1762775460887 8.999999999999999e-05 22099
1762775472493 8.999999999999999e-05 22149
1762775484228 8.999999999999999e-05 22199
1762775504373 8.999999999999999e-05 22249
1762775516178 8.999999999999999e-05 22299
1762775528007 8.999999999999999e-05 22349
1762775539671 8.999999999999999e-05 22399
1762775551356 8.999999999999999e-05 22449
1762775562995 8.999999999999999e-05 22499
1762775582736 8.999999999999999e-05 22549
1762775594218 8.999999999999999e-05 22599
1762775605872 8.999999999999999e-05 22649
1762775617486 8.999999999999999e-05 22699
1762775629221 8.999999999999999e-05 22749
1762775640877 8.999999999999999e-05 22799
1762775661250 8.999999999999999e-05 22849
1762775673416 8.999999999999999e-05 22899
1762775685732 8.999999999999999e-05 22949
1762775697950 8.999999999999999e-05 22999
1762775710187 8.999999999999999e-05 23049
1762775722492 8.999999999999999e-05 23099
1762775742909 8.999999999999999e-05 23149
1762775755190 8.999999999999999e-05 23199
1762775767476 8.999999999999999e-05 23249
1762775779756 8.999999999999999e-05 23299
1762775791953 8.999999999999999e-05 23349
1762775804163 8.999999999999999e-05 23399
1762775823706 8.999999999999999e-05 23449
1762775835195 8.999999999999999e-05 23499
1762775846818 8.999999999999999e-05 23549
1762775858489 8.999999999999999e-05 23599
1762775870167 8.999999999999999e-05 23649
1762775881714 8.999999999999999e-05 23699
1762775901567 8.999999999999999e-05 23749
1762775913304 8.999999999999999e-05 23799
1762775924942 8.999999999999999e-05 23849
1762775936573 8.999999999999999e-05 23899
1762775948099 8.999999999999999e-05 23949
1762775959673 8.999999999999999e-05 23999
1762775980173 8.999999999999999e-05 24049
1762775992568 8.999999999999999e-05 24099
1762776005116 8.999999999999999e-05 24149
1762776017589 8.999999999999999e-05 24199
1762776029853 8.999999999999999e-05 24249
1762776042079 8.999999999999999e-05 24299
1762776062652 8.999999999999999e-05 24349
1762776075120 8.999999999999999e-05 24399
1762776087442 8.999999999999999e-05 24449
1762776099779 8.999999999999999e-05 24499
1762776111980 8.999999999999999e-05 24549
1762776124192 8.999999999999999e-05 24599
1762776144051 8.999999999999999e-05 24649
1762776156340 8.999999999999999e-05 24699
1762776168505 8.999999999999999e-05 24749
1762776180816 8.999999999999999e-05 24799
1762776193152 8.999999999999999e-05 24849
1762776205505 8.999999999999999e-05 24899
1762776226095 8.999999999999999e-05 24949
1762776238387 8.999999999999999e-05 24999
1762776250853 8.999999999999999e-05 25049
1762776263277 8.999999999999999e-05 25099
1762776275574 8.999999999999999e-05 25149
1762776287917 8.999999999999999e-05 25199
1762776308150 8.999999999999999e-05 25249
1762776320140 8.999999999999999e-05 25299
1762776332245 8.999999999999999e-05 25349
1762776344343 8.999999999999999e-05 25399
1762776356371 8.999999999999999e-05 25449
1762776368686 8.999999999999999e-05 25499
1762776388549 8.999999999999999e-05 25549
1762776400034 8.999999999999999e-05 25599
1762776411626 8.999999999999999e-05 25649
1762776423143 8.999999999999999e-05 25699
1762776434743 8.999999999999999e-05 25749
1762776446439 8.999999999999999e-05 25799
1762776467022 8.999999999999999e-05 25849
1762776479408 8.999999999999999e-05 25899
1762776491724 8.999999999999999e-05 25949
1762776503978 8.999999999999999e-05 25999
1762776516235 8.999999999999999e-05 26049
1762776528483 8.999999999999999e-05 26099
1762776548192 8.999999999999999e-05 26149
1762776559788 8.999999999999999e-05 26199
1762776571492 8.999999999999999e-05 26249
1762776583159 8.999999999999999e-05 26299
1762776594761 8.999999999999999e-05 26349
1762776606384 8.999999999999999e-05 26399
1762776626752 8.999999999999999e-05 26449
1762776638780 8.999999999999999e-05 26499
1762776650232 8.999999999999999e-05 26549
1762776661697 8.999999999999999e-05 26599
1762776673078 8.999999999999999e-05 26649
1762776684572 8.999999999999999e-05 26699
1762776703223 8.999999999999999e-05 26749
1762776714358 8.999999999999999e-05 26799
1762776725498 8.999999999999999e-05 26849
1762776736617 8.999999999999999e-05 26899
1762776747725 8.999999999999999e-05 26949
1762776758875 8.999999999999999e-05 26999
1762776777607 8.999999999999999e-05 27049
1762776788992 8.999999999999999e-05 27099
1762776800440 8.999999999999999e-05 27149
1762776811938 8.999999999999999e-05 27199
1762776823416 8.999999999999999e-05 27249
1762776834783 8.999999999999999e-05 27299
1762776853265 8.999999999999999e-05 27349
1762776864375 8.999999999999999e-05 27399
1762776875499 8.999999999999999e-05 27449
1762776886632 8.999999999999999e-05 27499
1762776897739 8.999999999999999e-05 27549
1762776908819 8.999999999999999e-05 27599
