1762769730758 2.9222559928894043 299
1762769796569 1.7580024003982544 599
1762769862748 1.5952171087265015 899
1762769931228 1.5125553607940674 1199
1762769996850 1.469630479812622 1499
1762770061914 1.4353264570236206 1799
1762770133407 1.3837841749191284 2099
1762770387114 1.3459924459457397 2399
1762770473714 1.3469452857971191 2699
1762770547471 1.3137502670288086 2999
1762770626783 1.31990647315979 3299
1762770700554 1.3055263757705688 3599
1762770774031 1.3110408782958984 3899
1762770848615 1.289737343788147 4199
1762770924145 1.2671477794647217 4499
1762771004323 1.261034607887268 4799
1762771079458 1.2432035207748413 5099
1762771160046 1.2564083337783813 5399
1762771240465 1.2401700019836426 5699
1762771314753 1.2302536964416504 5999
1762771389529 1.4606753587722778 6299
1762771463996 1.2259490489959717 6599
1762771544349 1.225172758102417 6899
1762771624649 1.2122184038162231 7199
1762771698905 1.2108304500579834 7499
1762771779073 1.204630732536316 7799
1762771853062 1.208504557609558 8099
1762771929332 1.2108031511306763 8399
1762772004129 1.200330376625061 8699
1762772084302 1.2004374265670776 8999
1762772158587 1.1884217262268066 9299
1762772235945 1.180346965789795 9599
1762772310744 1.1710978746414185 9899
1762772391515 1.186354398727417 10199
1762772465846 1.1756482124328613 10499
1762772546171 1.1701812744140625 10799
1762772626727 1.1610286235809326 11099
1762772701819 1.1716573238372803 11399
1762772782450 1.1572812795639038 11699
1762772856890 1.1688761711120605 11999
1762772937432 1.090107798576355 12299
1762773015185 1.0774803161621094 12599
1762773095702 1.0851075649261475 12899
1762773174559 1.073070764541626 13199
1762773251157 1.07401442527771 13499
1762773325599 1.0655007362365723 13799
1762773406126 1.066390872001648 14099
1762773487552 1.063614845275879 14399
1762773565774 1.066522479057312 14699
1762773640488 1.0657497644424438 14999
1762773716235 1.0599186420440674 15299
1762773790414 1.0523467063903809 15599
1762773866154 1.058410406112671 15899
1762773940335 1.0543076992034912 16199
1762774014332 1.05124831199646 16499
1762774094543 1.0525118112564087 16799
1762774171816 1.0498391389846802 17099
1762774251881 1.043615698814392 17399
1762774331971 1.04816472530365 17699
1762774405926 1.049456000328064 17999
1762774480552 1.0218697786331177 18299
1762774555232 1.027285099029541 18599
1762774640814 1.0242986679077148 18899
1762774714591 1.025146484375 19199
1762774788649 1.0195989608764648 19499
1762774862877 1.0171267986297607 19799
1762774945725 1.0181858539581299 20099
1762775023657 1.0238852500915527 20399
1762775101258 1.0186306238174438 20699
1762775179490 1.0150043964385986 20999
1762775257826 1.0128462314605713 21299
1762775336191 1.0095269680023193 21599
1762775414406 1.0186136960983276 21899
1762775492729 1.0158748626708984 22199
1762775571374 1.010524868965149 22499
1762775649334 1.0063188076019287 22799
1762775730857 1.0163828134536743 23099
1762775812387 1.0077247619628906 23399
1762775890047 1.0055650472640991 23699
1762775968063 1.0105518102645874 23999
1762776050530 1.0113615989685059 24299
1762776132535 1.0077908039093018 24599
1762776214006 1.0049697160720825 24899
1762776296473 1.0046159029006958 25199
1762776377118 1.0057613849639893 25499
1762776454755 1.006645917892456 25799
1762776536862 1.0076720714569092 26099
1762776614822 1.0080857276916504 26399
1762776692154 1.0064905881881714 26699
1762776766389 1.0037567615509033 26999
1762776842326 1.0097570419311523 27299
1762776916546 1.0012052059173584 27599
