1762769730758 3.571229934692383 299
1762769796569 2.484161853790283 599
1762769862748 2.3969831466674805 899
1762769931228 2.373500347137451 1199
1762769996850 2.339681386947632 1499
1762770061914 2.273738384246826 1799
1762770133407 2.2546064853668213 2099
1762770387114 2.223567485809326 2399
1762770473714 2.2059152126312256 2699
1762770547471 2.1857378482818604 2999
1762770626783 2.1901140213012695 3299
1762770700554 2.156482219696045 3599
1762770774031 2.1429312229156494 3899
1762770848615 2.114851713180542 4199
1762770924145 2.114304542541504 4499
1762771004323 2.0923361778259277 4799
1762771079458 2.066469192504883 5099
1762771160046 2.071272850036621 5399
1762771240465 2.046147346496582 5699
1762771314753 2.034959316253662 5999
1762771389529 2.1672346591949463 6299
1762771463996 2.0184144973754883 6599
1762771544349 2.017728567123413 6899
1762771624649 2.013916254043579 7199
1762771698905 1.9958404302597046 7499
1762771779073 1.9876785278320312 7799
1762771853062 2.0000827312469482 8099
1762771929332 1.9808892011642456 8399
1762772004129 1.9711368083953857 8699
1762772084302 1.9543733596801758 8999
1762772158587 1.9512674808502197 9299
1762772235945 1.9261170625686646 9599
1762772310744 1.9119431972503662 9899
1762772391515 1.917101502418518 10199
1762772465846 1.9326378107070923 10499
1762772546171 1.9156678915023804 10799
1762772626727 1.8856276273727417 11099
1762772701819 1.9070870876312256 11399
1762772782450 1.8636418581008911 11699
1762772856890 1.8687324523925781 11999
1762772937432 1.7851349115371704 12299
1762773015185 1.754767894744873 12599
1762773095702 1.7635645866394043 12899
1762773174559 1.7320438623428345 13199
1762773251157 1.7286298274993896 13499
1762773325599 1.6965316534042358 13799
1762773406126 1.6956713199615479 14099
1762773487552 1.6915217638015747 14399
1762773565774 1.6769827604293823 14699
1762773640488 1.6721110343933105 14999
1762773716235 1.6744438409805298 15299
1762773790414 1.6617684364318848 15599
1762773866154 1.6622467041015625 15899
1762773940335 1.6425681114196777 16199
1762774014332 1.635411024093628 16499
1762774094543 1.621645212173462 16799
1762774171816 1.619026780128479 17099
1762774251881 1.6164032220840454 17399
1762774331971 1.6101713180541992 17699
1762774405926 1.6084519624710083 17999
1762774480552 1.5691577196121216 18299
1762774555232 1.5495072603225708 18599
1762774640814 1.5446867942810059 18899
1762774714591 1.545589804649353 19199
1762774788649 1.5264133214950562 19499
1762774862877 1.540636420249939 19799
1762774945725 1.5241038799285889 20099
1762775023657 1.5376594066619873 20399
1762775101258 1.530871033668518 20699
1762775179490 1.5241752862930298 20999
1762775257826 1.5208853483200073 21299
1762775336191 1.5094852447509766 21599
1762775414406 1.5166622400283813 21899
1762775492729 1.5029972791671753 22199
1762775571374 1.5024962425231934 22499
1762775649334 1.5021618604660034 22799
1762775730857 1.4995959997177124 23099
1762775812387 1.4896215200424194 23399
1762775890047 1.4854267835617065 23699
1762775968063 1.482552170753479 23999
1762776050530 1.4859966039657593 24299
1762776132535 1.4958229064941406 24599
1762776214006 1.4800889492034912 24899
1762776296473 1.4777244329452515 25199
1762776377118 1.477388858795166 25499
1762776454755 1.4732948541641235 25799
1762776536862 1.4749338626861572 26099
1762776614822 1.4690144062042236 26399
1762776692154 1.4665521383285522 26699
1762776766389 1.4674478769302368 26999
1762776842326 1.4651129245758057 27299
1762776916546 1.4600392580032349 27599
