1762769730758 8.210062980651855 299
1762769796569 2.533890724182129 599
1762769862748 2.0151607990264893 899
1762769931228 1.7317460775375366 1199
1762769996850 1.6676040887832642 1499
1762770061914 1.5472155809402466 1799
1762770133407 1.4988471269607544 2099
1762770387114 1.3832885026931763 2399
1762770473714 1.3888252973556519 2699
1762770547471 1.380821704864502 2999
1762770626783 1.298097848892212 3299
1762770700554 1.2582393884658813 3599
1762770774031 1.2965781688690186 3899
1762770848615 1.2281793355941772 4199
1762770924145 1.2261234521865845 4499
1762771004323 1.2352510690689087 4799
1762771079458 1.1620594263076782 5099
1762771160046 1.1792991161346436 5399
1762771240465 1.156571626663208 5699
1762771314753 1.14137601852417 5999
1762771389529 1.1586124897003174 6299
1762771463996 1.1394014358520508 6599
1762771544349 1.1033204793930054 6899
1762771624649 1.1495980024337769 7199
1762771698905 1.1421103477478027 7499
1762771779073 1.1430320739746094 7799
1762771853062 1.1169962882995605 8099
1762771929332 1.1347094774246216 8399
1762772004129 1.0870088338851929 8699
1762772084302 1.0879846811294556 8999
1762772158587 1.0553348064422607 9299
1762772235945 1.0254757404327393 9599
1762772310744 1.0693103075027466 9899
1762772391515 1.1037182807922363 10199
1762772465846 1.0924054384231567 10499
1762772546171 1.0285775661468506 10799
1762772626727 1.053844928741455 11099
1762772701819 1.0581988096237183 11399
1762772782450 1.0247540473937988 11699
1762772856890 1.1095829010009766 11999
1762772937432 0.9167519211769104 12299
1762773015185 0.8756741881370544 12599
1762773095702 0.8740147948265076 12899
1762773174559 0.862715482711792 13199
1762773251157 0.877392053604126 13499
1762773325599 0.8709622025489807 13799
1762773406126 0.8778024911880493 14099
1762773487552 0.8804603219032288 14399
1762773565774 0.8696039319038391 14699
1762773640488 0.8743964433670044 14999
1762773716235 0.9073541760444641 15299
1762773790414 0.8794926404953003 15599
1762773866154 0.8750621676445007 15899
1762773940335 0.8647193312644958 16199
1762774014332 0.9008765816688538 16499
1762774094543 0.8657459020614624 16799
1762774171816 0.8581913113594055 17099
1762774251881 0.8666025996208191 17399
1762774331971 0.8726837038993835 17699
1762774405926 0.8578953146934509 17999
1762774480552 0.8273897171020508 18299
1762774555232 0.8334214091300964 18599
1762774640814 0.8524899482727051 18899
1762774714591 0.8358380794525146 19199
1762774788649 0.8424256443977356 19499
1762774862877 0.8024662733078003 19799
1762774945725 0.8341392278671265 20099
1762775023657 0.8530973196029663 20399
1762775101258 0.8435552716255188 20699
1762775179490 0.8394137620925903 20999
1762775257826 0.8220321536064148 21299
1762775336191 0.7943060994148254 21599
1762775414406 0.8076570630073547 21899
1762775492729 0.8195713758468628 22199
1762775571374 0.8332102298736572 22499
1762775649334 0.8461189270019531 22799
1762775730857 0.8455518484115601 23099
1762775812387 0.8453566431999207 23399
1762775890047 0.8191666007041931 23699
1762775968063 0.8297351598739624 23999
1762776050530 0.8396242260932922 24299
1762776132535 0.8270344734191895 24599
1762776214006 0.8110895156860352 24899
1762776296473 0.8178861141204834 25199
1762776377118 0.8219873905181885 25499
1762776454755 0.831450343132019 25799
1762776536862 0.8228369951248169 26099
1762776614822 0.8263949751853943 26399
1762776692154 0.8150769472122192 26699
1762776766389 0.8471167087554932 26999
1762776842326 0.8259600400924683 27299
1762776916546 0.81844562292099 27599
