1762769730758 1.8667689561843872 299
1762769796569 0.8056216835975647 599
1762769862748 0.6834548711776733 899
1762769931228 0.6358436346054077 1199
1762769996850 0.6048852205276489 1499
1762770061914 0.5620602369308472 1799
1762770133407 0.5512107014656067 2099
1762770387114 0.5258359313011169 2399
1762770473714 0.5230891704559326 2699
1762770547471 0.5219395756721497 2999
1762770626783 0.5248395800590515 3299
1762770700554 0.5014529824256897 3599
1762770774031 0.5182002186775208 3899
1762770848615 0.508765459060669 4199
1762770924145 0.4952785074710846 4499
1762771004323 0.4930470287799835 4799
1762771079458 0.4837592542171478 5099
1762771160046 0.49313780665397644 5399
1762771240465 0.49295511841773987 5699
1762771314753 0.4900590777397156 5999
1762771389529 0.6123945116996765 6299
1762771463996 0.4855370819568634 6599
1762771544349 0.47981855273246765 6899
1762771624649 0.4799601137638092 7199
1762771698905 0.48052287101745605 7499
1762771779073 0.48052871227264404 7799
1762771853062 0.47253116965293884 8099
1762771929332 0.4802633225917816 8399
1762772004129 0.48219022154808044 8699
1762772084302 0.4766169488430023 8999
1762772158587 0.4676467776298523 9299
1762772235945 0.46485352516174316 9599
1762772310744 0.4683837890625 9899
1762772391515 0.47226619720458984 10199
1762772465846 0.4657133221626282 10499
1762772546171 0.4702780842781067 10799
1762772626727 0.46654003858566284 11099
1762772701819 0.4736270308494568 11399
1762772782450 0.46083685755729675 11699
1762772856890 0.4730912148952484 11999
1762772937432 0.42359018325805664 12299
1762773015185 0.4161870777606964 12599
1762773095702 0.413047194480896 12899
1762773174559 0.4144134819507599 13199
1762773251157 0.41426584124565125 13499
1762773325599 0.4159431457519531 13799
1762773406126 0.41304054856300354 14099
1762773487552 0.41296666860580444 14399
1762773565774 0.4120209217071533 14699
1762773640488 0.41402870416641235 14999
1762773716235 0.41401800513267517 15299
1762773790414 0.409915566444397 15599
1762773866154 0.4115649163722992 15899
1762773940335 0.4114832580089569 16199
1762774014332 0.41249367594718933 16499
1762774094543 0.4109487235546112 16799
1762774171816 0.412628710269928 17099
1762774251881 0.41177263855934143 17399
1762774331971 0.4087826609611511 17699
1762774405926 0.41114598512649536 17999
1762774480552 0.4001339375972748 18299
1762774555232 0.40036118030548096 18599
1762774640814 0.3996430039405823 18899
1762774714591 0.40134039521217346 19199
1762774788649 0.39947375655174255 19499
1762774862877 0.3982420861721039 19799
1762774945725 0.3983953595161438 20099
1762775023657 0.4003502130508423 20399
1762775101258 0.39902254939079285 20699
1762775179490 0.39891746640205383 20999
1762775257826 0.39829275012016296 21299
1762775336191 0.39798417687416077 21599
1762775414406 0.3976200520992279 21899
1762775492729 0.39876773953437805 22199
1762775571374 0.3963565230369568 22499
1762775649334 0.3974948227405548 22799
1762775730857 0.39713895320892334 23099
1762775812387 0.39633598923683167 23399
1762775890047 0.39684247970581055 23699
1762775968063 0.3970867395401001 23999
1762776050530 0.39629116654396057 24299
1762776132535 0.39589473605155945 24599
1762776214006 0.39740312099456787 24899
1762776296473 0.398923397064209 25199
1762776377118 0.3967081904411316 25499
1762776454755 0.3981671929359436 25799
1762776536862 0.39705607295036316 26099
1762776614822 0.3986842632293701 26399
1762776692154 0.39676201343536377 26699
1762776766389 0.3973866105079651 26999
1762776842326 0.3984116315841675 27299
1762776916546 0.3971739709377289 27599
