1762769730758 14.062708854675293 299
1762769796569 7.290129661560059 599
1762769862748 6.58108377456665 899
1762769931228 6.291640281677246 1199
1762769996850 5.963509559631348 1499
1762770061914 5.8364152908325195 1799
1762770133407 5.574436187744141 2099
1762770387114 5.339941501617432 2399
1762770473714 5.360908508300781 2699
1762770547471 5.3667073249816895 2999
1762770626783 5.080399990081787 3299
1762770700554 5.002986431121826 3599
1762770774031 5.132551193237305 3899
1762770848615 4.812681198120117 4199
1762770924145 4.778290748596191 4499
1762771004323 4.8117756843566895 4799
1762771079458 4.573955535888672 5099
1762771160046 4.612884998321533 5399
1762771240465 4.571105480194092 5699
1762771314753 4.46958065032959 5999
1762771389529 4.521017074584961 6299
1762771463996 4.43653678894043 6599
1762771544349 4.316588401794434 6899
1762771624649 4.422699928283691 7199
1762771698905 4.394808769226074 7499
1762771779073 4.288896560668945 7799
1762771853062 4.369440078735352 8099
1762771929332 4.4056620597839355 8399
1762772004129 4.279308319091797 8699
1762772084302 4.12220573425293 8999
1762772158587 4.10587215423584 9299
1762772235945 4.008193016052246 9599
1762772310744 4.09175968170166 9899
1762772391515 4.1583075523376465 10199
1762772465846 4.1503472328186035 10499
1762772546171 3.9775285720825195 10799
1762772626727 3.954852819442749 11099
1762772701819 3.9884703159332275 11399
1762772782450 3.870112895965576 11699
1762772856890 3.967357873916626 11999
1762772937432 3.59037446975708 12299
1762773015185 3.373833179473877 12599
1762773095702 3.4354755878448486 12899
1762773174559 3.32077956199646 13199
1762773251157 3.3579156398773193 13499
1762773325599 3.2494521141052246 13799
1762773406126 3.294252395629883 14099
1762773487552 3.3072574138641357 14399
1762773565774 3.2258570194244385 14699
1762773640488 3.1619386672973633 14999
1762773716235 3.322972297668457 15299
1762773790414 3.215773820877075 15599
1762773866154 3.216290235519409 15899
1762773940335 3.1505045890808105 16199
1762774014332 3.2181854248046875 16499
1762774094543 3.145526647567749 16799
1762774171816 3.0776848793029785 17099
1762774251881 3.043867826461792 17399
1762774331971 3.102011203765869 17699
1762774405926 3.039512872695923 17999
1762774480552 2.9417548179626465 18299
1762774555232 2.850309133529663 18599
1762774640814 2.9082958698272705 18899
1762774714591 2.886723041534424 19199
1762774788649 2.8046185970306396 19499
1762774862877 2.8356592655181885 19799
1762774945725 2.8328728675842285 20099
1762775023657 2.862718343734741 20399
1762775101258 2.855367422103882 20699
1762775179490 2.88627552986145 20999
1762775257826 2.8186285495758057 21299
1762775336191 2.716939926147461 21599
1762775414406 2.710495948791504 21899
1762775492729 2.6890485286712646 22199
1762775571374 2.764021635055542 22499
1762775649334 2.7400670051574707 22799
1762775730857 2.8162286281585693 23099
1762775812387 2.8092405796051025 23399
1762775890047 2.7223334312438965 23699
1762775968063 2.7748219966888428 23999
1762776050530 2.749293088912964 24299
1762776132535 2.7570362091064453 24599
1762776214006 2.6357522010803223 24899
1762776296473 2.702209949493408 25199
1762776377118 2.7002482414245605 25499
1762776454755 2.625516653060913 25799
1762776536862 2.7030584812164307 26099
1762776614822 2.691619396209717 26399
1762776692154 2.6134753227233887 26699
1762776766389 2.688530445098877 26999
1762776842326 2.6690022945404053 27299
1762776916546 2.6256468296051025 27599
