1762769730758 2.992757797241211 299
1762769796569 1.4967273473739624 599
1762769862748 1.3269212245941162 899
1762769931228 1.2437831163406372 1199
1762769996850 1.209220051765442 1499
1762770061914 1.1604231595993042 1799
1762770133407 1.1344141960144043 2099
1762770387114 1.092708945274353 2399
1762770473714 1.092864751815796 2699
1762770547471 1.0787054300308228 2999
1762770626783 1.0844866037368774 3299
1762770700554 1.0563722848892212 3599
1762770774031 1.0670788288116455 3899
1762770848615 1.0568681955337524 4199
1762770924145 1.034889817237854 4499
1762771004323 1.031675934791565 4799
1762771079458 1.0176266431808472 5099
1762771160046 1.0260318517684937 5399
1762771240465 1.021018147468567 5699
1762771314753 1.015809178352356 5999
1762771389529 1.1216506958007812 6299
1762771463996 1.00616455078125 6599
1762771544349 1.0017330646514893 6899
1762771624649 1.000759482383728 7199
1762771698905 0.9984661340713501 7499
1762771779073 0.9951584339141846 7799
1762771853062 0.9906503558158875 8099
1762771929332 0.9997904896736145 8399
1762772004129 0.9912394881248474 8699
1762772084302 0.9889698624610901 8999
1762772158587 0.9752296805381775 9299
1762772235945 0.9713973999023438 9599
1762772310744 0.9657455086708069 9899
1762772391515 0.9766121506690979 10199
1762772465846 0.9714098572731018 10499
1762772546171 0.9707283973693848 10799
1762772626727 0.9620969295501709 11099
1762772701819 0.9761110544204712 11399
1762772782450 0.9564733505249023 11699
1762772856890 0.9740979075431824 11999
1762772937432 0.8983651399612427 12299
1762773015185 0.8920300006866455 12599
1762773095702 0.8894131183624268 12899
1762773174559 0.8856008052825928 13199
1762773251157 0.8849212527275085 13499
1762773325599 0.8850014805793762 13799
1762773406126 0.884291410446167 14099
1762773487552 0.8819149732589722 14399
1762773565774 0.8835471272468567 14699
1762773640488 0.8861949443817139 14999
1762773716235 0.8834918737411499 15299
1762773790414 0.8761371970176697 15599
1762773866154 0.8775930404663086 15899
1762773940335 0.8773009777069092 16199
1762774014332 0.8822203874588013 16499
1762774094543 0.8776142001152039 16799
1762774171816 0.876542866230011 17099
1762774251881 0.8758214116096497 17399
1762774331971 0.8743563890457153 17699
1762774405926 0.875474214553833 17999
1762774480552 0.8551052808761597 18299
1762774555232 0.8589891195297241 18599
1762774640814 0.8585845828056335 18899
1762774714591 0.8616253733634949 19199
1762774788649 0.855954647064209 19499
1762774862877 0.8548836708068848 19799
1762774945725 0.8547559976577759 20099
1762775023657 0.8597157597541809 20399
1762775101258 0.8560230731964111 20699
1762775179490 0.8532896637916565 20999
1762775257826 0.8526566624641418 21299
1762775336191 0.8496348857879639 21599
1762775414406 0.8526968955993652 21899
1762775492729 0.85433429479599 22199
1762775571374 0.8494232296943665 22499
1762775649334 0.8506790399551392 22799
1762775730857 0.8531664609909058 23099
1762775812387 0.8500580191612244 23399
1762775890047 0.8493027091026306 23699
1762775968063 0.8495334386825562 23999
1762776050530 0.851825475692749 24299
1762776132535 0.8477691411972046 24599
1762776214006 0.8469024896621704 24899
1762776296473 0.8510490655899048 25199
1762776377118 0.8488778471946716 25499
1762776454755 0.8512289524078369 25799
1762776536862 0.851478636264801 26099
1762776614822 0.8515188097953796 26399
1762776692154 0.8498796224594116 26699
1762776766389 0.8512194156646729 26999
1762776842326 0.8542357683181763 27299
1762776916546 0.8477275967597961 27599
