1762769730758 1.9989415407180786 299
1762769796569 0.836557924747467 599
1762769862748 0.7055137157440186 899
1762769931228 0.6537558436393738 1199
1762769996850 0.6224205493927002 1499
1762770061914 0.5768837928771973 1799
1762770133407 0.5659967660903931 2099
1762770387114 0.5389149188995361 2399
1762770473714 0.536457359790802 2699
1762770547471 0.5357996821403503 2999
1762770626783 0.537883996963501 3299
1762770700554 0.5141345858573914 3599
1762770774031 0.5309132933616638 3899
1762770848615 0.521163821220398 4199
1762770924145 0.5073960423469543 4499
1762771004323 0.5053586959838867 4799
1762771079458 0.49563148617744446 5099
1762771160046 0.5053699612617493 5399
1762771240465 0.5046758055686951 5699
1762771314753 0.5022323131561279 5999
1762771389529 0.6118104457855225 6299
1762771463996 0.4973294734954834 6599
1762771544349 0.4911614954471588 6899
1762771624649 0.4920588433742523 7199
1762771698905 0.49229326844215393 7499
1762771779073 0.49248528480529785 7799
1762771853062 0.4841994047164917 8099
1762771929332 0.4922260046005249 8399
1762772004129 0.49332761764526367 8699
1762772084302 0.48788541555404663 8999
1762772158587 0.4784826636314392 9299
1762772235945 0.47568416595458984 9599
1762772310744 0.4797252118587494 9899
1762772391515 0.48263800144195557 10199
1762772465846 0.47697871923446655 10499
1762772546171 0.48131632804870605 10799
1762772626727 0.4777754247188568 11099
1762772701819 0.4848186671733856 11399
1762772782450 0.47145023941993713 11699
1762772856890 0.48399433493614197 11999
1762772937432 0.43276533484458923 12299
1762773015185 0.4251382350921631 12599
1762773095702 0.421795517206192 12899
1762773174559 0.423195481300354 13199
1762773251157 0.42328888177871704 13499
1762773325599 0.42492103576660156 13799
1762773406126 0.42202028632164 14099
1762773487552 0.4221779704093933 14399
1762773565774 0.4209901988506317 14699
1762773640488 0.42282769083976746 14999
1762773716235 0.42325353622436523 15299
1762773790414 0.41889944672584534 15599
1762773866154 0.4203948676586151 15899
1762773940335 0.4203609228134155 16199
1762774014332 0.4214094281196594 16499
1762774094543 0.41982501745224 16799
1762774171816 0.4214438199996948 17099
1762774251881 0.4207998812198639 17399
1762774331971 0.41768330335617065 17699
1762774405926 0.4199623167514801 17999
1762774480552 0.4085777699947357 18299
1762774555232 0.40883272886276245 18599
1762774640814 0.408429890871048 18899
1762774714591 0.4099080264568329 19199
1762774788649 0.4079805016517639 19499
1762774862877 0.40663138031959534 19799
1762774945725 0.40681788325309753 20099
1762775023657 0.40891191363334656 20399
1762775101258 0.4076119065284729 20699
1762775179490 0.4075348973274231 20999
1762775257826 0.40670591592788696 21299
1762775336191 0.4062036871910095 21599
1762775414406 0.4058476388454437 21899
1762775492729 0.4070930480957031 22199
1762775571374 0.40470531582832336 22499
1762775649334 0.4059104919433594 22799
1762775730857 0.40575796365737915 23099
1762775812387 0.4047933518886566 23399
1762775890047 0.40514081716537476 23699
1762775968063 0.4055759310722351 23999
1762776050530 0.4048067331314087 24299
1762776132535 0.4043189585208893 24599
1762776214006 0.40565818548202515 24899
1762776296473 0.4072776436805725 25199
1762776377118 0.40532493591308594 25499
1762776454755 0.40649083256721497 25799
1762776536862 0.40552404522895813 26099
1762776614822 0.40710392594337463 26399
1762776692154 0.4052535891532898 26699
1762776766389 0.40599188208580017 26999
1762776842326 0.4069776237010956 27299
1762776916546 0.40575671195983887 27599
