1762769730758 3.20902156829834 299
1762769796569 2.2793891429901123 599
1762769862748 2.202293872833252 899
1762769931228 2.183863639831543 1199
1762769996850 2.1612257957458496 1499
1762770061914 2.0977635383605957 1799
1762770133407 2.0821268558502197 2099
1762770387114 2.058370351791382 2399
1762770473714 2.0429606437683105 2699
1762770547471 2.022509813308716 2999
1762770626783 2.0306437015533447 3299
1762770700554 1.9996520280838013 3599
1762770774031 1.9886969327926636 3899
1762770848615 1.9689064025878906 4199
1762770924145 1.9642202854156494 4499
1762771004323 1.9434375762939453 4799
1762771079458 1.9262280464172363 5099
1762771160046 1.929710865020752 5399
1762771240465 1.9063726663589478 5699
1762771314753 1.897552490234375 5999
1762771389529 2.1418774127960205 6299
1762771463996 1.8819935321807861 6599
1762771544349 1.883681058883667 6899
1762771624649 1.8769772052764893 7199
1762771698905 1.8635783195495605 7499
1762771779073 1.8564835786819458 7799
1762771853062 1.8683339357376099 8099
1762771929332 1.8479552268981934 8399
1762772004129 1.84169602394104 8699
1762772084302 1.8298817873001099 8999
1762772158587 1.825659155845642 9299
1762772235945 1.8037785291671753 9599
1762772310744 1.7885804176330566 9899
1762772391515 1.7997101545333862 10199
1762772465846 1.8055459260940552 10499
1762772546171 1.7927327156066895 10799
1762772626727 1.7665935754776 11099
1762772701819 1.787071704864502 11399
1762772782450 1.7467737197875977 11699
1762772856890 1.7540162801742554 11999
1762772937432 1.6757546663284302 12299
1762773015185 1.651984691619873 12599
1762773095702 1.6616158485412598 12899
1762773174559 1.6301097869873047 13199
1762773251157 1.6260108947753906 13499
1762773325599 1.598192811012268 13799
1762773406126 1.595860481262207 14099
1762773487552 1.590527057647705 14399
1762773565774 1.578894019126892 14699
1762773640488 1.5771080255508423 14999
1762773716235 1.5755383968353271 15299
1762773790414 1.5648235082626343 15599
1762773866154 1.5647822618484497 15899
1762773940335 1.5479707717895508 16199
1762774014332 1.5406993627548218 16499
1762774094543 1.527361512184143 16799
1762774171816 1.527546763420105 17099
1762774251881 1.5263218879699707 17399
1762774331971 1.5184141397476196 17699
1762774405926 1.5175193548202515 17999
1762774480552 1.4819350242614746 18299
1762774555232 1.4646250009536743 18599
1762774640814 1.4590981006622314 18899
1762774714591 1.4601459503173828 19199
1762774788649 1.4453952312469482 19499
1762774862877 1.457852840423584 19799
1762774945725 1.4411239624023438 20099
1762775023657 1.4553489685058594 20399
1762775101258 1.4466891288757324 20699
1762775179490 1.4400166273117065 20999
1762775257826 1.4374572038650513 21299
1762775336191 1.4300801753997803 21599
1762775414406 1.4361987113952637 21899
1762775492729 1.4234904050827026 22199
1762775571374 1.4216090440750122 22499
1762775649334 1.4214075803756714 22799
1762775730857 1.4173444509506226 23099
1762775812387 1.4087741374969482 23399
1762775890047 1.4069281816482544 23699
1762775968063 1.4037528038024902 23999
1762776050530 1.4068026542663574 24299
1762776132535 1.4154491424560547 24599
1762776214006 1.402283787727356 24899
1762776296473 1.3996403217315674 25199
1762776377118 1.3981572389602661 25499
1762776454755 1.3975108861923218 25799
1762776536862 1.3955122232437134 26099
1762776614822 1.390906810760498 26399
1762776692154 1.3888561725616455 26699
1762776766389 1.389807105064392 26999
1762776842326 1.3882825374603271 27299
1762776916546 1.3839694261550903 27599
