1762769730758 2.2730093002319336 299
1762769796569 1.265116572380066 599
1762769862748 1.1445506811141968 899
1762769931228 1.0834236145019531 1199
1762769996850 1.0540906190872192 1499
1762770061914 1.0289056301116943 1799
1762770133407 0.9909887909889221 2099
1762770387114 0.9627900719642639 2399
1762770473714 0.9647243618965149 2699
1762770547471 0.9406089782714844 2999
1762770626783 0.9420976042747498 3299
1762770700554 0.9322770237922668 3599
1762770774031 0.9380948543548584 3899
1762770848615 0.918916642665863 4199
1762770924145 0.9039412140846252 4499
1762771004323 0.9002984762191772 4799
1762771079458 0.8857976198196411 5099
1762771160046 0.8944606781005859 5399
1762771240465 0.88267982006073 5699
1762771314753 0.8753268122673035 5999
1762771389529 0.9773923754692078 6299
1762771463996 0.8720385432243347 6599
1762771544349 0.8700149655342102 6899
1762771624649 0.8629530072212219 7199
1762771698905 0.8611818552017212 7499
1762771779073 0.8564969301223755 7799
1762771853062 0.8610773086547852 8099
1762771929332 0.8604554533958435 8399
1762772004129 0.853945791721344 8699
1762772084302 0.8520126342773438 8999
1762772158587 0.8429741859436035 9299
1762772235945 0.8381461501121521 9599
1762772310744 0.8322302103042603 9899
1762772391515 0.840978741645813 10199
1762772465846 0.8362138867378235 10499
1762772546171 0.8304698467254639 10799
1762772626727 0.8239526152610779 11099
1762772701819 0.831333339214325 11399
1762772782450 0.821781575679779 11699
1762772856890 0.8285709023475647 11999
1762772937432 0.773576557636261 12299
1762773015185 0.763564944267273 12599
1762773095702 0.7681134939193726 12899
1762773174559 0.760091245174408 13199
1762773251157 0.76065993309021 13499
1762773325599 0.754372239112854 13799
1762773406126 0.7553966045379639 14099
1762773487552 0.753815233707428 14399
1762773565774 0.7549208402633667 14699
1762773640488 0.7547607421875 14999
1762773716235 0.7516300082206726 15299
1762773790414 0.746588408946991 15599
1762773866154 0.749757707118988 15899
1762773940335 0.7468070983886719 16199
1762774014332 0.7455652952194214 16499
1762774094543 0.7454044222831726 16799
1762774171816 0.7426870465278625 17099
1762774251881 0.7387794256210327 17399
1762774331971 0.7424565553665161 17699
1762774405926 0.7428979873657227 17999
1762774480552 0.723332941532135 18299
1762774555232 0.7272583842277527 18599
1762774640814 0.7254835963249207 18899
1762774714591 0.725331723690033 19199
1762774788649 0.7225858569145203 19499
1762774862877 0.7193789482116699 19799
1762774945725 0.720892071723938 20099
1762775023657 0.7254011631011963 20399
1762775101258 0.7208079099655151 20699
1762775179490 0.7191410660743713 20999
1762775257826 0.7166547179222107 21299
1762775336191 0.7142500877380371 21599
1762775414406 0.7205910086631775 21899
1762775492729 0.7182694673538208 22199
1762775571374 0.7151342034339905 22499
1762775649334 0.7127506732940674 22799
1762775730857 0.7198390364646912 23099
1762775812387 0.7133914232254028 23399
1762775890047 0.7121874094009399 23699
1762775968063 0.7159997820854187 23999
1762776050530 0.7164276838302612 24299
1762776132535 0.7138379216194153 24599
1762776214006 0.7109585404396057 24899
1762776296473 0.7114159464836121 25199
1762776377118 0.7119799256324768 25499
1762776454755 0.7126746773719788 25799
1762776536862 0.7136666178703308 26099
1762776614822 0.7137811183929443 26399
1762776692154 0.7121777534484863 26699
1762776766389 0.7106609344482422 26999
1762776842326 0.714386522769928 27299
1762776916546 0.7084519267082214 27599
