1762769730758 2.080249309539795 299
1762769796569 1.0235592126846313 599
1762769862748 0.9097467064857483 899
1762769931228 0.852977991104126 1199
1762769996850 0.8300835490226746 1499
1762770061914 0.7983139753341675 1799
1762770133407 0.7787510752677917 2099
1762770387114 0.7525292634963989 2399
1762770473714 0.7518829703330994 2699
1762770547471 0.7421795725822449 2999
1762770626783 0.7450131773948669 3299
1762770700554 0.7263362407684326 3599
1762770774031 0.7346913814544678 3899
1762770848615 0.7259820103645325 4199
1762770924145 0.7116355895996094 4499
1762771004323 0.708781361579895 4799
1762771079458 0.6981982588768005 5099
1762771160046 0.7048025727272034 5399
1762771240465 0.7007085084915161 5699
1762771314753 0.697300136089325 5999
1762771389529 0.774474561214447 6299
1762771463996 0.6905465722084045 6599
1762771544349 0.687237560749054 6899
1762771624649 0.6869955658912659 7199
1762771698905 0.6855103373527527 7499
1762771779073 0.6829822063446045 7799
1762771853062 0.6798983216285706 8099
1762771929332 0.6850921511650085 8399
1762772004129 0.6809372305870056 8699
1762772084302 0.6782992482185364 8999
1762772158587 0.6682800054550171 9299
1762772235945 0.6666662693023682 9599
1762772310744 0.6631221175193787 9899
1762772391515 0.6703590750694275 10199
1762772465846 0.6665636897087097 10499
1762772546171 0.6658413410186768 10799
1762772626727 0.6598138213157654 11099
1762772701819 0.6696234345436096 11399
1762772782450 0.6566569209098816 11699
1762772856890 0.667622447013855 11999
1762772937432 0.6168464422225952 12299
1762773015185 0.6127146482467651 12599
1762773095702 0.6105007529258728 12899
1762773174559 0.6082878708839417 13199
1762773251157 0.6077273488044739 13499
1762773325599 0.6077686548233032 13799
1762773406126 0.6072642207145691 14099
1762773487552 0.6058545708656311 14399
1762773565774 0.607041597366333 14699
1762773640488 0.6085349321365356 14999
1762773716235 0.6065570116043091 15299
1762773790414 0.6023401021957397 15599
1762773866154 0.6024401783943176 15899
1762773940335 0.6029694080352783 16199
1762774014332 0.605674147605896 16499
1762774094543 0.6026625633239746 16799
1762774171816 0.6015785932540894 17099
1762774251881 0.6014130711555481 17399
1762774331971 0.6002544164657593 17699
1762774405926 0.6015625 17999
1762774480552 0.5873658061027527 18299
1762774555232 0.5904132723808289 18599
1762774640814 0.5899957418441772 18899
1762774714591 0.5924353003501892 19199
1762774788649 0.5880281925201416 19499
1762774862877 0.5873485803604126 19799
1762774945725 0.5870270133018494 20099
1762775023657 0.5909543037414551 20399
1762775101258 0.5878292918205261 20699
1762775179490 0.5860769748687744 20999
1762775257826 0.5863031148910522 21299
1762775336191 0.5836380124092102 21599
1762775414406 0.5859360098838806 21899
1762775492729 0.5865703225135803 22199
1762775571374 0.584020733833313 22499
1762775649334 0.5844298005104065 22799
1762775730857 0.5860404372215271 23099
1762775812387 0.584011435508728 23399
1762775890047 0.5832968354225159 23699
1762775968063 0.5834487676620483 23999
1762776050530 0.5849176645278931 24299
1762776132535 0.5825638771057129 24599
1762776214006 0.5825687050819397 24899
1762776296473 0.5847359895706177 25199
1762776377118 0.5834617614746094 25499
1762776454755 0.5848052501678467 25799
1762776536862 0.5848596096038818 26099
1762776614822 0.5851690173149109 26399
1762776692154 0.5838894248008728 26699
1762776766389 0.5849512815475464 26999
1762776842326 0.5868645906448364 27299
1762776916546 0.5822169780731201 27599
