1762769730758 10.797723770141602 299
1762769796569 6.39720344543457 599
1762769862748 5.939037322998047 899
1762769931228 5.793182373046875 1199
1762769996850 5.4995951652526855 1499
1762770061914 5.451963901519775 1799
1762770133407 5.2574591636657715 2099
1762770387114 5.029685974121094 2399
1762770473714 4.965067386627197 2699
1762770547471 5.074617862701416 2999
1762770626783 4.837750434875488 3299
1762770700554 4.751395225524902 3599
1762770774031 4.84722900390625 3899
1762770848615 4.547713279724121 4199
1762770924145 4.547954082489014 4499
1762771004323 4.520452499389648 4799
1762771079458 4.323249816894531 5099
1762771160046 4.328068256378174 5399
1762771240465 4.376375675201416 5699
1762771314753 4.196110248565674 5999
1762771389529 4.292681694030762 6299
1762771463996 4.20047664642334 6599
1762771544349 4.101210594177246 6899
1762771624649 4.1805009841918945 7199
1762771698905 4.159341812133789 7499
1762771779073 4.048138618469238 7799
1762771853062 4.106847763061523 8099
1762771929332 4.1804094314575195 8399
1762772004129 4.067055702209473 8699
1762772084302 3.8597466945648193 8999
1762772158587 3.9032950401306152 9299
1762772235945 3.789924383163452 9599
1762772310744 3.8583340644836426 9899
1762772391515 3.8781774044036865 10199
1762772465846 3.922975540161133 10499
1762772546171 3.7559144496917725 10799
1762772626727 3.7573401927948 11099
1762772701819 3.699725866317749 11399
1762772782450 3.6348257064819336 11699
1762772856890 3.6829004287719727 11999
1762772937432 3.3771092891693115 12299
1762773015185 3.206048011779785 12599
1762773095702 3.2996065616607666 12899
1762773174559 3.122530221939087 13199
1762773251157 3.1532692909240723 13499
1762773325599 3.0799546241760254 13799
1762773406126 3.0814504623413086 14099
1762773487552 3.0897226333618164 14399
1762773565774 3.021313428878784 14699
1762773640488 2.9343643188476562 14999
1762773716235 3.1244354248046875 15299
1762773790414 2.9547810554504395 15599
1762773866154 2.9559030532836914 15899
1762773940335 2.9335644245147705 16199
1762774014332 2.9995625019073486 16499
1762774094543 2.9055559635162354 16799
1762774171816 2.848118782043457 17099
1762774251881 2.8233931064605713 17399
1762774331971 2.8684680461883545 17699
1762774405926 2.78550386428833 17999
1762774480552 2.694103479385376 18299
1762774555232 2.5932681560516357 18599
1762774640814 2.6817243099212646 18899
1762774714591 2.6284124851226807 19199
1762774788649 2.499596118927002 19499
1762774862877 2.60178542137146 19799
1762774945725 2.6110117435455322 20099
1762775023657 2.5869171619415283 20399
1762775101258 2.596649408340454 20699
1762775179490 2.6303820610046387 20999
1762775257826 2.589477777481079 21299
1762775336191 2.4751956462860107 21599
1762775414406 2.4717564582824707 21899
1762775492729 2.4181127548217773 22199
1762775571374 2.513746976852417 22499
1762775649334 2.4604811668395996 22799
1762775730857 2.5567758083343506 23099
1762775812387 2.543503522872925 23399
1762775890047 2.4410324096679688 23699
1762775968063 2.481516122817993 23999
1762776050530 2.445146322250366 24299
1762776132535 2.4903712272644043 24599
1762776214006 2.3701553344726562 24899
1762776296473 2.420281410217285 25199
1762776377118 2.4430787563323975 25499
1762776454755 2.349649667739868 25799
1762776536862 2.418668270111084 26099
1762776614822 2.3764123916625977 26399
1762776692154 2.3305606842041016 26699
1762776766389 2.4009358882904053 26999
1762776842326 2.371274709701538 27299
1762776916546 2.3397676944732666 27599
