1762769730758 3.0338871479034424 299
1762769796569 2.175873041152954 599
1762769862748 2.0773427486419678 899
1762769931228 2.0183746814727783 1199
1762769996850 1.9822767972946167 1499
1762770061914 1.9246844053268433 1799
1762770133407 1.922796607017517 2099
1762770387114 1.8787168264389038 2399
1762770473714 1.8698344230651855 2699
1762770547471 1.8509738445281982 2999
1762770626783 1.8420405387878418 3299
1762770700554 1.8199126720428467 3599
1762770774031 1.8191323280334473 3899
1762770848615 1.7796956300735474 4199
1762770924145 1.7684271335601807 4499
1762771004323 1.753804326057434 4799
1762771079458 1.7273313999176025 5099
1762771160046 1.7539275884628296 5399
1762771240465 1.7305368185043335 5699
1762771314753 1.7109951972961426 5999
1762771389529 1.9729841947555542 6299
1762771463996 1.7099865674972534 6599
1762771544349 1.702060580253601 6899
1762771624649 1.7022210359573364 7199
1762771698905 1.6909054517745972 7499
1762771779073 1.670339584350586 7799
1762771853062 1.6790142059326172 8099
1762771929332 1.6754868030548096 8399
1762772004129 1.6564273834228516 8699
1762772084302 1.6552529335021973 8999
1762772158587 1.644322156906128 9299
1762772235945 1.6284130811691284 9599
1762772310744 1.6234749555587769 9899
1762772391515 1.623609185218811 10199
1762772465846 1.6157824993133545 10499
1762772546171 1.606214165687561 10799
1762772626727 1.5842642784118652 11099
1762772701819 1.6022189855575562 11399
1762772782450 1.5755761861801147 11699
1762772856890 1.5758672952651978 11999
1762772937432 1.4782150983810425 12299
1762773015185 1.464498519897461 12599
1762773095702 1.4582386016845703 12899
1762773174559 1.4401270151138306 13199
1762773251157 1.4289275407791138 13499
1762773325599 1.4206736087799072 13799
1762773406126 1.4190319776535034 14099
1762773487552 1.4049183130264282 14399
1762773565774 1.397891640663147 14699
1762773640488 1.394447684288025 14999
1762773716235 1.3856004476547241 15299
1762773790414 1.377335786819458 15599
1762773866154 1.3800263404846191 15899
1762773940335 1.3640754222869873 16199
1762774014332 1.3664921522140503 16499
1762774094543 1.3487762212753296 16799
1762774171816 1.3408987522125244 17099
1762774251881 1.3440555334091187 17399
1762774331971 1.3378266096115112 17699
1762774405926 1.334864616394043 17999
1762774480552 1.2991561889648438 18299
1762774555232 1.2857003211975098 18599
1762774640814 1.2757643461227417 18899
1762774714591 1.2793948650360107 19199
1762774788649 1.2660247087478638 19499
1762774862877 1.272944450378418 19799
1762774945725 1.2627335786819458 20099
1762775023657 1.2660690546035767 20399
1762775101258 1.264177680015564 20699
1762775179490 1.2523808479309082 20999
1762775257826 1.2535971403121948 21299
1762775336191 1.2490164041519165 21599
1762775414406 1.2567623853683472 21899
1762775492729 1.2383681535720825 22199
1762775571374 1.24559485912323 22499
1762775649334 1.2389031648635864 22799
1762775730857 1.2418105602264404 23099
1762775812387 1.2319711446762085 23399
1762775890047 1.2323161363601685 23699
1762775968063 1.23292875289917 23999
1762776050530 1.2274739742279053 24299
1762776132535 1.228892207145691 24599
1762776214006 1.216348648071289 24899
1762776296473 1.22514808177948 25199
1762776377118 1.216955304145813 25499
1762776454755 1.2167668342590332 25799
1762776536862 1.2121243476867676 26099
1762776614822 1.2125880718231201 26399
1762776692154 1.205332636833191 26699
1762776766389 1.207932710647583 26999
1762776842326 1.2096141576766968 27299
1762776916546 1.2004716396331787 27599
