1762769730758 11.84610652923584 299
1762769796569 3.5530245304107666 599
1762769862748 2.7917206287384033 899
1762769931228 2.3668501377105713 1199
1762769996850 2.282409906387329 1499
1762770061914 2.0912845134735107 1799
1762770133407 2.0261874198913574 2099
1762770387114 1.8594672679901123 2399
1762770473714 1.8551719188690186 2699
1762770547471 1.872599482536316 2999
1762770626783 1.751962423324585 3299
1762770700554 1.695715308189392 3599
1762770774031 1.7382456064224243 3899
1762770848615 1.6542502641677856 4199
1762770924145 1.6364436149597168 4499
1762771004323 1.660453200340271 4799
1762771079458 1.559106707572937 5099
1762771160046 1.5707939863204956 5399
1762771240465 1.5384832620620728 5699
1762771314753 1.530047059059143 5999
1762771389529 1.5513180494308472 6299
1762771463996 1.5215002298355103 6599
1762771544349 1.4767147302627563 6899
1762771624649 1.5372551679611206 7199
1762771698905 1.5467591285705566 7499
1762771779073 1.5344173908233643 7799
1762771853062 1.4984968900680542 8099
1762771929332 1.5147427320480347 8399
1762772004129 1.465440034866333 8699
1762772084302 1.4614120721817017 8999
1762772158587 1.4049142599105835 9299
1762772235945 1.3766659498214722 9599
1762772310744 1.430188775062561 9899
1762772391515 1.4820473194122314 10199
1762772465846 1.4528151750564575 10499
1762772546171 1.363231897354126 10799
1762772626727 1.4130282402038574 11099
1762772701819 1.414899468421936 11399
1762772782450 1.3626627922058105 11699
1762772856890 1.498827576637268 11999
1762772937432 1.224858045578003 12299
1762773015185 1.1692994832992554 12599
1762773095702 1.156756043434143 12899
1762773174559 1.1475443840026855 13199
1762773251157 1.1611188650131226 13499
1762773325599 1.1663738489151 13799
1762773406126 1.1642060279846191 14099
1762773487552 1.174087643623352 14399
1762773565774 1.1637605428695679 14699
1762773640488 1.167482852935791 14999
1762773716235 1.2165378332138062 15299
1762773790414 1.1651086807250977 15599
1762773866154 1.1549489498138428 15899
1762773940335 1.1539827585220337 16199
1762774014332 1.201176404953003 16499
1762774094543 1.1542026996612549 16799
1762774171816 1.1530405282974243 17099
1762774251881 1.1497606039047241 17399
1762774331971 1.158701777458191 17699
1762774405926 1.1426634788513184 17999
1762774480552 1.094916582107544 18299
1762774555232 1.1195085048675537 18599
1762774640814 1.1347187757492065 18899
1762774714591 1.1096839904785156 19199
1762774788649 1.1196894645690918 19499
1762774862877 1.0715347528457642 19799
1762774945725 1.1096420288085938 20099
1762775023657 1.1440093517303467 20399
1762775101258 1.1309328079223633 20699
1762775179490 1.1176477670669556 20999
1762775257826 1.08992600440979 21299
1762775336191 1.0526536703109741 21599
1762775414406 1.0734856128692627 21899
1762775492729 1.0931110382080078 22199
1762775571374 1.1053364276885986 22499
1762775649334 1.1246017217636108 22799
1762775730857 1.1263264417648315 23099
1762775812387 1.1222476959228516 23399
1762775890047 1.0927059650421143 23699
1762775968063 1.1046040058135986 23999
1762776050530 1.1104683876037598 24299
1762776132535 1.1016029119491577 24599
1762776214006 1.0907398462295532 24899
1762776296473 1.0868369340896606 25199
1762776377118 1.1022868156433105 25499
1762776454755 1.1065351963043213 25799
1762776536862 1.090915322303772 26099
1762776614822 1.0967429876327515 26399
1762776692154 1.0928666591644287 26699
1762776766389 1.1258395910263062 26999
1762776842326 1.0913642644882202 27299
1762776916546 1.0865747928619385 27599
