1762769730758 2.3588814735412598 299
1762769796569 1.425174355506897 599
1762769862748 1.330991268157959 899
1762769931228 1.2837260961532593 1199
1762769996850 1.2507197856903076 1499
1762770061914 1.2193658351898193 1799
1762770133407 1.1945616006851196 2099
1762770387114 1.1642866134643555 2399
1762770473714 1.1627542972564697 2699
1762770547471 1.149081826210022 2999
1762770626783 1.1418479681015015 3299
1762770700554 1.126641035079956 3599
1762770774031 1.1298693418502808 3899
1762770848615 1.108709454536438 4199
1762770924145 1.0946437120437622 4499
1762771004323 1.0864664316177368 4799
1762771079458 1.0689547061920166 5099
1762771160046 1.080199122428894 5399
1762771240465 1.0688035488128662 5699
1762771314753 1.0583698749542236 5999
1762771389529 1.1587417125701904 6299
1762771463996 1.0538569688796997 6599
1762771544349 1.0477230548858643 6899
1762771624649 1.0473767518997192 7199
1762771698905 1.0386849641799927 7499
1762771779073 1.0331579446792603 7799
1762771853062 1.036834478378296 8099
1762771929332 1.036710262298584 8399
1762772004129 1.0256248712539673 8699
1762772084302 1.02012038230896 8999
1762772158587 1.0134280920028687 9299
1762772235945 1.004027247428894 9599
1762772310744 1.0002772808074951 9899
1762772391515 1.0022671222686768 10199
1762772465846 1.0025006532669067 10499
1762772546171 0.9946522116661072 10799
1762772626727 0.9807257056236267 11099
1762772701819 0.9912342429161072 11399
1762772782450 0.9759626984596252 11699
1762772856890 0.9795442819595337 11999
1762772937432 0.9190087914466858 12299
1762773015185 0.9045952558517456 12599
1762773095702 0.9051320552825928 12899
1762773174559 0.8942794799804688 13199
1762773251157 0.8916670680046082 13499
1762773325599 0.8833966255187988 13799
1762773406126 0.8829538822174072 14099
1762773487552 0.8794469237327576 14399
1762773565774 0.8754860162734985 14699
1762773640488 0.8739740252494812 14999
1762773716235 0.871507465839386 15299
1762773790414 0.8639357686042786 15599
1762773866154 0.8658535480499268 15899
1762773940335 0.8592572212219238 16199
1762774014332 0.8597244024276733 16499
1762774094543 0.8525052666664124 16799
1762774171816 0.8483051657676697 17099
1762774251881 0.8471868634223938 17399
1762774331971 0.8459058403968811 17699
1762774405926 0.8440989255905151 17999
1762774480552 0.824105441570282 18299
1762774555232 0.8185157179832458 18599
1762774640814 0.8157569766044617 18899
1762774714591 0.8164560794830322 19199
1762774788649 0.8096041083335876 19499
1762774862877 0.8117697834968567 19799
1762774945725 0.80855792760849 20099
1762775023657 0.8117074966430664 20399
1762775101258 0.8087869882583618 20699
1762775179490 0.8045216798782349 20999
1762775257826 0.803722083568573 21299
1762775336191 0.7993744015693665 21599
1762775414406 0.8039012551307678 21899
1762775492729 0.7972521185874939 22199
1762775571374 0.798328697681427 22499
1762775649334 0.794873833656311 22799
1762775730857 0.7977914810180664 23099
1762775812387 0.7940158843994141 23399
1762775890047 0.7925037145614624 23699
1762775968063 0.7924584746360779 23999
1762776050530 0.7918328642845154 24299
1762776132535 0.7925122976303101 24599
1762776214006 0.787458062171936 24899
1762776296473 0.7885853052139282 25199
1762776377118 0.7871861457824707 25499
1762776454755 0.7850776314735413 25799
1762776536862 0.7857904434204102 26099
1762776614822 0.7860961556434631 26399
1762776692154 0.7819917798042297 26699
1762776766389 0.7827060222625732 26999
1762776842326 0.7839117646217346 27299
1762776916546 0.7789572477340698 27599
