1762769730758 2.026230573654175 299
1762769796569 1.197535753250122 599
1762769862748 1.0881084203720093 899
1762769931228 1.0308066606521606 1199
1762769996850 1.0042864084243774 1499
1762770061914 0.9812397956848145 1799
1762770133407 0.9461406469345093 2099
1762770387114 0.9199929237365723 2399
1762770473714 0.9207303524017334 2699
1762770547471 0.897631049156189 2999
1762770626783 0.9017126560211182 3299
1762770700554 0.8924372792243958 3599
1762770774031 0.8976150751113892 3899
1762770848615 0.8799684047698975 4199
1762770924145 0.8657604455947876 4499
1762771004323 0.8611117005348206 4799
1762771079458 0.8485121130943298 5099
1762771160046 0.8567256927490234 5399
1762771240465 0.8459615707397461 5699
1762771314753 0.8396756052970886 5999
1762771389529 1.0066289901733398 6299
1762771463996 0.8359174728393555 6599
1762771544349 0.8350287675857544 6899
1762771624649 0.8269398808479309 7199
1762771698905 0.825852632522583 7499
1762771779073 0.8215566277503967 7799
1762771853062 0.824859619140625 8099
1762771929332 0.8250488638877869 8399
1762772004129 0.8193600177764893 8699
1762772084302 0.8179975152015686 8999
1762772158587 0.8094531893730164 9299
1762772235945 0.8051862716674805 9599
1762772310744 0.7983997464179993 9899
1762772391515 0.8091607689857483 10199
1762772465846 0.8022350072860718 10499
1762772546171 0.798027515411377 10799
1762772626727 0.7912406921386719 11099
1762772701819 0.7979424595832825 11399
1762772782450 0.7890146970748901 11699
1762772856890 0.7957978844642639 11999
1762772937432 0.7429675459861755 12299
1762773015185 0.7349640130996704 12599
1762773095702 0.7398310899734497 12899
1762773174559 0.7315158843994141 13199
1762773251157 0.7316587567329407 13499
1762773325599 0.7263811230659485 13799
1762773406126 0.7268484830856323 14099
1762773487552 0.7250477075576782 14399
1762773565774 0.7267709374427795 14699
1762773640488 0.7265055179595947 14999
1762773716235 0.722415566444397 15299
1762773790414 0.7178838849067688 15599
1762773866154 0.7212489247322083 15899
1762773940335 0.7184396982192993 16199
1762774014332 0.7165655493736267 16499
1762774094543 0.7170987129211426 16799
1762774171816 0.7149940133094788 17099
1762774251881 0.7112354636192322 17399
1762774331971 0.7140544056892395 17699
1762774405926 0.7150973081588745 17999
1762774480552 0.6959851384162903 18299
1762774555232 0.7005542516708374 18599
1762774640814 0.6976572871208191 18899
1762774714591 0.6984496116638184 19199
1762774788649 0.695286750793457 19499
1762774862877 0.6931126713752747 19799
1762774945725 0.6941823959350586 20099
1762775023657 0.6977656483650208 20399
1762775101258 0.6937233209609985 20699
1762775179490 0.69149249792099 20999
1762775257826 0.6900833249092102 21299
1762775336191 0.6882358193397522 21599
1762775414406 0.694294273853302 21899
1762775492729 0.6919839382171631 22199
1762775571374 0.6886751651763916 22499
1762775649334 0.6859447956085205 22799
1762775730857 0.6927281618118286 23099
1762775812387 0.6865159273147583 23399
1762775890047 0.6852259039878845 23699
1762775968063 0.6886061429977417 23999
1762776050530 0.6887724995613098 24299
1762776132535 0.686718225479126 24599
1762776214006 0.6849035024642944 24899
1762776296473 0.6847541332244873 25199
1762776377118 0.6856337785720825 25499
1762776454755 0.6858698725700378 25799
1762776536862 0.6868794560432434 26099
1762776614822 0.6867929697036743 26399
1762776692154 0.6861182451248169 26699
1762776766389 0.6837100386619568 26999
1762776842326 0.6880309581756592 27299
1762776916546 0.6820061206817627 27599
