1762769730758 2.110356092453003 299
1762769796569 1.4794337749481201 599
1762769862748 1.415530800819397 899
1762769931228 1.373400330543518 1199
1762769996850 1.3489681482315063 1499
1762770061914 1.3097485303878784 1799
1762770133407 1.3067443370819092 2099
1762770387114 1.277057409286499 2399
1762770473714 1.2722247838974 2699
1762770547471 1.258831262588501 2999
1762770626783 1.2516562938690186 3299
1762770700554 1.237754225730896 3599
1762770774031 1.2382937669754028 3899
1762770848615 1.2094097137451172 4199
1762770924145 1.2034690380096436 4499
1762771004323 1.1898047924041748 4799
1762771079458 1.1733551025390625 5099
1762771160046 1.1912429332733154 5399
1762771240465 1.1756370067596436 5699
1762771314753 1.1616493463516235 5999
1762771389529 1.3579256534576416 6299
1762771463996 1.15981125831604 6599
1762771544349 1.1563632488250732 6899
1762771624649 1.155274748802185 7199
1762771698905 1.1485631465911865 7499
1762771779073 1.1342227458953857 7799
1762771853062 1.1401058435440063 8099
1762771929332 1.1377384662628174 8399
1762772004129 1.12472665309906 8699
1762772084302 1.1239392757415771 8999
1762772158587 1.1171326637268066 9299
1762772235945 1.1062253713607788 9599
1762772310744 1.1026148796081543 9899
1762772391515 1.1024078130722046 10199
1762772465846 1.0978875160217285 10499
1762772546171 1.090170979499817 10799
1762772626727 1.0754581689834595 11099
1762772701819 1.0873059034347534 11399
1762772782450 1.070085883140564 11699
1762772856890 1.0713841915130615 11999
1762772937432 1.0046838521957397 12299
1762773015185 0.9949778318405151 12599
1762773095702 0.9905757904052734 12899
1762773174559 0.9783415198326111 13199
1762773251157 0.971024751663208 13499
1762773325599 0.9641401171684265 13799
1762773406126 0.9639849662780762 14099
1762773487552 0.9545684456825256 14399
1762773565774 0.9506677389144897 14699
1762773640488 0.9467501044273376 14999
1762773716235 0.9409825801849365 15299
1762773790414 0.9362240433692932 15599
1762773866154 0.9380507469177246 15899
1762773940335 0.9271709322929382 16199
1762774014332 0.9284184575080872 16499
1762774094543 0.9157567620277405 16799
1762774171816 0.9113935828208923 17099
1762774251881 0.9126162528991699 17399
1762774331971 0.908957839012146 17699
1762774405926 0.9068143367767334 17999
1762774480552 0.8833087682723999 18299
1762774555232 0.8742874264717102 18599
1762774640814 0.8669701814651489 18899
1762774714591 0.8697705864906311 19199
1762774788649 0.8609919548034668 19499
1762774862877 0.8651868104934692 19799
1762774945725 0.8585096597671509 20099
1762775023657 0.8607067465782166 20399
1762775101258 0.8594721555709839 20699
1762775179490 0.85141521692276 20999
1762775257826 0.8520474433898926 21299
1762775336191 0.8494394421577454 21599
1762775414406 0.8544286489486694 21899
1762775492729 0.8421265482902527 22199
1762775571374 0.8470547795295715 22499
1762775649334 0.8422977328300476 22799
1762775730857 0.8446030020713806 23099
1762775812387 0.8376326560974121 23399
1762775890047 0.8386905193328857 23699
1762775968063 0.8378860950469971 23999
1762776050530 0.8347113132476807 24299
1762776132535 0.8355740308761597 24599
1762776214006 0.8281192779541016 24899
1762776296473 0.8330137133598328 25199
1762776377118 0.8278194069862366 25499
1762776454755 0.8275416493415833 25799
1762776536862 0.8242371082305908 26099
1762776614822 0.8241506814956665 26399
1762776692154 0.8191249370574951 26699
1762776766389 0.821631133556366 26999
1762776842326 0.8228140473365784 27299
1762776916546 0.8163246512413025 27599
