1762769730758 2.275862455368042 299
1762769796569 1.5497032403945923 599
1762769862748 1.5017642974853516 899
1762769931228 1.4845836162567139 1199
1762769996850 1.4719595909118652 1499
1762770061914 1.4290741682052612 1799
1762770133407 1.4150599241256714 2099
1762770387114 1.3981308937072754 2399
1762770473714 1.386179804801941 2699
1762770547471 1.3726766109466553 2999
1762770626783 1.3782272338867188 3299
1762770700554 1.357084035873413 3599
1762770774031 1.3514108657836914 3899
1762770848615 1.3362095355987549 4199
1762770924145 1.3326562643051147 4499
1762771004323 1.316406488418579 4799
1762771079458 1.306602120399475 5099
1762771160046 1.3078274726867676 5399
1762771240465 1.2933859825134277 5699
1762771314753 1.2882252931594849 5999
1762771389529 1.4634543657302856 6299
1762771463996 1.2757800817489624 6599
1762771544349 1.2782299518585205 6899
1762771624649 1.2707453966140747 7199
1762771698905 1.264282464981079 7499
1762771779073 1.2593674659729004 7799
1762771853062 1.2664332389831543 8099
1762771929332 1.2522660493850708 8399
1762772004129 1.248612880706787 8699
1762772084302 1.2409744262695312 8999
1762772158587 1.2392048835754395 9299
1762772235945 1.2220139503479004 9599
1762772310744 1.2131463289260864 9899
1762772391515 1.2197942733764648 10199
1762772465846 1.2250611782073975 10499
1762772546171 1.2143114805221558 10799
1762772626727 1.1977211236953735 11099
1762772701819 1.2114671468734741 11399
1762772782450 1.1847437620162964 11699
1762772856890 1.1894892454147339 11999
1762772937432 1.137405514717102 12299
1762773015185 1.1209092140197754 12599
1762773095702 1.1276317834854126 12899
1762773174559 1.1059650182724 13199
1762773251157 1.1038881540298462 13499
1762773325599 1.082637906074524 13799
1762773406126 1.0834674835205078 14099
1762773487552 1.0797680616378784 14399
1762773565774 1.071001648902893 14699
1762773640488 1.069153070449829 14999
1762773716235 1.0679982900619507 15299
1762773790414 1.061989426612854 15599
1762773866154 1.0621469020843506 15899
1762773940335 1.0495600700378418 16199
1762774014332 1.04506516456604 16499
1762774094543 1.0371143817901611 16799
1762774171816 1.0369515419006348 17099
1762774251881 1.0354537963867188 17399
1762774331971 1.0306835174560547 17699
1762774405926 1.0285563468933105 17999
1762774480552 1.005715250968933 18299
1762774555232 0.9944674372673035 18599
1762774640814 0.9905681610107422 18899
1762774714591 0.9914588928222656 19199
1762774788649 0.981738805770874 19499
1762774862877 0.9906584024429321 19799
1762774945725 0.9782688617706299 20099
1762775023657 0.9882897734642029 20399
1762775101258 0.9824691414833069 20699
1762775179490 0.977683961391449 20999
1762775257826 0.9750308394432068 21299
1762775336191 0.9714406728744507 21599
1762775414406 0.9757620096206665 21899
1762775492729 0.9658048152923584 22199
1762775571374 0.9654528498649597 22499
1762775649334 0.9647361040115356 22799
1762775730857 0.9629014730453491 23099
1762775812387 0.9564431309700012 23399
1762775890047 0.955768883228302 23699
1762775968063 0.9530461430549622 23999
1762776050530 0.9549136757850647 24299
1762776132535 0.9612082242965698 24599
1762776214006 0.9529165029525757 24899
1762776296473 0.9498931169509888 25199
1762776377118 0.9500000476837158 25499
1762776454755 0.9486188888549805 25799
1762776536862 0.9483164548873901 26099
1762776614822 0.9438718557357788 26399
1762776692154 0.9432662725448608 26699
1762776766389 0.9442203640937805 26999
1762776842326 0.9430092573165894 27299
1762776916546 0.9397774934768677 27599
