1762769730758 2.4303982257843018 299
1762769796569 1.606414794921875 599
1762769862748 1.5317444801330566 899
1762769931228 1.4861977100372314 1199
1762769996850 1.4562797546386719 1499
1762770061914 1.4153622388839722 1799
1762770133407 1.408202052116394 2099
1762770387114 1.3734022378921509 2399
1762770473714 1.3672820329666138 2699
1762770547471 1.355937123298645 2999
1762770626783 1.3439197540283203 3299
1762770700554 1.327325463294983 3599
1762770774031 1.330139398574829 3899
1762770848615 1.2951551675796509 4199
1762770924145 1.2890870571136475 4499
1762771004323 1.2746353149414062 4799
1762771079458 1.254442572593689 5099
1762771160046 1.2723606824874878 5399
1762771240465 1.2574268579483032 5699
1762771314753 1.2395789623260498 5999
1762771389529 1.371042013168335 6299
1762771463996 1.2385388612747192 6599
1762771544349 1.2321959733963013 6899
1762771624649 1.2331345081329346 7199
1762771698905 1.2256966829299927 7499
1762771779073 1.2091106176376343 7799
1762771853062 1.2164291143417358 8099
1762771929332 1.2157142162322998 8399
1762772004129 1.200155258178711 8699
1762772084302 1.1950691938400269 8999
1762772158587 1.1894984245300293 9299
1762772235945 1.1764384508132935 9599
1762772310744 1.1737085580825806 9899
1762772391515 1.1691174507141113 10199
1762772465846 1.1703914403915405 10499
1762772546171 1.159197211265564 10799
1762772626727 1.1444110870361328 11099
1762772701819 1.1553927659988403 11399
1762772782450 1.1367148160934448 11699
1762772856890 1.135452389717102 11999
1762772937432 1.0661027431488037 12299
1762773015185 1.0533562898635864 12599
1762773095702 1.0481775999069214 12899
1762773174559 1.0349833965301514 13199
1762773251157 1.0284547805786133 13499
1762773325599 1.0202257633209229 13799
1762773406126 1.0201011896133423 14099
1762773487552 1.0109000205993652 14399
1762773565774 1.005703330039978 14699
1762773640488 0.9999348521232605 14999
1762773716235 0.9974503517150879 15299
1762773790414 0.9900090098381042 15599
1762773866154 0.9903086423873901 15899
1762773940335 0.9802873730659485 16199
1762774014332 0.982869029045105 16499
1762774094543 0.9685708284378052 16799
1762774171816 0.9629768133163452 17099
1762774251881 0.9637489318847656 17399
1762774331971 0.9608085751533508 17699
1762774405926 0.957375168800354 17999
1762774480552 0.9321804642677307 18299
1762774555232 0.9212918281555176 18599
1762774640814 0.915381669998169 18899
1762774714591 0.9171221852302551 19199
1762774788649 0.9063860177993774 19499
1762774862877 0.9126270413398743 19799
1762774945725 0.9057985544204712 20099
1762775023657 0.9074468016624451 20399
1762775101258 0.906718909740448 20699
1762775179490 0.8989480137825012 20999
1762775257826 0.8989357948303223 21299
1762775336191 0.8942922949790955 21599
1762775414406 0.8992865681648254 21899
1762775492729 0.8860962390899658 22199
1762775571374 0.892745852470398 22499
1762775649334 0.8868066072463989 22799
1762775730857 0.8909684419631958 23099
1762775812387 0.8837417960166931 23399
1762775890047 0.8829128742218018 23699
1762775968063 0.882746696472168 23999
1762776050530 0.8791003823280334 24299
1762776132535 0.8807333707809448 24599
1762776214006 0.8712204694747925 24899
1762776296473 0.8769553303718567 25199
1762776377118 0.8719637393951416 25499
1762776454755 0.8702022433280945 25799
1762776536862 0.8681883215904236 26099
1762776614822 0.8674545884132385 26399
1762776692154 0.8613409399986267 26699
1762776766389 0.8653334975242615 26999
1762776842326 0.8656100034713745 27299
1762776916546 0.8587687611579895 27599
