1762769730758 11.347829818725586 299
1762769796569 7.296344757080078 599
1762769862748 6.970885276794434 899
1762769931228 6.906582832336426 1199
1762769996850 6.457897663116455 1499
1762770061914 6.469633102416992 1799
1762770133407 6.312094211578369 2099
1762770387114 6.138055801391602 2399
1762770473714 6.02895975112915 2699
1762770547471 6.0607523918151855 2999
1762770626783 5.869664192199707 3299
1762770700554 5.806704044342041 3599
1762770774031 5.766718864440918 3899
1762770848615 5.463281631469727 4199
1762770924145 5.59585428237915 4499
1762771004323 5.585495948791504 4799
1762771079458 5.308468818664551 5099
1762771160046 5.3157196044921875 5399
1762771240465 5.264481544494629 5699
1762771314753 5.215034484863281 5999
1762771389529 5.175513744354248 6299
1762771463996 5.14646577835083 6599
1762771544349 5.074821472167969 6899
1762771624649 5.180751323699951 7199
1762771698905 5.080121040344238 7499
1762771779073 5.014041900634766 7799
1762771853062 4.991734027862549 8099
1762771929332 5.056255340576172 8399
1762772004129 4.930650234222412 8699
1762772084302 4.775890350341797 8999
1762772158587 4.810113430023193 9299
1762772235945 4.6687846183776855 9599
1762772310744 4.734294414520264 9899
1762772391515 4.7998199462890625 10199
1762772465846 4.8158159255981445 10499
1762772546171 4.685852527618408 10799
1762772626727 4.5807929039001465 11099
1762772701819 4.6343278884887695 11399
1762772782450 4.52553653717041 11699
1762772856890 4.5624494552612305 11999
1762772937432 4.327353477478027 12299
1762773015185 4.052644729614258 12599
1762773095702 4.10099983215332 12899
1762773174559 4.000063896179199 13199
1762773251157 4.039523124694824 13499
1762773325599 3.8627216815948486 13799
1762773406126 3.9234321117401123 14099
1762773487552 3.9488441944122314 14399
1762773565774 3.8564655780792236 14699
1762773640488 3.7382872104644775 14999
1762773716235 3.9176814556121826 15299
1762773790414 3.8356642723083496 15599
1762773866154 3.847566604614258 15899
1762773940335 3.747105121612549 16199
1762774014332 3.7439846992492676 16499
1762774094543 3.720578193664551 16799
1762774171816 3.6427135467529297 17099
1762774251881 3.5910568237304688 17399
1762774331971 3.6586740016937256 17699
1762774405926 3.6336686611175537 17999
1762774480552 3.476588487625122 18299
1762774555232 3.4009392261505127 18599
1762774640814 3.4128332138061523 18899
1762774714591 3.413018226623535 19199
1762774788649 3.2458839416503906 19499
1762774862877 3.3141613006591797 19799
1762774945725 3.3062543869018555 20099
1762775023657 3.295070171356201 20399
1762775101258 3.377094268798828 20699
1762775179490 3.3716542720794678 20999
1762775257826 3.3366973400115967 21299
1762775336191 3.1838934421539307 21599
1762775414406 3.2061023712158203 21899
1762775492729 3.202871561050415 22199
1762775571374 3.225877285003662 22499
1762775649334 3.2215356826782227 22799
1762775730857 3.2934038639068604 23099
1762775812387 3.259902238845825 23399
1762775890047 3.1506035327911377 23699
1762775968063 3.1725504398345947 23999
1762776050530 3.1812973022460938 24299
1762776132535 3.2313804626464844 24599
1762776214006 3.1350765228271484 24899
1762776296473 3.135448932647705 25199
1762776377118 3.1909987926483154 25499
1762776454755 3.0345606803894043 25799
1762776536862 3.182803153991699 26099
1762776614822 3.155341625213623 26399
1762776692154 3.1159911155700684 26699
1762776766389 3.1122500896453857 26999
1762776842326 3.095857620239258 27299
1762776916546 3.075671672821045 27599
