1762769730758 1.856406807899475 299
1762769796569 0.9783371686935425 599
1762769862748 0.8735413551330566 899
1762769931228 0.8210922479629517 1199
1762769996850 0.7990494966506958 1499
1762770061914 0.7696205973625183 1799
1762770133407 0.7507398724555969 2099
1762770387114 0.7263253331184387 2399
1762770473714 0.7257782220840454 2699
1762770547471 0.715871274471283 2999
1762770626783 0.7203050255775452 3299
1762770700554 0.7022680044174194 3599
1762770774031 0.7104382514953613 3899
1762770848615 0.7022861242294312 4199
1762770924145 0.6881776452064514 4499
1762771004323 0.6850132346153259 4799
1762771079458 0.6756702065467834 5099
1762771160046 0.6821301579475403 5399
1762771240465 0.6782424449920654 5699
1762771314753 0.6752011775970459 5999
1762771389529 0.8079960346221924 6299
1762771463996 0.668419599533081 6599
1762771544349 0.6658323407173157 6899
1762771624649 0.6646028757095337 7199
1762771698905 0.663168728351593 7499
1762771779073 0.6607127785682678 7799
1762771853062 0.6579131484031677 8099
1762771929332 0.6627758145332336 8399
1762772004129 0.6595156192779541 8699
1762772084302 0.6570248603820801 8999
1762772158587 0.6474112868309021 9299
1762772235945 0.6461270451545715 9599
1762772310744 0.6418566107749939 9899
1762772391515 0.6505049467086792 10199
1762772465846 0.6451736688613892 10499
1762772546171 0.6454905271530151 10799
1762772626727 0.6390857100486755 11099
1762772701819 0.6484531164169312 11399
1762772782450 0.6362351179122925 11699
1762772856890 0.6477251648902893 11999
1762772937432 0.5979334115982056 12299
1762773015185 0.5947475433349609 12599
1762773095702 0.5933342576026917 12899
1762773174559 0.5906438231468201 13199
1762773251157 0.5895841121673584 13499
1762773325599 0.590019166469574 13799
1762773406126 0.5893501043319702 14099
1762773487552 0.5879172086715698 14399
1762773565774 0.5892195701599121 14699
1762773640488 0.5906429886817932 14999
1762773716235 0.5881491303443909 15299
1762773790414 0.5844281911849976 15599
1762773866154 0.5846524238586426 15899
1762773940335 0.5850693583488464 16199
1762774014332 0.5872774720191956 16499
1762774094543 0.5849583745002747 16799
1762774171816 0.5840335488319397 17099
1762774251881 0.5835737586021423 17399
1762774331971 0.5823974013328552 17699
1762774405926 0.5838488936424255 17999
1762774480552 0.5701037645339966 18299
1762774555232 0.5732020735740662 18599
1762774640814 0.5723764300346375 18899
1762774714591 0.5752096176147461 19199
1762774788649 0.570478081703186 19499
1762774862877 0.5706053972244263 19799
1762774945725 0.5697036981582642 20099
1762775023657 0.5734326839447021 20399
1762775101258 0.5702993273735046 20699
1762775179490 0.5685557723045349 20999
1762775257826 0.569201648235321 21299
1762775336191 0.5669355988502502 21599
1762775414406 0.5690956711769104 21899
1762775492729 0.5695515871047974 22199
1762775571374 0.5666773319244385 22499
1762775649334 0.5670874714851379 22799
1762775730857 0.5685317516326904 23099
1762775812387 0.5665276050567627 23399
1762775890047 0.5662830471992493 23699
1762775968063 0.5662193894386292 23999
1762776050530 0.5675260424613953 24299
1762776132535 0.5653567314147949 24599
1762776214006 0.5657081007957458 24899
1762776296473 0.5676020979881287 25199
1762776377118 0.5662781596183777 25499
1762776454755 0.5675544142723083 25799
1762776536862 0.5678666234016418 26099
1762776614822 0.5679261684417725 26399
1762776692154 0.5669889450073242 26699
1762776766389 0.5674232244491577 26999
1762776842326 0.5695832967758179 27299
1762776916546 0.5651066303253174 27599
