1762769730758 15.346909523010254 299
1762769796569 9.210119247436523 599
1762769862748 8.558065414428711 899
1762769931228 8.342926979064941 1199
1762769996850 7.885832786560059 1499
1762770061914 7.8471221923828125 1799
1762770133407 7.552595615386963 2099
1762770387114 7.19097900390625 2399
1762770473714 7.121366500854492 2699
1762770547471 7.286337852478027 2999
1762770626783 6.937004566192627 3299
1762770700554 6.811641693115234 3599
1762770774031 6.95988130569458 3899
1762770848615 6.508054733276367 4199
1762770924145 6.5316972732543945 4499
1762771004323 6.4672956466674805 4799
1762771079458 6.17154598236084 5099
1762771160046 6.216468811035156 5399
1762771240465 6.277052879333496 5699
1762771314753 6.007871627807617 5999
1762771389529 6.139838218688965 6299
1762771463996 6.008419036865234 6599
1762771544349 5.844142436981201 6899
1762771624649 5.97957706451416 7199
1762771698905 5.957625389099121 7499
1762771779073 5.814933776855469 7799
1762771853062 5.879683494567871 8099
1762771929332 5.961784839630127 8399
1762772004129 5.821303367614746 8699
1762772084302 5.495723247528076 8999
1762772158587 5.5716023445129395 9299
1762772235945 5.411977291107178 9599
1762772310744 5.526208400726318 9899
1762772391515 5.551648139953613 10199
1762772465846 5.595729351043701 10499
1762772546171 5.333507537841797 10799
1762772626727 5.369433879852295 11099
1762772701819 5.269895553588867 11399
1762772782450 5.156946182250977 11699
1762772856890 5.265182018280029 11999
1762772937432 4.8086700439453125 12299
1762773015185 4.539682865142822 12599
1762773095702 4.696808338165283 12899
1762773174559 4.411293029785156 13199
1762773251157 4.48120641708374 13499
1762773325599 4.372251510620117 13799
1762773406126 4.373328685760498 14099
1762773487552 4.390559196472168 14399
1762773565774 4.281826496124268 14699
1762773640488 4.156430721282959 14999
1762773716235 4.43325662612915 15299
1762773790414 4.1937127113342285 15599
1762773866154 4.19221830368042 15899
1762773940335 4.143869400024414 16199
1762774014332 4.230989933013916 16499
1762774094543 4.118114471435547 16799
1762774171816 4.037261009216309 17099
1762774251881 3.9955031871795654 17399
1762774331971 4.05465030670166 17699
1762774405926 3.9501211643218994 17999
1762774480552 3.79398250579834 18299
1762774555232 3.658365249633789 18599
1762774640814 3.775242805480957 18899
1762774714591 3.703101396560669 19199
1762774788649 3.536146640777588 19499
1762774862877 3.6502151489257812 19799
1762774945725 3.679609537124634 20099
1762775023657 3.6451947689056396 20399
1762775101258 3.648160457611084 20699
1762775179490 3.7125697135925293 20999
1762775257826 3.6486077308654785 21299
1762775336191 3.4841501712799072 21599
1762775414406 3.461970806121826 21899
1762775492729 3.3941423892974854 22199
1762775571374 3.5373003482818604 22499
1762775649334 3.4463372230529785 22799
1762775730857 3.588153123855591 23099
1762775812387 3.575542449951172 23399
1762775890047 3.4141738414764404 23699
1762775968063 3.496056079864502 23999
1762776050530 3.438023805618286 24299
1762776132535 3.4972991943359375 24599
1762776214006 3.329007625579834 24899
1762776296473 3.3892226219177246 25199
1762776377118 3.42543888092041 25499
1762776454755 3.2984094619750977 25799
1762776536862 3.389497995376587 26099
1762776614822 3.3333613872528076 26399
1762776692154 3.2468082904815674 26699
1762776766389 3.348381280899048 26999
1762776842326 3.3219666481018066 27299
1762776916546 3.276914119720459 27599
