1762769730758 9.796630859375 299
1762769796569 5.280284881591797 599
1762769862748 4.767323017120361 899
1762769931228 4.56592321395874 1199
1762769996850 4.336854934692383 1499
1762770061914 4.29339075088501 1799
1762770133407 3.994976758956909 2099
1762770387114 3.8707971572875977 2399
1762770473714 3.9142556190490723 2699
1762770547471 3.8667027950286865 2999
1762770626783 3.63999342918396 3299
1762770700554 3.6050405502319336 3599
1762770774031 3.753628969192505 3899
1762770848615 3.5054972171783447 4199
1762770924145 3.4166836738586426 4499
1762771004323 3.4167470932006836 4799
1762771079458 3.2893946170806885 5099
1762771160046 3.3297221660614014 5399
1762771240465 3.303267478942871 5699
1762771314753 3.208650827407837 5999
1762771389529 3.277100086212158 6299
1762771463996 3.22086238861084 6599
1762771544349 3.0961334705352783 6899
1762771624649 3.150271415710449 7199
1762771698905 3.1583964824676514 7499
1762771779073 3.0452003479003906 7799
1762771853062 3.1862967014312744 8099
1762771929332 3.1671884059906006 8399
1762772004129 3.1107325553894043 8699
1762772084302 2.9777491092681885 8999
1762772158587 2.966597557067871 9299
1762772235945 2.8731627464294434 9599
1762772310744 2.926689386367798 9899
1762772391515 2.975865364074707 10199
1762772465846 2.96384859085083 10499
1762772546171 2.8562028408050537 10799
1762772626727 2.83668851852417 11099
1762772701819 2.902014970779419 11399
1762772782450 2.795220136642456 11699
1762772856890 2.851916790008545 11999
1762772937432 2.5388853549957275 12299
1762773015185 2.425018072128296 12599
1762773095702 2.432743787765503 12899
1762773174559 2.3694264888763428 13199
1762773251157 2.404486894607544 13499
1762773325599 2.3090384006500244 13799
1762773406126 2.3527684211730957 14099
1762773487552 2.404832363128662 14399
1762773565774 2.3240275382995605 14699
1762773640488 2.307037353515625 14999
1762773716235 2.3875410556793213 15299
1762773790414 2.3437716960906982 15599
1762773866154 2.3415699005126953 15899
1762773940335 2.269557476043701 16199
1762774014332 2.3410134315490723 16499
1762774094543 2.28285813331604 16799
1762774171816 2.2411458492279053 17099
1762774251881 2.2035722732543945 17399
1762774331971 2.2543680667877197 17699
1762774405926 2.1909844875335693 17999
1762774480552 2.139915704727173 18299
1762774555232 2.073071002960205 18599
1762774640814 2.1087844371795654 18899
1762774714591 2.115149736404419 19199
1762774788649 2.0994415283203125 19499
1762774862877 2.0978918075561523 19799
1762774945725 2.077073574066162 20099
1762775023657 2.138580083847046 20399
1762775101258 2.069732904434204 20699
1762775179490 2.12603759765625 20999
1762775257826 2.0761499404907227 21299
1762775336191 1.976668119430542 21599
1762775414406 1.9735612869262695 21899
1762775492729 1.9746088981628418 22199
1762775571374 2.0439889430999756 22499
1762775649334 1.9995176792144775 22799
1762775730857 2.0791680812835693 23099
1762775812387 2.0696308612823486 23399
1762775890047 2.0391855239868164 23699
1762775968063 2.0883548259735107 23999
1762776050530 2.0568032264709473 24299
1762776132535 2.0520920753479004 24599
1762776214006 1.937477946281433 24899
1762776296473 2.0098955631256104 25199
1762776377118 1.9699195623397827 25499
1762776454755 1.9564781188964844 25799
1762776536862 1.9741941690444946 26099
1762776614822 1.9891021251678467 26399
1762776692154 1.932963252067566 26699
1762776766389 1.9937934875488281 26999
1762776842326 1.9831606149673462 27299
1762776916546 1.9519619941711426 27599
