1762769730758 3.2932968139648438 299
1762769796569 2.1677582263946533 599
1762769862748 2.025160074234009 899
1762769931228 1.9613803625106812 1199
1762769996850 1.8888425827026367 1499
1762770061914 1.8722381591796875 1799
1762770133407 1.8084704875946045 2099
1762770387114 1.7560728788375854 2399
1762770473714 1.7682809829711914 2699
1762770547471 1.7404227256774902 2999
1762770626783 1.722193956375122 3299
1762770700554 1.7054438591003418 3599
1762770774031 1.7098890542984009 3899
1762770848615 1.6848489046096802 4199
1762770924145 1.6508991718292236 4499
1762771004323 1.643593430519104 4799
1762771079458 1.6122232675552368 5099
1762771160046 1.6334904432296753 5399
1762771240465 1.6124683618545532 5699
1762771314753 1.60158371925354 5999
1762771389529 1.7193121910095215 6299
1762771463996 1.5971142053604126 6599
1762771544349 1.576301097869873 6899
1762771624649 1.579581618309021 7199
1762771698905 1.5589033365249634 7499
1762771779073 1.5580302476882935 7799
1762771853062 1.5611659288406372 8099
1762771929332 1.5733416080474854 8399
1762772004129 1.5419538021087646 8699
1762772084302 1.5348074436187744 8999
1762772158587 1.5229973793029785 9299
1762772235945 1.512356162071228 9599
1762772310744 1.5064704418182373 9899
1762772391515 1.5089776515960693 10199
1762772465846 1.5046586990356445 10499
1762772546171 1.5009467601776123 10799
1762772626727 1.4664729833602905 11099
1762772701819 1.482352375984192 11399
1762772782450 1.4703975915908813 11699
1762772856890 1.4714679718017578 11999
1762772937432 1.3788204193115234 12299
1762773015185 1.3535794019699097 12599
1762773095702 1.351803183555603 12899
1762773174559 1.3385957479476929 13199
1762773251157 1.3385009765625 13499
1762773325599 1.324528455734253 13799
1762773406126 1.3230773210525513 14099
1762773487552 1.3216519355773926 14399
1762773565774 1.3110696077346802 14699
1762773640488 1.3138974905014038 14999
1762773716235 1.3088743686676025 15299
1762773790414 1.2915555238723755 15599
1762773866154 1.2995208501815796 15899
1762773940335 1.2889127731323242 16199
1762774014332 1.2883226871490479 16499
1762774094543 1.2817445993423462 16799
1762774171816 1.269028902053833 17099
1762774251881 1.267143964767456 17399
1762774331971 1.2610872983932495 17699
1762774405926 1.2608516216278076 17999
1762774480552 1.2379649877548218 18299
1762774555232 1.225256323814392 18599
1762774640814 1.224122166633606 18899
1762774714591 1.2227940559387207 19199
1762774788649 1.2153077125549316 19499
1762774862877 1.214721441268921 19799
1762774945725 1.2149403095245361 20099
1762775023657 1.2169636487960815 20399
1762775101258 1.210350751876831 20699
1762775179490 1.2040584087371826 20999
1762775257826 1.2050683498382568 21299
1762775336191 1.1972137689590454 21599
1762775414406 1.2020338773727417 21899
1762775492729 1.194530725479126 22199
1762775571374 1.195737600326538 22499
1762775649334 1.1856884956359863 22799
1762775730857 1.194502592086792 23099
1762775812387 1.1912628412246704 23399
1762775890047 1.1889760494232178 23699
1762775968063 1.1884931325912476 23999
1762776050530 1.188754916191101 24299
1762776132535 1.1883338689804077 24599
1762776214006 1.1803877353668213 24899
1762776296473 1.1800907850265503 25199
1762776377118 1.1804062128067017 25499
1762776454755 1.1731219291687012 25799
1762776536862 1.177314043045044 26099
1762776614822 1.181229591369629 26399
1762776692154 1.1722161769866943 26699
1762776766389 1.1703524589538574 26999
1762776842326 1.171115756034851 27299
1762776916546 1.1689642667770386 27599
