1762769730758 2.8028788566589355 299
1762769796569 1.2274500131607056 599
1762769862748 1.032965064048767 899
1762769931228 0.9563100934028625 1199
1762769996850 0.9082853198051453 1499
1762770061914 0.8416170477867126 1799
1762770133407 0.8269098997116089 2099
1762770387114 0.7843895554542542 2399
1762770473714 0.7814319729804993 2699
1762770547471 0.7809250354766846 2999
1762770626783 0.7835829257965088 3299
1762770700554 0.7485187649726868 3599
1762770774031 0.7705084681510925 3899
1762770848615 0.7584173083305359 4199
1762770924145 0.7373617887496948 4499
1762771004323 0.73528653383255 4799
1762771079458 0.721278190612793 5099
1762771160046 0.7353302836418152 5399
1762771240465 0.734050452709198 5699
1762771314753 0.7297976613044739 5999
1762771389529 0.8921759724617004 6299
1762771463996 0.7243231534957886 6599
1762771544349 0.7158280611038208 6899
1762771624649 0.7163841724395752 7199
1762771698905 0.7158799171447754 7499
1762771779073 0.7178523540496826 7799
1762771853062 0.7051024436950684 8099
1762771929332 0.7166991829872131 8399
1762772004129 0.7183974385261536 8699
1762772084302 0.7094320058822632 8999
1762772158587 0.6964361667633057 9299
1762772235945 0.6925652623176575 9599
1762772310744 0.6986972689628601 9899
1762772391515 0.7042193412780762 10199
1762772465846 0.6948621869087219 10499
1762772546171 0.7018586993217468 10799
1762772626727 0.6951375007629395 11099
1762772701819 0.7067174911499023 11399
1762772782450 0.685837984085083 11699
1762772856890 0.705467164516449 11999
1762772937432 0.6279144287109375 12299
1762773015185 0.616746723651886 12599
1762773095702 0.6115930080413818 12899
1762773174559 0.6136573553085327 13199
1762773251157 0.613917350769043 13499
1762773325599 0.6161277890205383 13799
1762773406126 0.611330509185791 14099
1762773487552 0.6121461391448975 14399
1762773565774 0.6106626987457275 14699
1762773640488 0.6129881739616394 14999
1762773716235 0.6145133972167969 15299
1762773790414 0.6070398688316345 15599
1762773866154 0.6100472211837769 15899
1762773940335 0.6094681620597839 16199
1762774014332 0.6113556623458862 16499
1762774094543 0.6089484095573425 16799
1762774171816 0.6111692190170288 17099
1762774251881 0.6107736229896545 17399
1762774331971 0.6059656739234924 17699
1762774405926 0.6088154315948486 17999
1762774480552 0.5917004346847534 18299
1762774555232 0.5921378135681152 18599
1762774640814 0.5914362668991089 18899
1762774714591 0.5931819081306458 19199
1762774788649 0.5909593105316162 19499
1762774862877 0.5890375375747681 19799
1762774945725 0.5894085168838501 20099
1762775023657 0.5921698212623596 20399
1762775101258 0.5904636383056641 20699
1762775179490 0.5903419256210327 20999
1762775257826 0.588503897190094 21299
1762775336191 0.5886489152908325 21599
1762775414406 0.5878066420555115 21899
1762775492729 0.5893669128417969 22199
1762775571374 0.5861771106719971 22499
1762775649334 0.5877895355224609 22799
1762775730857 0.5877384543418884 23099
1762775812387 0.5863820314407349 23399
1762775890047 0.5869185328483582 23699
1762775968063 0.587413489818573 23999
1762776050530 0.5863816738128662 24299
1762776132535 0.5856163501739502 24599
1762776214006 0.5875044465065002 24899
1762776296473 0.5897657871246338 25199
1762776377118 0.5870946049690247 25499
1762776454755 0.5887508392333984 25799
1762776536862 0.5874031186103821 26099
1762776614822 0.5897827744483948 26399
1762776692154 0.5868204832077026 26699
1762776766389 0.587844967842102 26999
1762776842326 0.5886670351028442 27299
1762776916546 0.5875537991523743 27599
