1762769730758 9.282184600830078 299
1762769796569 3.677124500274658 599
1762769862748 3.1483840942382812 899
1762769931228 2.912905693054199 1199
1762769996850 2.760643720626831 1499
1762770061914 2.647329330444336 1799
1762770133407 2.477764129638672 2099
1762770387114 2.3619189262390137 2399
1762770473714 2.4367945194244385 2699
1762770547471 2.3736767768859863 2999
1762770626783 2.226112127304077 3299
1762770700554 2.1997780799865723 3599
1762770774031 2.257122755050659 3899
1762770848615 2.154118537902832 4199
1762770924145 2.106156349182129 4499
1762771004323 2.168734312057495 4799
1762771079458 2.05161190032959 5099
1762771160046 2.0865979194641113 5399
1762771240465 2.0156922340393066 5699
1762771314753 1.9577381610870361 5999
1762771389529 2.035281181335449 6299
1762771463996 1.9757006168365479 6599
1762771544349 1.911661982536316 6899
1762771624649 1.9626539945602417 7199
1762771698905 1.9318240880966187 7499
1762771779073 1.91493558883667 7799
1762771853062 1.9839532375335693 8099
1762771929332 1.9404058456420898 8399
1762772004129 1.8871673345565796 8699
1762772084302 1.8610138893127441 8999
1762772158587 1.8189772367477417 9299
1762772235945 1.7916932106018066 9599
1762772310744 1.8415659666061401 9899
1762772391515 1.9036070108413696 10199
1762772465846 1.8588610887527466 10499
1762772546171 1.7555656433105469 10799
1762772626727 1.7760721445083618 11099
1762772701819 1.8179097175598145 11399
1762772782450 1.7825007438659668 11699
1762772856890 1.8769230842590332 11999
1762772937432 1.6404801607131958 12299
1762773015185 1.5240702629089355 12599
1762773095702 1.5463926792144775 12899
1762773174559 1.5242464542388916 13199
1762773251157 1.5532745122909546 13499
1762773325599 1.4864026308059692 13799
1762773406126 1.5230467319488525 14099
1762773487552 1.5277928113937378 14399
1762773565774 1.5010547637939453 14699
1762773640488 1.5097081661224365 14999
1762773716235 1.5700571537017822 15299
1762773790414 1.539135217666626 15599
1762773866154 1.5378272533416748 15899
1762773940335 1.5090211629867554 16199
1762774014332 1.5508030652999878 16499
1762774094543 1.5174832344055176 16799
1762774171816 1.4764643907546997 17099
1762774251881 1.4612271785736084 17399
1762774331971 1.5090755224227905 17699
1762774405926 1.4936944246292114 17999
1762774480552 1.441260576248169 18299
1762774555232 1.4160728454589844 18599
1762774640814 1.4829210042953491 18899
1762774714591 1.423911213874817 19199
1762774788649 1.4532221555709839 19499
1762774862877 1.3885581493377686 19799
1762774945725 1.4056768417358398 20099
1762775023657 1.4711405038833618 20399
1762775101258 1.4309117794036865 20699
1762775179490 1.4759639501571655 20999
1762775257826 1.3954747915267944 21299
1762775336191 1.3744523525238037 21599
1762775414406 1.3874002695083618 21899
1762775492729 1.3832017183303833 22199
1762775571374 1.3972704410552979 22499
1762775649334 1.4210947751998901 22799
1762775730857 1.4410350322723389 23099
1762775812387 1.4275705814361572 23399
1762775890047 1.4263018369674683 23699
1762775968063 1.4467953443527222 23999
1762776050530 1.4536504745483398 24299
1762776132535 1.4366099834442139 24599
1762776214006 1.3721404075622559 24899
1762776296473 1.4081401824951172 25199
1762776377118 1.3929866552352905 25499
1762776454755 1.4122918844223022 25799
1762776536862 1.4176326990127563 26099
1762776614822 1.4294599294662476 26399
1762776692154 1.373849630355835 26699
1762776766389 1.4248878955841064 26999
1762776842326 1.3986436128616333 27299
1762776916546 1.3897933959960938 27599
