1762769730758 2.292332410812378 299
1762769796569 1.4802693128585815 599
1762769862748 1.3852343559265137 899
1762769931228 1.3404262065887451 1199
1762769996850 1.2913626432418823 1499
1762770061914 1.280332088470459 1799
1762770133407 1.2377583980560303 2099
1762770387114 1.2021268606185913 2399
1762770473714 1.2091692686080933 2699
1762770547471 1.1911537647247314 2999
1762770626783 1.1770451068878174 3299
1762770700554 1.1663576364517212 3599
1762770774031 1.169630527496338 3899
1762770848615 1.1514521837234497 4199
1762770924145 1.1282453536987305 4499
1762771004323 1.1218578815460205 4799
1762771079458 1.1003705263137817 5099
1762771160046 1.1151247024536133 5399
1762771240465 1.1025266647338867 5699
1762771314753 1.0934216976165771 5999
1762771389529 1.1894346475601196 6299
1762771463996 1.0898492336273193 6599
1762771544349 1.0756351947784424 6899
1762771624649 1.0777238607406616 7199
1762771698905 1.064856767654419 7499
1762771779073 1.0633695125579834 7799
1762771853062 1.065598726272583 8099
1762771929332 1.0725576877593994 8399
1762772004129 1.052146315574646 8699
1762772084302 1.046616792678833 8999
1762772158587 1.038840651512146 9299
1762772235945 1.031941294670105 9599
1762772310744 1.0271283388137817 9899
1762772391515 1.0298488140106201 10199
1762772465846 1.0277519226074219 10499
1762772546171 1.022505760192871 10799
1762772626727 1.000137209892273 11099
1762772701819 1.011273980140686 11399
1762772782450 1.0037126541137695 11699
1762772856890 1.0049043893814087 11999
1762772937432 0.9403671622276306 12299
1762773015185 0.9236501455307007 12599
1762773095702 0.9227272272109985 12899
1762773174559 0.913295328617096 13199
1762773251157 0.9133421778678894 13499
1762773325599 0.9031018018722534 13799
1762773406126 0.9031912088394165 14099
1762773487552 0.9015668630599976 14399
1762773565774 0.8951116800308228 14699
1762773640488 0.895582377910614 14999
1762773716235 0.8927971720695496 15299
1762773790414 0.881644070148468 15599
1762773866154 0.8866761326789856 15899
1762773940335 0.8789420127868652 16199
1762774014332 0.8787732720375061 16499
1762774094543 0.8733076453208923 16799
1762774171816 0.8657851815223694 17099
1762774251881 0.8645357489585876 17399
1762774331971 0.8604987859725952 17699
1762774405926 0.8603844046592712 17999
1762774480552 0.8448548913002014 18299
1762774555232 0.836361289024353 18599
1762774640814 0.835747241973877 18899
1762774714591 0.8344979882240295 19199
1762774788649 0.8299990296363831 19499
1762774862877 0.8286212682723999 19799
1762774945725 0.8292244076728821 20099
1762775023657 0.8303762674331665 20399
1762775101258 0.8257343173027039 20699
1762775179490 0.8213834762573242 20999
1762775257826 0.8223373889923096 21299
1762775336191 0.8168959021568298 21599
1762775414406 0.8200734257698059 21899
1762775492729 0.8151177763938904 22199
1762775571374 0.8164449334144592 22499
1762775649334 0.8093926310539246 22799
1762775730857 0.8152020573616028 23099
1762775812387 0.8131774067878723 23399
1762775890047 0.8116142749786377 23699
1762775968063 0.8108315467834473 23999
1762776050530 0.8117236495018005 24299
1762776132535 0.8110603094100952 24599
1762776214006 0.8061293363571167 24899
1762776296473 0.8055968284606934 25199
1762776377118 0.8057022094726562 25499
1762776454755 0.8000336289405823 25799
1762776536862 0.8038584589958191 26099
1762776614822 0.8062251806259155 26399
1762776692154 0.7999702095985413 26699
1762776766389 0.7984965443611145 26999
1762776842326 0.7998104691505432 27299
1762776916546 0.7978810667991638 27599
