1762769730758 15.69450855255127 299
1762769796569 10.588651657104492 599
1762769862748 10.081343650817871 899
1762769931228 10.001558303833008 1199
1762769996850 9.33018970489502 1499
1762770061914 9.314776420593262 1799
1762770133407 9.133428573608398 2099
1762770387114 8.84728717803955 2399
1762770473714 8.749123573303223 2699
1762770547471 8.743057250976562 2999
1762770626783 8.44521427154541 3299
1762770700554 8.379432678222656 3599
1762770774031 8.349934577941895 3899
1762770848615 7.842041015625 4199
1762770924145 8.08879566192627 4499
1762771004323 8.056489944458008 4799
1762771079458 7.644536972045898 5099
1762771160046 7.681604862213135 5399
1762771240465 7.5734381675720215 5699
1762771314753 7.532587051391602 5999
1762771389529 7.4188408851623535 6299
1762771463996 7.429534912109375 6599
1762771544349 7.3017425537109375 6899
1762771624649 7.424047470092773 7199
1762771698905 7.311757564544678 7499
1762771779073 7.225918769836426 7799
1762771853062 7.199107646942139 8099
1762771929332 7.284416198730469 8399
1762772004129 7.082393646240234 8699
1762772084302 6.876006126403809 8999
1762772158587 6.905775547027588 9299
1762772235945 6.746257305145264 9599
1762772310744 6.796685218811035 9899
1762772391515 6.904723167419434 10199
1762772465846 6.937982082366943 10499
1762772546171 6.735360145568848 10799
1762772626727 6.580677032470703 11099
1762772701819 6.6582255363464355 11399
1762772782450 6.490367412567139 11699
1762772856890 6.554990291595459 11999
1762772937432 6.222789287567139 12299
1762773015185 5.804895401000977 12599
1762773095702 5.878871440887451 12899
1762773174559 5.723413467407227 13199
1762773251157 5.765153884887695 13499
1762773325599 5.537569046020508 13799
1762773406126 5.6146416664123535 14099
1762773487552 5.6398138999938965 14399
1762773565774 5.502443313598633 14699
1762773640488 5.331882476806641 14999
1762773716235 5.598505973815918 15299
1762773790414 5.475810527801514 15599
1762773866154 5.495434284210205 15899
1762773940335 5.333709239959717 16199
1762774014332 5.3472065925598145 16499
1762774094543 5.3171000480651855 16799
1762774171816 5.212430953979492 17099
1762774251881 5.136530876159668 17399
1762774331971 5.210005760192871 17699
1762774405926 5.172919750213623 17999
1762774480552 4.957305908203125 18299
1762774555232 4.84502649307251 18599
1762774640814 4.845987319946289 18899
1762774714591 4.8708577156066895 19199
1762774788649 4.624312400817871 19499
1762774862877 4.683635711669922 19799
1762774945725 4.695456027984619 20099
1762775023657 4.683302402496338 20399
1762775101258 4.800436019897461 20699
1762775179490 4.801328182220459 20999
1762775257826 4.749027252197266 21299
1762775336191 4.544013977050781 21599
1762775414406 4.540472030639648 21899
1762775492729 4.54456090927124 22199
1762775571374 4.572608470916748 22499
1762775649334 4.584249019622803 22799
1762775730857 4.674086093902588 23099
1762775812387 4.623836517333984 23399
1762775890047 4.480224609375 23699
1762775968063 4.498954772949219 23999
1762776050530 4.494968891143799 24299
1762776132535 4.60244083404541 24599
1762776214006 4.448574066162109 24899
1762776296473 4.4524126052856445 25199
1762776377118 4.521884918212891 25499
1762776454755 4.300850868225098 25799
1762776536862 4.525594234466553 26099
1762776614822 4.468397617340088 26399
1762776692154 4.410833358764648 26699
1762776766389 4.401482105255127 26999
1762776842326 4.403648853302002 27299
1762776916546 4.361084461212158 27599
