1762769730758 2.953416347503662 299
1762769796569 2.0305495262145996 599
1762769862748 1.903879165649414 899
1762769931228 1.8452907800674438 1199
1762769996850 1.7794158458709717 1499
1762770061914 1.7655776739120483 1799
1762770133407 1.7079746723175049 2099
1762770387114 1.6601996421813965 2399
1762770473714 1.6706137657165527 2699
1762770547471 1.644057273864746 2999
1762770626783 1.6322274208068848 3299
1762770700554 1.6156704425811768 3599
1762770774031 1.6165791749954224 3899
1762770848615 1.5972089767456055 4199
1762770924145 1.5662716627120972 4499
1762771004323 1.5586713552474976 4799
1762771079458 1.5304796695709229 5099
1762771160046 1.55106782913208 5399
1762771240465 1.530797004699707 5699
1762771314753 1.5221400260925293 5999
1762771389529 1.7341656684875488 6299
1762771463996 1.5174812078475952 6599
1762771544349 1.5004674196243286 6899
1762771624649 1.5015861988067627 7199
1762771698905 1.4812649488449097 7499
1762771779073 1.482650637626648 7799
1762771853062 1.4816443920135498 8099
1762771929332 1.4942387342453003 8399
1762772004129 1.4655247926712036 8699
1762772084302 1.4612306356430054 8999
1762772158587 1.4495773315429688 9299
1762772235945 1.4409974813461304 9599
1762772310744 1.4341014623641968 9899
1762772391515 1.4404724836349487 10199
1762772465846 1.4318487644195557 10499
1762772546171 1.429595708847046 10799
1762772626727 1.3971389532089233 11099
1762772701819 1.410800576210022 11399
1762772782450 1.4007807970046997 11699
1762772856890 1.4064909219741821 11999
1762772937432 1.3160295486450195 12299
1762773015185 1.2940224409103394 12599
1762773095702 1.2941935062408447 12899
1762773174559 1.2804362773895264 13199
1762773251157 1.2792166471481323 13499
1762773325599 1.2673060894012451 13799
1762773406126 1.2651804685592651 14099
1762773487552 1.2622791528701782 14399
1762773565774 1.2533352375030518 14699
1762773640488 1.2570937871932983 14999
1762773716235 1.2503137588500977 15299
1762773790414 1.2336174249649048 15599
1762773866154 1.2425243854522705 15899
1762773940335 1.2328259944915771 16199
1762774014332 1.2308363914489746 16499
1762774094543 1.225510835647583 16799
1762774171816 1.2141203880310059 17099
1762774251881 1.2130738496780396 17399
1762774331971 1.2059556245803833 17699
1762774405926 1.2066229581832886 17999
1762774480552 1.1850906610488892 18299
1762774555232 1.1745741367340088 18599
1762774640814 1.172086477279663 18899
1762774714591 1.170120120048523 19199
1762774788649 1.1637063026428223 19499
1762774862877 1.1628254652023315 19799
1762774945725 1.1635736227035522 20099
1762775023657 1.1641696691513062 20399
1762775101258 1.1588919162750244 20699
1762775179490 1.1515271663665771 20999
1762775257826 1.1536539793014526 21299
1762775336191 1.1482371091842651 21599
1762775414406 1.1531654596328735 21899
1762775492729 1.1454426050186157 22199
1762775571374 1.1448278427124023 22499
1762775649334 1.1362018585205078 22799
1762775730857 1.1431546211242676 23099
1762775812387 1.1399388313293457 23399
1762775890047 1.1386922597885132 23699
1762775968063 1.1368166208267212 23999
1762776050530 1.137560486793518 24299
1762776132535 1.1376805305480957 24599
1762776214006 1.1321011781692505 24899
1762776296473 1.1301482915878296 25199
1762776377118 1.1315621137619019 25499
1762776454755 1.1247204542160034 25799
1762776536862 1.1284153461456299 26099
1762776614822 1.131921410560608 26399
1762776692154 1.1244808435440063 26699
1762776766389 1.12050199508667 26999
1762776842326 1.1223864555358887 27299
1762776916546 1.1207925081253052 27599
