1762769730758 3.019008159637451 299
1762769796569 1.9468694925308228 599
1762769862748 1.8208887577056885 899
1762769931228 1.759198784828186 1199
1762769996850 1.715531826019287 1499
1762770061914 1.6722718477249146 1799
1762770133407 1.6418558359146118 2099
1762770387114 1.6027946472167969 2399
1762770473714 1.6008882522583008 2699
1762770547471 1.5805027484893799 2999
1762770626783 1.5765057802200317 3299
1762770700554 1.555206537246704 3599
1762770774031 1.5570718050003052 3899
1762770848615 1.5338218212127686 4199
1762770924145 1.5128923654556274 4499
1762771004323 1.5032079219818115 4799
1762771079458 1.4812586307525635 5099
1762771160046 1.4979568719863892 5399
1762771240465 1.4807788133621216 5699
1762771314753 1.4681659936904907 5999
1762771389529 1.681905746459961 6299
1762771463996 1.4634406566619873 6599
1762771544349 1.4559812545776367 6899
1762771624649 1.4539780616760254 7199
1762771698905 1.4413498640060425 7499
1762771779073 1.435598611831665 7799
1762771853062 1.4391212463378906 8099
1762771929332 1.4389252662658691 8399
1762772004129 1.4246989488601685 8699
1762772084302 1.4202345609664917 8999
1762772158587 1.4101974964141846 9299
1762772235945 1.3979524374008179 9599
1762772310744 1.3916020393371582 9899
1762772391515 1.3974803686141968 10199
1762772465846 1.3924839496612549 10499
1762772546171 1.3858836889266968 10799
1762772626727 1.3661539554595947 11099
1762772701819 1.380903720855713 11399
1762772782450 1.3597662448883057 11699
1762772856890 1.3668482303619385 11999
1762772937432 1.2812764644622803 12299
1762773015185 1.2638797760009766 12599
1762773095702 1.2654469013214111 12899
1762773174559 1.2500569820404053 13199
1762773251157 1.2451207637786865 13499
1762773325599 1.2360997200012207 13799
1762773406126 1.2337620258331299 14099
1762773487552 1.2282334566116333 14399
1762773565774 1.2232390642166138 14699
1762773640488 1.22383713722229 14999
1762773716235 1.2169189453125 15299
1762773790414 1.2068452835083008 15599
1762773866154 1.2104099988937378 15899
1762773940335 1.2016280889511108 16199
1762774014332 1.2012697458267212 16499
1762774094543 1.1925129890441895 16799
1762774171816 1.1869240999221802 17099
1762774251881 1.1862555742263794 17399
1762774331971 1.1832244396209717 17699
1762774405926 1.1818349361419678 17999
1762774480552 1.1536592245101929 18299
1762774555232 1.1463861465454102 18599
1762774640814 1.1420416831970215 18899
1762774714591 1.143132209777832 19199
1762774788649 1.1342213153839111 19499
1762774862877 1.1371450424194336 19799
1762774945725 1.1325963735580444 20099
1762775023657 1.1366435289382935 20399
1762775101258 1.1323221921920776 20699
1762775179490 1.1260219812393188 20999
1762775257826 1.1257926225662231 21299
1762775336191 1.1208269596099854 21599
1762775414406 1.1275955438613892 21899
1762775492729 1.1185985803604126 22199
1762775571374 1.1181395053863525 22499
1762775649334 1.114027738571167 22799
1762775730857 1.116826057434082 23099
1762775812387 1.111732840538025 23399
1762775890047 1.1104577779769897 23699
1762775968063 1.1101495027542114 23999
1762776050530 1.1092586517333984 24299
1762776132535 1.1103276014328003 24599
1762776214006 1.1040394306182861 24899
1762776296473 1.1054980754852295 25199
1762776377118 1.1032824516296387 25499
1762776454755 1.1016992330551147 25799
1762776536862 1.1010212898254395 26099
1762776614822 1.1021381616592407 26399
1762776692154 1.097235918045044 26699
1762776766389 1.0965125560760498 26999
1762776842326 1.0990570783615112 27299
1762776916546 1.0926591157913208 27599
