1762769730758 2.67446231842041 299
1762769796569 1.4349167346954346 599
1762769862748 1.2773261070251465 899
1762769931228 1.2010105848312378 1199
1762769996850 1.1666045188903809 1499
1762770061914 1.1221200227737427 1799
1762770133407 1.0962483882904053 2099
1762770387114 1.0579805374145508 2399
1762770473714 1.0580946207046509 2699
1762770547471 1.0436391830444336 2999
1762770626783 1.0511105060577393 3299
1762770700554 1.0240665674209595 3599
1762770774031 1.0341073274612427 3899
1762770848615 1.0249274969100952 4199
1762770924145 1.0030725002288818 4499
1762771004323 0.9996417164802551 4799
1762771079458 0.986670732498169 5099
1762771160046 0.9960188865661621 5399
1762771240465 0.9907352328300476 5699
1762771314753 0.9858473539352417 5999
1762771389529 1.1697481870651245 6299
1762771463996 0.9761029481887817 6599
1762771544349 0.973547101020813 6899
1762771624649 0.9706133008003235 7199
1762771698905 0.9686610102653503 7499
1762771779073 0.9650797843933105 7799
1762771853062 0.9613319635391235 8099
1762771929332 0.9689873456954956 8399
1762772004129 0.9626368284225464 8699
1762772084302 0.9605752825737 8999
1762772158587 0.9470571875572205 9299
1762772235945 0.94374018907547 9599
1762772310744 0.9374392628669739 9899
1762772391515 0.9504556655883789 10199
1762772465846 0.9426388740539551 10499
1762772546171 0.9427770376205444 10799
1762772626727 0.9345933794975281 11099
1762772701819 0.9479023814201355 11399
1762772782450 0.9289144277572632 11699
1762772856890 0.9471699595451355 11999
1762772937432 0.8731905221939087 12299
1762773015185 0.8681540489196777 12599
1762773095702 0.8660913705825806 12899
1762773174559 0.8621466159820557 13199
1762773251157 0.8609618544578552 13499
1762773325599 0.8614768385887146 13799
1762773406126 0.8605937361717224 14099
1762773487552 0.85817950963974 14399
1762773565774 0.8598129153251648 14699
1762773640488 0.8625641465187073 14999
1762773716235 0.8589405417442322 15299
1762773790414 0.8523843884468079 15599
1762773866154 0.8534538149833679 15899
1762773940335 0.8536397218704224 16199
1762774014332 0.8578076958656311 16499
1762774094543 0.8542578816413879 16799
1762774171816 0.8533480167388916 17099
1762774251881 0.8524205684661865 17399
1762774331971 0.850786030292511 17699
1762774405926 0.8520427346229553 17999
1762774480552 0.8323841691017151 18299
1762774555232 0.8361674547195435 18599
1762774640814 0.8352855443954468 18899
1762774714591 0.8388867974281311 19199
1762774788649 0.8326147794723511 19499
1762774862877 0.8325843811035156 19799
1762774945725 0.8318887948989868 20099
1762775023657 0.8365138173103333 20399
1762775101258 0.8329406976699829 20699
1762775179490 0.8301766514778137 20999
1762775257826 0.8301529288291931 21299
1762775336191 0.8274352550506592 21599
1762775414406 0.8304802775382996 21899
1762775492729 0.8318011164665222 22199
1762775571374 0.8265548944473267 22499
1762775649334 0.8276811838150024 22799
1762775730857 0.8300382494926453 23099
1762775812387 0.8270483613014221 23399
1762775890047 0.8268710970878601 23699
1762775968063 0.8266177177429199 23999
1762776050530 0.8287288546562195 24299
1762776132535 0.8249199986457825 24599
1762776214006 0.8246874809265137 24899
1762776296473 0.828463077545166 25199
1762776377118 0.8260927796363831 25499
1762776454755 0.8285651206970215 25799
1762776536862 0.8289386034011841 26099
1762776614822 0.8285950422286987 26399
1762776692154 0.8275490403175354 26699
1762776766389 0.8279025554656982 26999
1762776842326 0.8309748768806458 27299
1762776916546 0.8250407576560974 27599
