1762769730758 7.643544673919678 299
1762769796569 1.7715320587158203 599
1762769862748 1.2013115882873535 899
1762769931228 0.9039034247398376 1199
1762769996850 0.8692428469657898 1499
1762770061914 0.6937452554702759 1799
1762770133407 0.6847110390663147 2099
1762770387114 0.5850479006767273 2399
1762770473714 0.5996047258377075 2699
1762770547471 0.6125186681747437 2999
1762770626783 0.5727937817573547 3299
1762770700554 0.5458017587661743 3599
1762770774031 0.5678904056549072 3899
1762770848615 0.5289736390113831 4199
1762770924145 0.5132133960723877 4499
1762771004323 0.5307984352111816 4799
1762771079458 0.49672794342041016 5099
1762771160046 0.5209901928901672 5399
1762771240465 0.4888140559196472 5699
1762771314753 0.521490752696991 5999
1762771389529 0.5034168362617493 6299
1762771463996 0.48839911818504333 6599
1762771544349 0.4639216363430023 6899
1762771624649 0.5116886496543884 7199
1762771698905 0.49349167943000793 7499
1762771779073 0.49783429503440857 7799
1762771853062 0.4826239347457886 8099
1762771929332 0.5062576532363892 8399
1762772004129 0.4628956615924835 8699
1762772084302 0.46306753158569336 8999
1762772158587 0.43404680490493774 9299
1762772235945 0.43666061758995056 9599
1762772310744 0.46514785289764404 9899
1762772391515 0.48384958505630493 10199
1762772465846 0.46075689792633057 10499
1762772546171 0.45009657740592957 10799
1762772626727 0.46315914392471313 11099
1762772701819 0.4545977711677551 11399
1762772782450 0.4253564774990082 11699
1762772856890 0.47538599371910095 11999
1762772937432 0.35124146938323975 12299
1762773015185 0.3307449221611023 12599
1762773095702 0.327311247587204 12899
1762773174559 0.3296672999858856 13199
1762773251157 0.34325456619262695 13499
1762773325599 0.33844733238220215 13799
1762773406126 0.3358093798160553 14099
1762773487552 0.34938451647758484 14399
1762773565774 0.3370805084705353 14699
1762773640488 0.3252965211868286 14999
1762773716235 0.3567664921283722 15299
1762773790414 0.3338809013366699 15599
1762773866154 0.33763599395751953 15899
1762773940335 0.3283226788043976 16199
1762774014332 0.3265056908130646 16499
1762774094543 0.33266934752464294 16799
1762774171816 0.33037760853767395 17099
1762774251881 0.3420554995536804 17399
1762774331971 0.3301438093185425 17699
1762774405926 0.32826241850852966 17999
1762774480552 0.3102867901325226 18299
1762774555232 0.31886720657348633 18599
1762774640814 0.33061695098876953 18899
1762774714591 0.31042909622192383 19199
1762774788649 0.31614476442337036 19499
1762774862877 0.3081839680671692 19799
1762774945725 0.30775341391563416 20099
1762775023657 0.31957483291625977 20399
1762775101258 0.31853431463241577 20699
1762775179490 0.32032838463783264 20999
1762775257826 0.3102923035621643 21299
1762775336191 0.3042149245738983 21599
1762775414406 0.3028038442134857 21899
1762775492729 0.3143416941165924 22199
1762775571374 0.30623215436935425 22499
1762775649334 0.3138188421726227 22799
1762775730857 0.31618818640708923 23099
1762775812387 0.31138116121292114 23399
1762775890047 0.30511578917503357 23699
1762775968063 0.31119221448898315 23999
1762776050530 0.31361013650894165 24299
1762776132535 0.311477392911911 24599
1762776214006 0.3029816150665283 24899
1762776296473 0.3084029257297516 25199
1762776377118 0.32020124793052673 25499
1762776454755 0.30883392691612244 25799
1762776536862 0.3106161057949066 26099
1762776614822 0.3098042607307434 26399
1762776692154 0.31129541993141174 26699
1762776766389 0.3167453706264496 26999
1762776842326 0.32111862301826477 27299
1762776916546 0.31709444522857666 27599
