1762769730758 3.36181378364563 299
1762769796569 2.0815370082855225 599
1762769862748 1.9410611391067505 899
1762769931228 1.8740355968475342 1199
1762769996850 1.8245160579681396 1499
1762770061914 1.77774178981781 1799
1762770133407 1.7433925867080688 2099
1762770387114 1.6992188692092896 2399
1762770473714 1.6979060173034668 2699
1762770547471 1.67734956741333 2999
1762770626783 1.6684249639511108 3299
1762770700554 1.6461390256881714 3599
1762770774031 1.6492780447006226 3899
1762770848615 1.6208269596099854 4199
1762770924145 1.5991193056106567 4499
1762771004323 1.5899474620819092 4799
1762771079458 1.5635994672775269 5099
1762771160046 1.5811446905136108 5399
1762771240465 1.5632151365280151 5699
1762771314753 1.5479923486709595 5999
1762771389529 1.6863490343093872 6299
1762771463996 1.543835163116455 6599
1762771544349 1.533589243888855 6899
1762771624649 1.5337116718292236 7199
1762771698905 1.5199635028839111 7499
1762771779073 1.5126278400421143 7799
1762771853062 1.5175566673278809 8099
1762771929332 1.518660306930542 8399
1762772004129 1.5014469623565674 8699
1762772084302 1.4939073324203491 8999
1762772158587 1.4839675426483154 9299
1762772235945 1.4701015949249268 9599
1762772310744 1.4649239778518677 9899
1762772391515 1.4674922227859497 10199
1762772465846 1.4669582843780518 10499
1762772546171 1.4579137563705444 10799
1762772626727 1.4367183446884155 11099
1762772701819 1.4520784616470337 11399
1762772782450 1.4294534921646118 11699
1762772856890 1.4346760511398315 11999
1762772937432 1.3451498746871948 12299
1762773015185 1.3240997791290283 12599
1762773095702 1.3247891664505005 12899
1762773174559 1.309391975402832 13199
1762773251157 1.305190920829773 13499
1762773325599 1.2942588329315186 13799
1762773406126 1.292427659034729 14099
1762773487552 1.2875322103500366 14399
1762773565774 1.281252384185791 14699
1762773640488 1.2803425788879395 14999
1762773716235 1.2759817838668823 15299
1762773790414 1.2643080949783325 15599
1762773866154 1.2674450874328613 15899
1762773940335 1.2578641176223755 16199
1762774014332 1.2585617303848267 16499
1762774094543 1.248687982559204 16799
1762774171816 1.2416870594024658 17099
1762774251881 1.2405258417129517 17399
1762774331971 1.238372802734375 17699
1762774405926 1.2360121011734009 17999
1762774480552 1.2062389850616455 18299
1762774555232 1.1974049806594849 18599
1762774640814 1.1941112279891968 18899
1762774714591 1.1947449445724487 19199
1762774788649 1.1844593286514282 19499
1762774862877 1.1880546808242798 19799
1762774945725 1.1834455728530884 20099
1762775023657 1.1878727674484253 20399
1762775101258 1.1835561990737915 20699
1762775179490 1.1775990724563599 20999
1762775257826 1.1764066219329834 21299
1762775336191 1.1696324348449707 21599
1762775414406 1.1764214038848877 21899
1762775492729 1.1670843362808228 22199
1762775571374 1.167801022529602 22499
1762775649334 1.1632144451141357 22799
1762775730857 1.167306900024414 23099
1762775812387 1.161848783493042 23399
1762775890047 1.1593213081359863 23699
1762775968063 1.1598042249679565 23999
1762776050530 1.1587255001068115 24299
1762776132535 1.1597437858581543 24599
1762776214006 1.151631236076355 24899
1762776296473 1.1540400981903076 25199
1762776377118 1.1516649723052979 25499
1762776454755 1.1489622592926025 25799
1762776536862 1.1496309041976929 26099
1762776614822 1.1505004167556763 26399
1762776692154 1.1443437337875366 26699
1762776766389 1.1449486017227173 26999
1762776842326 1.1469463109970093 27299
1762776916546 1.139831304550171 27599
