1762769730758 2.6494297981262207 299
1762769796569 1.1836365461349487 599
1762769862748 1.0006227493286133 899
1762769931228 0.9305063486099243 1199
1762769996850 0.8831939101219177 1499
1762770061914 0.8207180500030518 1799
1762770133407 0.8057800531387329 2099
1762770387114 0.7666652202606201 2399
1762770473714 0.7630065083503723 2699
1762770547471 0.7621213793754578 2999
1762770626783 0.7655926942825317 3299
1762770700554 0.7310660481452942 3599
1762770774031 0.7529439330101013 3899
1762770848615 0.7413445711135864 4199
1762770924145 0.7206984162330627 4499
1762771004323 0.718154788017273 4799
1762771079458 0.7055250406265259 5099
1762771160046 0.7184397578239441 5399
1762771240465 0.7186675071716309 5699
1762771314753 0.713986873626709 5999
1762771389529 0.8749910593032837 6299
1762771463996 0.7076699137687683 6599
1762771544349 0.7005965113639832 6899
1762771624649 0.6996548175811768 7199
1762771698905 0.6999503970146179 7499
1762771779073 0.7009745240211487 7799
1762771853062 0.6896849274635315 8099
1762771929332 0.7000106573104858 8399
1762772004129 0.7034465074539185 8699
1762772084302 0.6945067644119263 8999
1762772158587 0.6819493770599365 9299
1762772235945 0.6777662634849548 9599
1762772310744 0.6832311749458313 9899
1762772391515 0.6892459988594055 10199
1762772465846 0.6789902448654175 10499
1762772546171 0.6860759854316711 10799
1762772626727 0.6799541115760803 11099
1762772701819 0.6915110349655151 11399
1762772782450 0.6711340546607971 11699
1762772856890 0.690299928188324 11999
1762772937432 0.615659236907959 12299
1762773015185 0.6050578355789185 12599
1762773095702 0.6002203822135925 12899
1762773174559 0.6020316481590271 13199
1762773251157 0.6019406318664551 13499
1762773325599 0.6044619679450989 13799
1762773406126 0.5997489094734192 14099
1762773487552 0.6000149250030518 14399
1762773565774 0.5987317562103271 14699
1762773640488 0.6014032959938049 14999
1762773716235 0.6023802757263184 15299
1762773790414 0.5953288078308105 15599
1762773866154 0.598069429397583 15899
1762773940335 0.597722589969635 16199
1762774014332 0.5994858145713806 16499
1762774094543 0.597358763217926 16799
1762774171816 0.5996456742286682 17099
1762774251881 0.5989689230918884 17399
1762774331971 0.5941017270088196 17699
1762774405926 0.5972760319709778 17999
1762774480552 0.5806624293327332 18299
1762774555232 0.5810295343399048 18599
1762774640814 0.5800283551216125 18899
1762774714591 0.5818964838981628 19199
1762774788649 0.5798655152320862 19499
1762774862877 0.5781030058860779 19799
1762774945725 0.5783716440200806 20099
1762775023657 0.5810532569885254 20399
1762775101258 0.579258143901825 20699
1762775179490 0.5790755748748779 20999
1762775257826 0.577544629573822 21299
1762775336191 0.5777695178985596 21599
1762775414406 0.5769959688186646 21899
1762775492729 0.578503429889679 22199
1762775571374 0.5752764940261841 22499
1762775649334 0.5768560767173767 22799
1762775730857 0.5764370560646057 23099
1762775812387 0.5752083659172058 23399
1762775890047 0.5760948657989502 23699
1762775968063 0.5762469172477722 23999
1762776050530 0.575068473815918 24299
1762776132535 0.5746296644210815 24599
1762776214006 0.5766386389732361 24899
1762776296473 0.5788825750350952 25199
1762776377118 0.5757983922958374 25499
1762776454755 0.5777878165245056 25799
1762776536862 0.5762598514556885 26099
1762776614822 0.5787818431854248 26399
1762776692154 0.5757657885551453 26699
1762776766389 0.5765337944030762 26999
1762776842326 0.5773540139198303 27299
1762776916546 0.5763550996780396 27599
