1762769730758 13.180215835571289 299
1762769796569 5.189387321472168 599
1762769862748 4.428904056549072 899
1762769931228 4.0670294761657715 1199
1762769996850 3.848090171813965 1499
1762770061914 3.6599318981170654 1799
1762770133407 3.4412002563476562 2099
1762770387114 3.242877244949341 2399
1762770473714 3.3656113147735596 2699
1762770547471 3.2893450260162354 2999
1762770626783 3.0792031288146973 3299
1762770700554 3.0301759243011475 3599
1762770774031 3.1348607540130615 3899
1762770848615 2.986368417739868 4199
1762770924145 2.9160847663879395 4499
1762771004323 3.003427028656006 4799
1762771079458 2.841865062713623 5099
1762771160046 2.888341188430786 5399
1762771240465 2.77521014213562 5699
1762771314753 2.714496374130249 5999
1762771389529 2.8077454566955566 6299
1762771463996 2.7327942848205566 6599
1762771544349 2.62314772605896 6899
1762771624649 2.718581199645996 7199
1762771698905 2.6708641052246094 7499
1762771779073 2.647456169128418 7799
1762771853062 2.732409954071045 8099
1762771929332 2.6812033653259277 8399
1762772004129 2.5960607528686523 8699
1762772084302 2.569507360458374 8999
1762772158587 2.5034632682800293 9299
1762772235945 2.4715094566345215 9599
1762772310744 2.536931276321411 9899
1762772391515 2.6196486949920654 10199
1762772465846 2.5550220012664795 10499
1762772546171 2.409311532974243 10799
1762772626727 2.444822072982788 11099
1762772701819 2.512716770172119 11399
1762772782450 2.450953483581543 11699
1762772856890 2.5824639797210693 11999
1762772937432 2.2459213733673096 12299
1762773015185 2.085263967514038 12599
1762773095702 2.1093943119049072 12899
1762773174559 2.0911169052124023 13199
1762773251157 2.1306824684143066 13499
1762773325599 2.0358457565307617 13799
1762773406126 2.0774717330932617 14099
1762773487552 2.094634532928467 14399
1762773565774 2.047835111618042 14699
1762773640488 2.0695672035217285 14999
1762773716235 2.1520440578460693 15299
1762773790414 2.104630947113037 15599
1762773866154 2.0880093574523926 15899
1762773940335 2.0544774532318115 16199
1762774014332 2.134023427963257 16499
1762774094543 2.0852789878845215 16799
1762774171816 2.0211715698242188 17099
1762774251881 1.99874746799469 17399
1762774331971 2.0660319328308105 17699
1762774405926 2.062384843826294 17999
1762774480552 1.971371054649353 18299
1762774555232 1.921718716621399 18599
1762774640814 2.030661106109619 18899
1762774714591 1.938983678817749 19199
1762774788649 1.9922338724136353 19499
1762774862877 1.9064233303070068 19799
1762774945725 1.919890284538269 20099
1762775023657 2.024549722671509 20399
1762775101258 1.9657938480377197 20699
1762775179490 2.0238208770751953 20999
1762775257826 1.9002469778060913 21299
1762775336191 1.8838838338851929 21599
1762775414406 1.8975203037261963 21899
1762775492729 1.88921320438385 22199
1762775571374 1.908907413482666 22499
1762775649334 1.946314811706543 22799
1762775730857 1.9788081645965576 23099
1762775812387 1.9560778141021729 23399
1762775890047 1.9392002820968628 23699
1762775968063 1.9841657876968384 23999
1762776050530 1.9814233779907227 24299
1762776132535 1.9650349617004395 24599
1762776214006 1.8761472702026367 24899
1762776296473 1.9112969636917114 25199
1762776377118 1.8993242979049683 25499
1762776454755 1.9272817373275757 25799
1762776536862 1.9444963932037354 26099
1762776614822 1.9603312015533447 26399
1762776692154 1.886592149734497 26699
1762776766389 1.9399094581604004 26999
1762776842326 1.904469609260559 27299
1762776916546 1.8871954679489136 27599
