1762769730758 2.109282970428467 299
1762769796569 1.3261375427246094 599
1762769862748 1.2424826622009277 899
1762769931228 1.1989359855651855 1199
1762769996850 1.1703341007232666 1499
1762770061914 1.1409927606582642 1799
1762770133407 1.1197280883789062 2099
1762770387114 1.09281325340271 2399
1762770473714 1.0914349555969238 2699
1762770547471 1.0774407386779785 2999
1762770626783 1.073979139328003 3299
1762770700554 1.0599919557571411 3599
1762770774031 1.0621918439865112 3899
1762770848615 1.045006513595581 4199
1762770924145 1.0311431884765625 4499
1762771004323 1.0228705406188965 4799
1762771079458 1.0085455179214478 5099
1762771160046 1.0193474292755127 5399
1762771240465 1.008180022239685 5699
1762771314753 0.9997228384017944 5999
1762771389529 1.1559633016586304 6299
1762771463996 0.9951888918876648 6599
1762771544349 0.9907627105712891 6899
1762771624649 0.9889591336250305 7199
1762771698905 0.98106849193573 7499
1762771779073 0.9769100546836853 7799
1762771853062 0.9792794585227966 8099
1762771929332 0.9787153601646423 8399
1762772004129 0.96937096118927 8699
1762772084302 0.966127872467041 8999
1762772158587 0.9593093991279602 9299
1762772235945 0.9514197111129761 9599
1762772310744 0.9465903043746948 9899
1762772391515 0.9509390592575073 10199
1762772465846 0.9480161666870117 10499
1762772546171 0.9424757361412048 10799
1762772626727 0.9290341138839722 11099
1762772701819 0.9389631748199463 11399
1762772782450 0.9252368807792664 11699
1762772856890 0.9300188422203064 11999
1762772937432 0.8720206022262573 12299
1762773015185 0.8603013157844543 12599
1762773095702 0.8614158034324646 12899
1762773174559 0.8507409691810608 13199
1762773251157 0.8475669622421265 13499
1762773325599 0.8406397700309753 13799
1762773406126 0.8397778272628784 14099
1762773487552 0.8359710574150085 14399
1762773565774 0.8329722881317139 14699
1762773640488 0.8324413895606995 14999
1762773716235 0.8279714584350586 15299
1762773790414 0.8216919302940369 15599
1762773866154 0.8240825533866882 15899
1762773940335 0.817878246307373 16199
1762774014332 0.8174914717674255 16499
1762774094543 0.8112914562225342 16799
1762774171816 0.8079497814178467 17099
1762774251881 0.807219922542572 17399
1762774331971 0.8051701188087463 17699
1762774405926 0.8041835427284241 17999
1762774480552 0.7852973341941833 18299
1762774555232 0.7808918952941895 18599
1762774640814 0.7773991823196411 18899
1762774714591 0.7784788012504578 19199
1762774788649 0.7725924849510193 19499
1762774862877 0.7742343544960022 19799
1762774945725 0.7710945010185242 20099
1762775023657 0.7740074992179871 20399
1762775101258 0.7709753513336182 20699
1762775179490 0.766452968120575 20999
1762775257826 0.7664510607719421 21299
1762775336191 0.7634010314941406 21599
1762775414406 0.7679169178009033 21899
1762775492729 0.7614652514457703 22199
1762775571374 0.761648952960968 22499
1762775649334 0.7586003541946411 22799
1762775730857 0.7605984807014465 23099
1762775812387 0.7569669485092163 23399
1762775890047 0.7564547657966614 23699
1762775968063 0.7558809518814087 23999
1762776050530 0.7553166151046753 24299
1762776132535 0.7560451626777649 24599
1762776214006 0.7523731589317322 24899
1762776296473 0.7527668476104736 25199
1762776377118 0.7514138221740723 25499
1762776454755 0.750171422958374 25799
1762776536862 0.7499424815177917 26099
1762776614822 0.7503941059112549 26399
1762776692154 0.7471998333930969 26699
1762776766389 0.7468529939651489 26999
1762776842326 0.7486249804496765 27299
1762776916546 0.7440304756164551 27599
