1762769730758 2.547936201095581 299
1762769796569 1.7010306119918823 599
1762769862748 1.6460665464401245 899
1762769931228 1.625766396522522 1199
1762769996850 1.6042252779006958 1499
1762770061914 1.560175895690918 1799
1762770133407 1.5419535636901855 2099
1762770387114 1.5204055309295654 2399
1762770473714 1.5056957006454468 2699
1762770547471 1.4933279752731323 2999
1762770626783 1.4949381351470947 3299
1762770700554 1.4721916913986206 3599
1762770774031 1.4645720720291138 3899
1762770848615 1.4433897733688354 4199
1762770924145 1.442713737487793 4499
1762771004323 1.4251353740692139 4799
1762771079458 1.4094549417495728 5099
1762771160046 1.4112772941589355 5399
1762771240465 1.3961594104766846 5699
1762771314753 1.389015793800354 5999
1762771389529 1.4879099130630493 6299
1762771463996 1.3752405643463135 6599
1762771544349 1.3762779235839844 6899
1762771624649 1.3707767724990845 7199
1762771698905 1.361146092414856 7499
1762771779073 1.355517029762268 7799
1762771853062 1.3627026081085205 8099
1762771929332 1.3496843576431274 8399
1762772004129 1.3431346416473389 8699
1762772084302 1.3323025703430176 8999
1762772158587 1.3316402435302734 9299
1762772235945 1.3108307123184204 9599
1762772310744 1.3036630153656006 9899
1762772391515 1.3058828115463257 10199
1762772465846 1.3174329996109009 10499
1762772546171 1.3034874200820923 10799
1762772626727 1.2841341495513916 11099
1762772701819 1.299432635307312 11399
1762772782450 1.2702221870422363 11699
1762772856890 1.2722687721252441 11999
1762772937432 1.2178488969802856 12299
1762773015185 1.1964207887649536 12599
1762773095702 1.2021774053573608 12899
1762773174559 1.180121898651123 13199
1762773251157 1.1791738271713257 13499
1762773325599 1.1546062231063843 13799
1762773406126 1.1564621925354004 14099
1762773487552 1.153367280960083 14399
1762773565774 1.1428989171981812 14699
1762773640488 1.1387218236923218 14999
1762773716235 1.1405811309814453 15299
1762773790414 1.1327416896820068 15599
1762773866154 1.1333767175674438 15899
1762773940335 1.1188462972640991 16199
1762774014332 1.1143624782562256 16499
1762774094543 1.1058928966522217 16799
1762774171816 1.1040480136871338 17099
1762774251881 1.1014331579208374 17399
1762774331971 1.0979090929031372 17699
1762774405926 1.0954102277755737 17999
1762774480552 1.0700284242630005 18299
1762774555232 1.0567128658294678 18599
1762774640814 1.0532277822494507 18899
1762774714591 1.0542141199111938 19199
1762774788649 1.0412718057632446 19499
1762774862877 1.0515857934951782 19799
1762774945725 1.039086103439331 20099
1762775023657 1.0484428405761719 20399
1762775101258 1.044510841369629 20699
1762775179490 1.0395317077636719 20999
1762775257826 1.0360021591186523 21299
1762775336191 1.0299783945083618 21599
1762775414406 1.035085678100586 21899
1762775492729 1.0242252349853516 22199
1762775571374 1.0248910188674927 22499
1762775649334 1.0241060256958008 22799
1762775730857 1.0233268737792969 23099
1762775812387 1.015994668006897 23399
1762775890047 1.0134215354919434 23699
1762775968063 1.0108463764190674 23999
1762776050530 1.0131080150604248 24299
1762776132535 1.0206135511398315 24599
1762776214006 1.010274887084961 24899
1762776296473 1.0072431564331055 25199
1762776377118 1.0084625482559204 25499
1762776454755 1.0041617155075073 25799
1762776536862 1.0065547227859497 26099
1762776614822 1.001579999923706 26399
1762776692154 1.0003381967544556 26699
1762776766389 1.0013103485107422 26999
1762776842326 0.9993712902069092 27299
1762776916546 0.9957805871963501 27599
