1762769730758 14.068107604980469 299
1762769796569 7.565059185028076 599
1762769862748 6.830763339996338 899
1762769931228 6.510192394256592 1199
1762769996850 6.176174640655518 1499
1762770061914 6.076266288757324 1799
1762770133407 5.652005672454834 2099
1762770387114 5.469534873962402 2399
1762770473714 5.536794185638428 2699
1762770547471 5.461246013641357 2999
1762770626783 5.119311809539795 3299
1762770700554 5.069209575653076 3599
1762770774031 5.296911239624023 3899
1762770848615 4.95985746383667 4199
1762770924145 4.8057780265808105 4499
1762771004323 4.839184761047363 4799
1762771079458 4.6281938552856445 5099
1762771160046 4.698526382446289 5399
1762771240465 4.6387410163879395 5699
1762771314753 4.540190696716309 5999
1762771389529 4.635365962982178 6299
1762771463996 4.5401611328125 6599
1762771544349 4.367326736450195 6899
1762771624649 4.420485019683838 7199
1762771698905 4.444643020629883 7499
1762771779073 4.29751443862915 7799
1762771853062 4.519367218017578 8099
1762771929332 4.4918975830078125 8399
1762772004129 4.382798671722412 8699
1762772084302 4.215939044952393 8999
1762772158587 4.184884071350098 9299
1762772235945 4.0424723625183105 9599
1762772310744 4.139707565307617 9899
1762772391515 4.217112064361572 10199
1762772465846 4.190228462219238 10499
1762772546171 4.026052951812744 10799
1762772626727 4.005929946899414 11099
1762772701819 4.090084075927734 11399
1762772782450 3.935948610305786 11699
1762772856890 4.024125576019287 11999
1762772937432 3.5640902519226074 12299
1762773015185 3.380110025405884 12599
1762773095702 3.3951985836029053 12899
1762773174559 3.3213717937469482 13199
1762773251157 3.364313840866089 13499
1762773325599 3.213632345199585 13799
1762773406126 3.318417549133301 14099
1762773487552 3.360140323638916 14399
1762773565774 3.2320427894592285 14699
1762773640488 3.2396838665008545 14999
1762773716235 3.356476068496704 15299
1762773790414 3.2646589279174805 15599
1762773866154 3.2917208671569824 15899
1762773940335 3.180490732192993 16199
1762774014332 3.291753053665161 16499
1762774094543 3.1953744888305664 16799
1762774171816 3.1339609622955322 17099
1762774251881 3.068650245666504 17399
1762774331971 3.159130811691284 17699
1762774405926 3.0592901706695557 17999
1762774480552 3.000196695327759 18299
1762774555232 2.9107277393341064 18599
1762774640814 2.9318063259124756 18899
1762774714591 2.9635937213897705 19199
1762774788649 2.9217369556427 19499
1762774862877 2.925863742828369 19799
1762774945725 2.8968453407287598 20099
1762775023657 2.9807591438293457 20399
1762775101258 2.9047412872314453 20699
1762775179490 2.9596705436706543 20999
1762775257826 2.9067513942718506 21299
1762775336191 2.74338436126709 21599
1762775414406 2.7410571575164795 21899
1762775492729 2.7643344402313232 22199
1762775571374 2.8570163249969482 22499
1762775649334 2.787522315979004 22799
1762775730857 2.908277750015259 23099
1762775812387 2.8915493488311768 23399
1762775890047 2.85146164894104 23699
1762775968063 2.940960645675659 23999
1762776050530 2.8530824184417725 24299
1762776132535 2.8691983222961426 24599
1762776214006 2.689387083053589 24899
1762776296473 2.8027358055114746 25199
1762776377118 2.7387006282806396 25499
1762776454755 2.72011137008667 25799
1762776536862 2.7513515949249268 26099
1762776614822 2.77803373336792 26399
1762776692154 2.6771786212921143 26699
1762776766389 2.7870140075683594 26999
1762776842326 2.7620065212249756 27299
1762776916546 2.7230260372161865 27599
