1762769730758 10.760414123535156 299
1762769796569 2.4581260681152344 599
1762769862748 1.6155855655670166 899
1762769931228 1.1923006772994995 1199
1762769996850 1.1439303159713745 1499
1762770061914 0.8967903256416321 1799
1762770133407 0.879158079624176 2099
1762770387114 0.7398865818977356 2399
1762770473714 0.7735556960105896 2699
1762770547471 0.7908372282981873 2999
1762770626783 0.7270268797874451 3299
1762770700554 0.6974980235099792 3599
1762770774031 0.7213990688323975 3899
1762770848615 0.6803345084190369 4199
1762770924145 0.6571394205093384 4499
1762771004323 0.6807184219360352 4799
1762771079458 0.6316083669662476 5099
1762771160046 0.6672515869140625 5399
1762771240465 0.6194130182266235 5699
1762771314753 0.661514401435852 5999
1762771389529 0.6469549536705017 6299
1762771463996 0.6234487891197205 6599
1762771544349 0.5859571695327759 6899
1762771624649 0.6622356176376343 7199
1762771698905 0.6288177967071533 7499
1762771779073 0.6400442123413086 7799
1762771853062 0.6218489408493042 8099
1762771929332 0.6510946154594421 8399
1762772004129 0.5868996381759644 8699
1762772084302 0.5980586409568787 8999
1762772158587 0.5471512675285339 9299
1762772235945 0.5510715842247009 9599
1762772310744 0.5999043583869934 9899
1762772391515 0.6180254817008972 10199
1762772465846 0.581153392791748 10499
1762772546171 0.5682612061500549 10799
1762772626727 0.5901844501495361 11099
1762772701819 0.579792320728302 11399
1762772782450 0.5382826924324036 11699
1762772856890 0.6038152575492859 11999
1762772937432 0.4401102364063263 12299
1762773015185 0.41767454147338867 12599
1762773095702 0.4196148216724396 12899
1762773174559 0.419619619846344 13199
1762773251157 0.437608540058136 13499
1762773325599 0.4339422881603241 13799
1762773406126 0.4232250452041626 14099
1762773487552 0.45174434781074524 14399
1762773565774 0.42722615599632263 14699
1762773640488 0.4082792103290558 14999
1762773716235 0.45914822816848755 15299
1762773790414 0.43089911341667175 15599
1762773866154 0.4342983663082123 15899
1762773940335 0.42223864793777466 16199
1762774014332 0.41383638978004456 16499
1762774094543 0.4241991937160492 16799
1762774171816 0.41931062936782837 17099
1762774251881 0.4371723234653473 17399
1762774331971 0.4199352264404297 17699
1762774405926 0.41643232107162476 17999
1762774480552 0.3954445719718933 18299
1762774555232 0.40780550241470337 18599
1762774640814 0.42245933413505554 18899
1762774714591 0.39279115200042725 19199
1762774788649 0.3977698087692261 19499
1762774862877 0.39030420780181885 19799
1762774945725 0.3936469852924347 20099
1762775023657 0.4085274934768677 20399
1762775101258 0.40927326679229736 20699
1762775179490 0.4062790870666504 20999
1762775257826 0.39098304510116577 21299
1762775336191 0.3887229561805725 21599
1762775414406 0.39082595705986023 21899
1762775492729 0.39726829528808594 22199
1762775571374 0.39229628443717957 22499
1762775649334 0.4000351130962372 22799
1762775730857 0.40541037917137146 23099
1762775812387 0.3913629651069641 23399
1762775890047 0.3924368619918823 23699
1762775968063 0.39571934938430786 23999
1762776050530 0.39808371663093567 24299
1762776132535 0.3971090316772461 24599
1762776214006 0.3807540833950043 24899
1762776296473 0.39297500252723694 25199
1762776377118 0.412782222032547 25499
1762776454755 0.39561858773231506 25799
1762776536862 0.39281824231147766 26099
1762776614822 0.39527416229248047 26399
1762776692154 0.3989654779434204 26699
1762776766389 0.399591863155365 26999
1762776842326 0.4088272154331207 27299
1762776916546 0.40841972827911377 27599
