1762769730758 3.267115354537964 299
1762769796569 1.8498914241790771 599
1762769862748 1.6724190711975098 899
1762769931228 1.5839118957519531 1199
1762769996850 1.536577582359314 1499
1762770061914 1.4986510276794434 1799
1762770133407 1.444227695465088 2099
1762770387114 1.4034096002578735 2399
1762770473714 1.4059181213378906 2699
1762770547471 1.371059536933899 2999
1762770626783 1.3739010095596313 3299
1762770700554 1.3593418598175049 3599
1762770774031 1.3658616542816162 3899
1762770848615 1.3425471782684326 4199
1762770924145 1.318703293800354 4499
1762771004323 1.3137520551681519 4799
1762771079458 1.2942615747451782 5099
1762771160046 1.3071987628936768 5399
1762771240465 1.2899359464645386 5699
1762771314753 1.2785255908966064 5999
1762771389529 1.4232901334762573 6299
1762771463996 1.2747892141342163 6599
1762771544349 1.2720963954925537 6899
1762771624649 1.2611359357833862 7199
1762771698905 1.2586586475372314 7499
1762771779073 1.2521699666976929 7799
1762771853062 1.2571560144424438 8099
1762771929332 1.2596145868301392 8399
1762772004129 1.2470250129699707 8699
1762772084302 1.246471881866455 8999
1762772158587 1.234053134918213 9299
1762772235945 1.2251302003860474 9599
1762772310744 1.216847538948059 9899
1762772391515 1.229740858078003 10199
1762772465846 1.2212755680084229 10499
1762772546171 1.2146350145339966 10799
1762772626727 1.204888939857483 11099
1762772701819 1.216997742652893 11399
1762772782450 1.2018574476242065 11699
1762772856890 1.2122538089752197 11999
1762772937432 1.131422519683838 12299
1762773015185 1.115858554840088 12599
1762773095702 1.123822808265686 12899
1762773174559 1.111769199371338 13199
1762773251157 1.1130547523498535 13499
1762773325599 1.1032507419586182 13799
1762773406126 1.104514479637146 14099
1762773487552 1.1025830507278442 14399
1762773565774 1.104641318321228 14699
1762773640488 1.103945255279541 14999
1762773716235 1.0989612340927124 15299
1762773790414 1.0910168886184692 15599
1762773866154 1.0972899198532104 15899
1762773940335 1.0923120975494385 16199
1762774014332 1.0903041362762451 16499
1762774094543 1.0907223224639893 16799
1762774171816 1.0873119831085205 17099
1762774251881 1.0804715156555176 17399
1762774331971 1.0862069129943848 17699
1762774405926 1.0867700576782227 17999
1762774480552 1.058611273765564 18299
1762774555232 1.063364863395691 18599
1762774640814 1.061687707901001 18899
1762774714591 1.0612905025482178 19199
1762774788649 1.0562973022460938 19499
1762774862877 1.0525285005569458 19799
1762774945725 1.0539886951446533 20099
1762775023657 1.0609784126281738 20399
1762775101258 1.0550627708435059 20699
1762775179490 1.0520471334457397 20999
1762775257826 1.0485918521881104 21299
1762775336191 1.044546365737915 21599
1762775414406 1.053937315940857 21899
1762775492729 1.0511512756347656 22199
1762775571374 1.0461006164550781 22499
1762775649334 1.0424480438232422 22799
1762775730857 1.0529370307922363 23099
1762775812387 1.043786883354187 23399
1762775890047 1.041691541671753 23699
1762775968063 1.0473530292510986 23999
1762776050530 1.0485459566116333 24299
1762776132535 1.04430091381073 24599
1762776214006 1.0398550033569336 24899
1762776296473 1.0403082370758057 25199
1762776377118 1.0409129858016968 25499
1762776454755 1.0424681901931763 25799
1762776536862 1.0436861515045166 26099
1762776614822 1.0445210933685303 26399
1762776692154 1.0413808822631836 26699
1762776766389 1.0399212837219238 26999
1762776842326 1.0455455780029297 27299
1762776916546 1.0364210605621338 27599
