1762769730758 2.3590352535247803 299
1762769796569 1.425165057182312 599
1762769862748 1.330979347229004 899
1762769931228 1.2837201356887817 1199
1762769996850 1.2507168054580688 1499
1762770061914 1.2193603515625 1799
1762770133407 1.194548487663269 2099
1762770387114 1.1642853021621704 2399
1762770473714 1.1627497673034668 2699
1762770547471 1.1490790843963623 2999
1762770626783 1.1418489217758179 3299
1762770700554 1.1266409158706665 3599
1762770774031 1.1298637390136719 3899
1762770848615 1.1087018251419067 4199
1762770924145 1.0946367979049683 4499
1762771004323 1.086462140083313 4799
1762771079458 1.068941354751587 5099
1762771160046 1.0801923274993896 5399
1762771240465 1.0687992572784424 5699
1762771314753 1.0583637952804565 5999
1762771389529 1.1587508916854858 6299
1762771463996 1.0538445711135864 6599
1762771544349 1.047716498374939 6899
1762771624649 1.047368049621582 7199
1762771698905 1.0386813879013062 7499
1762771779073 1.0331569910049438 7799
1762771853062 1.0368376970291138 8099
1762771929332 1.0367021560668945 8399
1762772004129 1.0256261825561523 8699
1762772084302 1.020120620727539 8999
1762772158587 1.013427972793579 9299
1762772235945 1.0040197372436523 9599
1762772310744 1.0002703666687012 9899
1762772391515 1.0022586584091187 10199
1762772465846 1.0025014877319336 10499
1762772546171 0.9946430325508118 10799
1762772626727 0.980724573135376 11099
1762772701819 0.9912328124046326 11399
1762772782450 0.9759560823440552 11699
1762772856890 0.9795380234718323 11999
1762772937432 0.9190067052841187 12299
1762773015185 0.9045940041542053 12599
1762773095702 0.9051271677017212 12899
1762773174559 0.894275963306427 13199
1762773251157 0.8916617631912231 13499
1762773325599 0.8833917379379272 13799
1762773406126 0.8829479217529297 14099
1762773487552 0.879443883895874 14399
1762773565774 0.8754851222038269 14699
1762773640488 0.8739717602729797 14999
1762773716235 0.8715039491653442 15299
1762773790414 0.863929271697998 15599
1762773866154 0.8658517003059387 15899
1762773940335 0.8592573404312134 16199
1762774014332 0.8597211837768555 16499
1762774094543 0.8525024056434631 16799
1762774171816 0.8483032584190369 17099
1762774251881 0.8471795320510864 17399
1762774331971 0.8459005355834961 17699
1762774405926 0.8440968990325928 17999
1762774480552 0.8241040706634521 18299
1762774555232 0.8185124397277832 18599
1762774640814 0.8157572746276855 18899
1762774714591 0.8164547085762024 19199
1762774788649 0.8096041083335876 19499
1762774862877 0.8117687106132507 19799
1762774945725 0.8085520267486572 20099
1762775023657 0.811705470085144 20399
1762775101258 0.8087877631187439 20699
1762775179490 0.8045194149017334 20999
1762775257826 0.8037198185920715 21299
1762775336191 0.799371063709259 21599
1762775414406 0.8038985729217529 21899
1762775492729 0.7972449064254761 22199
1762775571374 0.7983265519142151 22499
1762775649334 0.7948712110519409 22799
1762775730857 0.7977879047393799 23099
1762775812387 0.7940150499343872 23399
1762775890047 0.792500913143158 23699
1762775968063 0.7924532890319824 23999
1762776050530 0.7918335795402527 24299
1762776132535 0.7925118803977966 24599
1762776214006 0.7874544858932495 24899
1762776296473 0.7885826230049133 25199
1762776377118 0.7871841788291931 25499
1762776454755 0.785072386264801 25799
1762776536862 0.7857871651649475 26099
1762776614822 0.7860960960388184 26399
1762776692154 0.7819889783859253 26699
1762776766389 0.7827031016349792 26999
1762776842326 0.7839057445526123 27299
1762776916546 0.778953492641449 27599
