1762769730758 3.45611572265625 299
1762769796569 2.348012685775757 599
1762769862748 2.2348504066467285 899
1762769931228 2.170616865158081 1199
1762769996850 2.1272337436676025 1499
1762770061914 2.0669121742248535 1799
1762770133407 2.0598413944244385 2099
1762770387114 2.0090513229370117 2399
1762770473714 1.9994267225265503 2699
1762770547471 1.9824647903442383 2999
1762770626783 1.9668387174606323 3299
1762770700554 1.9426668882369995 3599
1762770774031 1.9446789026260376 3899
1762770848615 1.8967812061309814 4199
1762770924145 1.8848071098327637 4499
1762771004323 1.8697108030319214 4799
1762771079458 1.8382248878479004 5099
1762771160046 1.8650453090667725 5399
1762771240465 1.8423103094100952 5699
1762771314753 1.8174208402633667 5999
1762771389529 2.007178544998169 6299
1762771463996 1.8180450201034546 6599
1762771544349 1.8059437274932861 6899
1762771624649 1.8087565898895264 7199
1762771698905 1.7962080240249634 7499
1762771779073 1.7730621099472046 7799
1762771853062 1.783549189567566 8099
1762771929332 1.7827457189559937 8399
1762772004129 1.7600524425506592 8699
1762772084302 1.7527341842651367 8999
1762772158587 1.743367075920105 9299
1762772235945 1.7249165773391724 9599
1762772310744 1.7209696769714355 9899
1762772391515 1.7149978876113892 10199
1762772465846 1.7151494026184082 10499
1762772546171 1.7012641429901123 10799
1762772626727 1.6789134740829468 11099
1762772701819 1.6950827836990356 11399
1762772782450 1.66749906539917 11699
1762772856890 1.664433240890503 11999
1762772937432 1.5615558624267578 12299
1762773015185 1.5443475246429443 12599
1762773095702 1.5365229845046997 12899
1762773174559 1.5177040100097656 13199
1762773251157 1.5076258182525635 13499
1762773325599 1.4974069595336914 13799
1762773406126 1.495484709739685 14099
1762773487552 1.4822801351547241 14399
1762773565774 1.4729607105255127 14699
1762773640488 1.4673670530319214 14999
1762773716235 1.4622995853424072 15299
1762773790414 1.450662612915039 15599
1762773866154 1.4517122507095337 15899
1762773940335 1.436584234237671 16199
1762774014332 1.4404528141021729 16499
1762774094543 1.420831322669983 16799
1762774171816 1.4109904766082764 17099
1762774251881 1.4139307737350464 17399
1762774331971 1.4080133438110352 17699
1762774405926 1.4036978483200073 17999
1762774480552 1.3654865026474 18299
1762774555232 1.3497110605239868 18599
1762774640814 1.3420131206512451 18899
1762774714591 1.3438670635223389 19199
1762774788649 1.3275790214538574 19499
1762774862877 1.3373762369155884 19799
1762774945725 1.3270204067230225 20099
1762775023657 1.3301384449005127 20399
1762775101258 1.328426718711853 20699
1762775179490 1.317046046257019 20999
1762775257826 1.3173507452011108 21299
1762775336191 1.3098466396331787 21599
1762775414406 1.3176918029785156 21899
1762775492729 1.2982310056686401 22199
1762775571374 1.3074876070022583 22499
1762775649334 1.2994983196258545 22799
1762775730857 1.3049373626708984 23099
1762775812387 1.2945469617843628 23399
1762775890047 1.2923336029052734 23699
1762775968063 1.2938520908355713 23999
1762776050530 1.2877150774002075 24299
1762776132535 1.2900595664978027 24599
1762776214006 1.2750439643859863 24899
1762776296473 1.2849340438842773 25199
1762776377118 1.2767798900604248 25499
1762776454755 1.2745879888534546 25799
1762776536862 1.2717766761779785 26099
1762776614822 1.2712907791137695 26399
1762776692154 1.2623082399368286 26699
1762776766389 1.2669005393981934 26999
1762776842326 1.2673600912094116 27299
1762776916546 1.2578279972076416 27599
