1762769730758 2.041440486907959 299
1762769796569 1.3793282508850098 599
1762769862748 1.2958698272705078 899
1762769931228 1.2553138732910156 1199
1762769996850 1.2106266021728516 1499
1762770061914 1.2010270357131958 1799
1762770133407 1.1637523174285889 2099
1762770387114 1.1308990716934204 2399
1762770473714 1.1373847723007202 2699
1762770547471 1.1200755834579468 2999
1762770626783 1.1101447343826294 3299
1762770700554 1.1006155014038086 3599
1762770774031 1.1011801958084106 3899
1762770848615 1.087533712387085 4199
1762770924145 1.0657836198806763 4499
1762771004323 1.0594803094863892 4799
1762771079458 1.0402045249938965 5099
1762771160046 1.0546910762786865 5399
1762771240465 1.0423086881637573 5699
1762771314753 1.0353981256484985 5999
1762771389529 1.1895219087600708 6299
1762771463996 1.0311740636825562 6599
1762771544349 1.0194849967956543 6899
1762771624649 1.0206148624420166 7199
1762771698905 1.0078439712524414 7499
1762771779073 1.0081936120986938 7799
1762771853062 1.007501482963562 8099
1762771929332 1.0153347253799438 8399
1762772004129 0.9958987236022949 8699
1762772084302 0.9929324984550476 8999
1762772158587 0.9851040244102478 9299
1762772235945 0.9798353910446167 9599
1762772310744 0.9741984009742737 9899
1762772391515 0.9794661998748779 10199
1762772465846 0.9741880893707275 10499
1762772546171 0.9708349704742432 10799
1762772626727 0.9490576386451721 11099
1762772701819 0.9585959315299988 11399
1762772782450 0.9532222747802734 11699
1762772856890 0.9566964507102966 11999
1762772937432 0.894399881362915 12299
1762773015185 0.8800057172775269 12599
1762773095702 0.8805038928985596 12899
1762773174559 0.8705896735191345 13199
1762773251157 0.8698824048042297 13499
1762773325599 0.8611971735954285 13799
1762773406126 0.8607062697410583 14099
1762773487552 0.8581629395484924 14399
1762773565774 0.8529914021492004 14699
1762773640488 0.8538591861724854 14999
1762773716235 0.849662184715271 15299
1762773790414 0.8390719294548035 15599
1762773866154 0.8450191020965576 15899
1762773940335 0.8377875685691833 16199
1762774014332 0.8365675210952759 16499
1762774094543 0.8321014642715454 16799
1762774171816 0.8253426551818848 17099
1762774251881 0.8246358633041382 17399
1762774331971 0.8197429180145264 17699
1762774405926 0.820523738861084 17999
1762774480552 0.8059061765670776 18299
1762774555232 0.79891437292099 18599
1762774640814 0.7973062992095947 18899
1762774714591 0.7959406971931458 19199
1762774788649 0.7920293211936951 19499
1762774862877 0.7905002236366272 19799
1762774945725 0.7913820743560791 20099
1762775023657 0.7915717363357544 20399
1762775101258 0.7879414558410645 20699
1762775179490 0.7826911211013794 20999
1762775257826 0.7845954895019531 21299
1762775336191 0.7808294296264648 21599
1762775414406 0.784129798412323 21899
1762775492729 0.7788792848587036 22199
1762775571374 0.7790520191192627 22499
1762775649334 0.7731018662452698 22799
1762775730857 0.7774454951286316 23099
1762775812387 0.7754442095756531 23399
1762775890047 0.7746084928512573 23699
1762775968063 0.7728455662727356 23999
1762776050530 0.7739869952201843 24299
1762776132535 0.7737178802490234 24599
1762776214006 0.7704620361328125 24899
1762776296473 0.7688236236572266 25199
1762776377118 0.769750714302063 25499
1762776454755 0.7644157409667969 25799
1762776536862 0.7677079439163208 26099
1762776614822 0.7698659896850586 26399
1762776692154 0.7647514939308167 26699
1762776766389 0.7617576718330383 26999
1762776842326 0.7639063596725464 27299
1762776916546 0.7623146772384644 27599
