1762769730758 9.845821380615234 299
1762769796569 5.082345962524414 599
1762769862748 4.599180698394775 899
1762769931228 4.40850305557251 1199
1762769996850 4.180237293243408 1499
1762770061914 4.1047515869140625 1799
1762770133407 3.921112537384033 2099
1762770387114 3.7682886123657227 2399
1762770473714 3.7675423622131348 2699
1762770547471 3.772081136703491 2999
1762770626783 3.5801024436950684 3299
1762770700554 3.530052661895752 3599
1762770774031 3.6076276302337646 3899
1762770848615 3.3912270069122314 4199
1762770924145 3.370842695236206 4499
1762771004323 3.3901026248931885 4799
1762771079458 3.2295749187469482 5099
1762771160046 3.2491512298583984 5399
1762771240465 3.226590633392334 5699
1762771314753 3.1485819816589355 5999
1762771389529 3.190725326538086 6299
1762771463996 3.1296322345733643 6599
1762771544349 3.053191900253296 6899
1762771624649 3.1248605251312256 7199
1762771698905 3.0991265773773193 7499
1762771779073 3.024019241333008 7799
1762771853062 3.0826499462127686 8099
1762771929332 3.1071548461914062 8399
1762772004129 3.023689031600952 8699
1762772084302 2.9127635955810547 8999
1762772158587 2.9044246673583984 9299
1762772235945 2.829652786254883 9599
1762772310744 2.888302803039551 9899
1762772391515 2.935567855834961 10199
1762772465846 2.933490037918091 10499
1762772546171 2.8164846897125244 10799
1762772626727 2.795480251312256 11099
1762772701819 2.8212854862213135 11399
1762772782450 2.7453577518463135 11699
1762772856890 2.8042709827423096 11999
1762772937432 2.5456795692443848 12299
1762773015185 2.4000062942504883 12599
1762773095702 2.441063165664673 12899
1762773174559 2.3616607189178467 13199
1762773251157 2.38801646232605 13499
1762773325599 2.3100357055664062 13799
1762773406126 2.3411779403686523 14099
1762773487552 2.351447105407715 14399
1762773565774 2.297020435333252 14699
1762773640488 2.2534420490264893 14999
1762773716235 2.3634345531463623 15299
1762773790414 2.2921864986419678 15599
1762773866154 2.289881467819214 15899
1762773940335 2.246272325515747 16199
1762774014332 2.2910172939300537 16499
1762774094543 2.2381463050842285 16799
1762774171816 2.188955545425415 17099
1762774251881 2.1715152263641357 17399
1762774331971 2.2143187522888184 17699
1762774405926 2.1647250652313232 17999
1762774480552 2.0990636348724365 18299
1762774555232 2.0400214195251465 18599
1762774640814 2.0822136402130127 18899
1762774714591 2.060241460800171 19199
1762774788649 2.0054023265838623 19499
1762774862877 2.0283901691436768 19799
1762774945725 2.026254892349243 20099
1762775023657 2.046807050704956 20399
1762775101258 2.0421407222747803 20699
1762775179490 2.0642518997192383 20999
1762775257826 2.016238212585449 21299
1762775336191 1.945023536682129 21599
1762775414406 1.9424974918365479 21899
1762775492729 1.92818021774292 22199
1762775571374 1.9782886505126953 22499
1762775649334 1.9625442028045654 22799
1762775730857 2.0150458812713623 23099
1762775812387 2.006625175476074 23399
1762775890047 1.9510611295700073 23699
1762775968063 1.9834771156311035 23999
1762776050530 1.973429799079895 24299
1762776132535 1.9743796586990356 24599
1762776214006 1.8912732601165771 24899
1762776296473 1.9381883144378662 25199
1762776377118 1.9352315664291382 25499
1762776454755 1.8833413124084473 25799
1762776536862 1.9374016523361206 26099
1762776614822 1.9296432733535767 26399
1762776692154 1.877941608428955 26699
1762776766389 1.9321870803833008 26999
1762776842326 1.9148823022842407 27299
1762776916546 1.8853874206542969 27599
