1762769730758 27.637235641479492 299
1762769796569 7.27188777923584 599
1762769862748 6.888725280761719 899
1762769931228 6.0662641525268555 1199
1762769996850 5.796319007873535 1499
1762770061914 5.546550750732422 1799
1762770133407 5.352190017700195 2099
1762770387114 5.112457275390625 2399
1762770473714 5.100424766540527 2699
1762770547471 5.009109973907471 2999
1762770626783 4.937249660491943 3299
1762770700554 4.829643726348877 3599
1762770774031 7.889605522155762 3899
1762770848615 4.676248073577881 4199
1762770924145 4.578485488891602 4499
1762771004323 4.5130462646484375 4799
1762771079458 4.370514869689941 5099
1762771160046 4.465890407562256 5399
1762771240465 4.368030548095703 5699
1762771314753 4.297796249389648 5999
1762771389529 437.2463684082031 6299
1762771463996 4.260085582733154 6599
1762771544349 4.223077297210693 6899
1762771624649 4.223912239074707 7199
1762771698905 4.153657913208008 7499
1762771779073 4.097050189971924 7799
1762771853062 4.14262056350708 8099
1762771929332 4.130661964416504 8399
1762772004129 4.026330947875977 8699
1762772084302 3.989640474319458 8999
1762772158587 3.973663806915283 9299
1762772235945 3.891455888748169 9599
1762772310744 3.8557121753692627 9899
1762772391515 9.202278137207031 10199
1762772465846 3.8845489025115967 10499
1762772546171 3.8104870319366455 10799
1762772626727 3.6987547874450684 11099
1762772701819 3.778566837310791 11399
1762772782450 3.6674249172210693 11699
1762772856890 5.629098892211914 11999
1762772937432 3.8150441646575928 12299
1762773015185 3.201850175857544 12599
1762773095702 3.8411004543304443 12899
1762773174559 3.1677582263946533 13199
1762773251157 3.1036365032196045 13499
1762773325599 3.0344271659851074 13799
1762773406126 3.0366950035095215 14099
1762773487552 3.1552746295928955 14399
1762773565774 2.9845175743103027 14699
1762773640488 2.9680371284484863 14999
1762773716235 2.950955390930176 15299
1762773790414 2.907634735107422 15599
1762773866154 3.2504167556762695 15899
1762773940335 2.8682262897491455 16199
1762774014332 2.8691303730010986 16499
1762774094543 2.816286087036133 16799
1762774171816 2.7892978191375732 17099
1762774251881 2.784442186355591 17399
1762774331971 2.8006057739257812 17699
1762774405926 2.759744644165039 17999
1762774480552 2.6433403491973877 18299
1762774555232 2.6055173873901367 18599
1762774640814 2.584165334701538 18899
1762774714591 2.5945050716400146 19199
1762774788649 2.546513557434082 19499
1762774862877 2.566840171813965 19799
1762774945725 2.541020631790161 20099
1762775023657 2.56280517578125 20399
1762775101258 2.544358015060425 20699
1762775179490 2.520573139190674 20999
1762775257826 2.5095784664154053 21299
1762775336191 2.485156536102295 21599
1762775414406 2.5152535438537598 21899
1762775492729 2.465374231338501 22199
1762775571374 2.4817206859588623 22499
1762775649334 2.4578676223754883 22799
1762775730857 2.4781553745269775 23099
1762775812387 2.4522271156311035 23399
1762775890047 2.444283962249756 23699
1762775968063 2.4407684803009033 23999
1762776050530 2.4436707496643066 24299
1762776132535 2.438978672027588 24599
1762776214006 2.4136006832122803 24899
1762776296473 2.4182701110839844 25199
1762776377118 2.4084434509277344 25499
1762776454755 2.398125648498535 25799
1762776536862 2.4015607833862305 26099
1762776614822 2.399259567260742 26399
1762776692154 2.3739285469055176 26699
1762776766389 2.3848788738250732 26999
1762776842326 2.650344133377075 27299
1762776916546 2.355992317199707 27599
