1763390551499 0.0 299
1763390551565 0.0 299
1763390717094 1.0 599
1763390717156 1.0 599
1763390882745 2.0 899
1763390882807 2.0 899
1763391048578 3.0 1199
1763391048637 3.0 1199
1763391214377 4.0 1499
1763391214439 4.0 1499
1763391380284 5.0 1799
1763391380345 5.0 1799
1763391546024 6.0 2099
1763391546082 6.0 2099
1763391711927 7.0 2399
1763391711947 7.0 2399
1763391877594 8.0 2699
1763391877660 8.0 2699
1763392043839 9.0 2999
1763392043896 9.0 2999
1763392210131 10.0 3299
1763392210190 10.0 3299
1763392376289 11.0 3599
1763392376309 11.0 3599
1763392542128 12.0 3899
1763392542147 12.0 3899
1763392708286 13.0 4199
1763392708305 13.0 4199
1763392874377 14.0 4499
1763392874438 14.0 4499
1763393040414 15.0 4799
1763393040473 15.0 4799
1763393206712 16.0 5099
1763393206732 16.0 5099
1763393372748 17.0 5399
1763393372767 17.0 5399
1763393539160 18.0 5699
1763393539179 18.0 5699
1763393705459 19.0 5999
1763393705479 19.0 5999
1763393871602 20.0 6299
1763393871621 20.0 6299
1763394037766 21.0 6599
1763394037789 21.0 6599
1763394203920 22.0 6899
1763394203979 22.0 6899
1763394369961 23.0 7199
1763394369980 23.0 7199
1763394535944 24.0 7499
1763394536003 24.0 7499
1763394702240 25.0 7799
1763394702259 25.0 7799
1763394868456 26.0 8099
1763394868475 26.0 8099
1763395034520 27.0 8399
1763395034580 27.0 8399
1763395200640 28.0 8699
1763395200700 28.0 8699
1763395366653 29.0 8999
1763395366675 29.0 8999
1763395532680 30.0 9299
1763395532699 30.0 9299
1763395698899 31.0 9599
1763395698919 31.0 9599
1763395864776 32.0 9899
1763395864796 32.0 9899
1763396031059 33.0 10199
1763396031078 33.0 10199
1763396197220 34.0 10499
1763396197280 34.0 10499
1763396363397 35.0 10799
1763396363415 35.0 10799
1763396529524 36.0 11099
1763396529543 36.0 11099
1763396695673 37.0 11399
1763396695692 37.0 11399
1763396861805 38.0 11699
1763396861864 38.0 11699
1763397027907 39.0 11999
1763397027927 39.0 11999
1763397194088 40.0 12299
1763397194146 40.0 12299
1763397360122 41.0 12599
1763397360141 41.0 12599
1763397526184 42.0 12899
1763397526203 42.0 12899
1763397692158 43.0 13199
1763397692177 43.0 13199
1763397858419 44.0 13499
1763397858437 44.0 13499
1763398024598 45.0 13799
1763398024617 45.0 13799
1763398190621 46.0 14099
1763398190643 46.0 14099
1763398356422 47.0 14399
1763398356441 47.0 14399
1763398522284 48.0 14699
1763398522303 48.0 14699
1763398688102 49.0 14999
1763398688122 49.0 14999
1763398853854 50.0 15299
1763398853873 50.0 15299
1763399019528 51.0 15599
1763399019551 51.0 15599
1763399185350 52.0 15899
1763399185368 52.0 15899
1763399351024 53.0 16199
1763399351043 53.0 16199
1763399516719 54.0 16499
1763399516738 54.0 16499
1763399682480 55.0 16799
1763399682500 55.0 16799
1763399848438 56.0 17099
1763399848457 56.0 17099
1763400014430 57.0 17399
1763400014448 57.0 17399
1763400179962 58.0 17699
1763400179981 58.0 17699
1763400345571 59.0 17999
1763400345590 59.0 17999
1763400511349 60.0 18299
1763400511367 60.0 18299
1763400677547 61.0 18599
1763400677566 61.0 18599
1763400843715 62.0 18899
1763400843735 62.0 18899
1763401010116 63.0 19199
1763401010135 63.0 19199
1763401176245 64.0 19499
1763401176264 64.0 19499
1763401342556 65.0 19799
1763401342576 65.0 19799
1763401508899 66.0 20099
1763401508918 66.0 20099
1763401675257 67.0 20399
1763401675276 67.0 20399
1763401841296 68.0 20699
1763401841316 68.0 20699
1763402007663 69.0 20999
1763402007682 69.0 20999
1763402173982 70.0 21299
1763402174001 70.0 21299
1763402245824 71.0 21300
