1763390411097 0.0005 49
1763390435172 0.0005 99
1763390459645 0.0005 149
1763390484279 0.0005 199
1763390508645 0.0005 249
1763390533043 0.0005 299
1763390576167 0.0005 349
1763390600620 0.0005 399
1763390625078 0.0005 449
1763390649592 0.0005 499
1763390674053 0.0005 549
1763390698491 0.0005 599
1763390741896 0.0005 649
1763390766407 0.0005 699
1763390790883 0.0005 749
1763390815339 0.0005 799
1763390839884 0.0005 849
1763390864376 0.0005 899
1763390907737 0.0005 949
1763390932253 0.0005 999
1763390956728 0.0005 1049
1763390981161 0.0005 1099
1763391005650 0.0005 1149
1763391030103 0.0005 1199
1763391073403 0.0005 1249
1763391097956 0.0005 1299
1763391122433 0.0005 1349
1763391146904 0.0005 1399
1763391171387 0.0005 1449
1763391195881 0.0005 1499
1763391239252 0.0005 1549
1763391263747 0.0005 1599
1763391288186 0.0005 1649
1763391312701 0.0005 1699
1763391337169 0.0005 1749
1763391361651 0.0005 1799
1763391405023 0.0005 1849
1763391429535 0.0005 1899
1763391453992 0.0005 1949
1763391478483 0.0005 1999
1763391502975 0.0005 2049
1763391527427 0.0005 2099
1763391570830 0.0005 2149
1763391595360 0.0005 2199
1763391619852 0.0005 2249
1763391644331 0.0005 2299
1763391668809 0.0005 2349
1763391693308 0.0005 2399
1763391736675 0.0005 2449
1763391761179 0.0005 2499
1763391785679 0.0005 2549
1763391810171 0.0005 2599
1763391834666 0.0005 2649
1763391859159 0.0005 2699
1763391902472 0.0005 2749
1763391927109 0.0005 2799
1763391951662 0.0005 2849
1763391976237 0.0005 2899
1763392000810 0.0005 2949
1763392025344 0.0005 2999
1763392068800 0.0005 3049
1763392093361 0.0005 3099
1763392117845 0.0005 3149
1763392142405 0.0005 3199
1763392166956 0.0005 3249
1763392191469 0.0005 3299
1763392235035 0.0005 3349
1763392259648 0.0005 3399
1763392284164 0.0005 3449
1763392308772 0.0005 3499
1763392333347 0.0005 3549
1763392357893 0.0005 3599
1763392401118 0.0005 3649
1763392425653 0.0005 3699
1763392450207 0.0005 3749
1763392474741 0.0005 3799
1763392499303 0.0005 3849
1763392523855 0.0005 3899
1763392566987 0.0005 3949
1763392591611 0.0005 3999
1763392616162 0.0005 4049
1763392640666 0.0005 4099
1763392665228 0.0005 4149
1763392689796 0.0005 4199
1763392733121 0.0005 4249
1763392757716 0.0005 4299
1763392782226 0.0005 4349
1763392806762 0.0005 4399
1763392831300 0.0005 4449
1763392855833 0.0005 4499
1763392899301 0.0005 4549
1763392923850 0.0005 4599
1763392948355 0.0005 4649
1763392972899 0.0005 4699
1763392997455 0.0005 4749
1763393021961 0.0005 4799
1763393065373 0.0005 4849
1763393089970 0.0005 4899
1763393114537 0.0005 4949
1763393139114 0.0005 4999
1763393163694 0.0005 5049
1763393188290 0.0005 5099
1763393231546 0.0005 5149
1763393256163 0.0005 5199
1763393280677 0.0005 5249
1763393305229 0.0005 5299
1763393329830 0.0005 5349
1763393354393 0.0005 5399
1763393397670 0.0005 5449
1763393422251 0.0005 5499
1763393446785 0.0005 5549
1763393471368 0.0005 5599
1763393495949 0.0005 5649
1763393520474 0.0005 5699
1763393564029 0.0005 5749
1763393588582 0.0005 5799
1763393613098 0.0005 5849
1763393637650 0.0005 5899
1763393662232 0.0005 5949
1763393686766 0.0005 5999
1763393730270 0.0005 6049
1763393754890 0.0005 6099
1763393779407 0.0005 6149
1763393803972 0.0005 6199
1763393828563 0.0005 6249
1763393853134 0.0005 6299
1763393896410 0.0005 6349
1763393920983 0.0005 6399
1763393945534 0.0005 6449
1763393970108 0.0005 6499
1763393994665 0.0005 6549
1763394019230 0.0005 6599
1763394062675 0.0005 6649
1763394087285 0.0005 6699
1763394111795 0.0005 6749
1763394136325 0.0005 6799
1763394160913 0.0005 6849
1763394185495 0.0005 6899
1763394228843 0.0005 6949
1763394253401 0.0005 6999
1763394277883 0.0005 7049
1763394302413 0.0005 7099
1763394326989 0.0005 7149
1763394351512 0.0005 7199
1763394394768 0.0005 7249
1763394419354 0.0005 7299
1763394443880 0.0005 7349
1763394468401 0.0005 7399
1763394492975 0.0005 7449
1763394517476 0.0005 7499
1763394560924 0.0005 7549
1763394585496 0.0005 7599
1763394610018 0.0005 7649
1763394634575 0.0005 7699
1763394659133 0.0005 7749
1763394683703 0.0005 7799
1763394727053 0.0005 7849
1763394751645 0.0005 7899
1763394776226 0.0005 7949
1763394800797 0.0005 7999
1763394825390 0.0005 8049
1763394849962 0.0005 8099
1763394893299 0.0005 8149
1763394917908 0.0005 8199
1763394942410 0.0005 8249
1763394966929 0.0005 8299
1763394991474 0.0005 8349
1763395016038 0.0005 8399
1763395059411 0.0005 8449
1763395084024 0.0005 8499
1763395108544 0.0005 8549
1763395133041 0.0005 8599
1763395157630 0.0005 8649
1763395182142 0.0005 8699
1763395225567 0.0005 8749
1763395250097 0.0005 8799
1763395274609 0.0005 8849
1763395299133 0.0005 8899
1763395323691 0.0005 8949
1763395348247 0.0005 8999
1763395391536 0.0005 9049
1763395416165 0.0005 9099
1763395440655 0.0005 9149
1763395465220 0.0005 9199
1763395489813 0.0005 9249
1763395514363 0.0005 9299
1763395557593 0.0005 9349
1763395582221 0.0005 9399
1763395606731 0.0005 9449
1763395631296 0.0005 9499
1763395655889 0.0005 9549
1763395680452 0.0005 9599
1763395723730 0.0005 9649
1763395748291 0.0005 9699
1763395772809 0.0005 9749
1763395797344 0.0005 9799
1763395821873 0.0005 9849
1763395846396 0.0005 9899
1763395889738 0.0005 9949
1763395914315 0.0005 9999
1763395938847 0.0005 10049
1763395963389 0.0005 10099
1763395987984 0.0005 10149
1763396012545 0.0005 10199
1763396055946 0.0005 10249
1763396080562 0.0005 10299
1763396105077 0.0005 10349
1763396129576 0.0005 10399
1763396154165 0.0005 10449
1763396178710 0.0005 10499
1763396222137 0.0005 10549
1763396246705 0.0005 10599
1763396271178 0.0005 10649
1763396295741 0.0005 10699
1763396320324 0.0005 10749
1763396344885 0.0005 10799
1763396388140 0.0005 10849
1763396412750 0.0005 10899
1763396437249 0.0005 10949
1763396461768 0.0005 10999
1763396486350 0.0005 11049
1763396510874 0.0005 11099
1763396554400 0.0005 11149
1763396578970 0.0005 11199
1763396603469 0.0005 11249
1763396628017 0.0005 11299
1763396652578 0.0005 11349
1763396677136 0.0005 11399
1763396720589 0.0005 11449
1763396745157 0.0005 11499
1763396769686 0.0005 11549
1763396794243 0.0005 11599
1763396818784 0.0005 11649
1763396843362 0.0005 11699
1763396886756 0.0005 11749
1763396911321 0.0005 11799
1763396935852 0.0005 11849
1763396960359 0.0005 11899
1763396984909 0.0005 11949
1763397009468 0.0005 11999
1763397052744 0.00015 12049
1763397077366 0.00015 12099
1763397101880 0.00015 12149
1763397126414 0.00015 12199
1763397151005 0.00015 12249
1763397175536 0.00015 12299
1763397218962 0.00015 12349
1763397243544 0.00015 12399
1763397268046 0.00015 12449
1763397292569 0.00015 12499
1763397317149 0.00015 12549
1763397341688 0.00015 12599
1763397385003 0.00015 12649
1763397409578 0.00015 12699
1763397434139 0.00015 12749
1763397458693 0.00015 12799
1763397483236 0.00015 12849
1763397507790 0.00015 12899
1763397551087 0.00015 12949
1763397575642 0.00015 12999
1763397600162 0.00015 13049
1763397624677 0.00015 13099
1763397649200 0.00015 13149
1763397673754 0.00015 13199
1763397716935 0.00015 13249
1763397741563 0.00015 13299
1763397766117 0.00015 13349
1763397790729 0.00015 13399
1763397815288 0.00015 13449
1763397839842 0.00015 13499
1763397883293 0.00015 13549
1763397907859 0.00015 13599
1763397932362 0.00015 13649
1763397956913 0.00015 13699
1763397981535 0.00015 13749
1763398006088 0.00015 13799
1763398049572 0.00015 13849
1763398074174 0.00015 13899
1763398098720 0.00015 13949
1763398123227 0.00015 13999
1763398147752 0.00015 14049
1763398172254 0.00015 14099
1763398215468 0.00015 14149
1763398240000 0.00015 14199
1763398264464 0.00015 14249
1763398288953 0.00015 14299
1763398313445 0.00015 14349
1763398337949 0.00015 14399
1763398381200 0.00015 14449
1763398405696 0.00015 14499
1763398430143 0.00015 14549
1763398454646 0.00015 14599
1763398479130 0.00015 14649
1763398503625 0.00015 14699
1763398547104 0.00015 14749
1763398571608 0.00015 14799
1763398596094 0.00015 14849
1763398620577 0.00015 14899
1763398645060 0.00015 14949
1763398669549 0.00015 14999
1763398712895 0.00015 15049
1763398737395 0.00015 15099
1763398761881 0.00015 15149
1763398786373 0.00015 15199
1763398810885 0.00015 15249
1763398835383 0.00015 15299
1763398878655 0.00015 15349
1763398903159 0.00015 15399
1763398927632 0.00015 15449
1763398952141 0.00015 15499
1763398976599 0.00015 15549
1763399001127 0.00015 15599
1763399044339 0.00015 15649
1763399068893 0.00015 15699
1763399093353 0.00015 15749
1763399117807 0.00015 15799
1763399142297 0.00015 15849
1763399166808 0.00015 15899
1763399210143 0.00015 15949
1763399234627 0.00015 15999
1763399259039 0.00015 16049
1763399283520 0.00015 16099
1763399308024 0.00015 16149
1763399332478 0.00015 16199
1763399375844 0.00015 16249
1763399400396 0.00015 16299
1763399424881 0.00015 16349
1763399449337 0.00015 16399
1763399473870 0.00015 16449
1763399498334 0.00015 16499
1763399541529 0.00015 16549
1763399566037 0.00015 16599
1763399590485 0.00015 16649
1763399614987 0.00015 16699
1763399639483 0.00015 16749
1763399663979 0.00015 16799
1763399707293 0.00015 16849
1763399731819 0.00015 16899
1763399756285 0.00015 16949
1763399780812 0.00015 16999
1763399805338 0.00015 17049
1763399829843 0.00015 17099
1763399873185 0.00015 17149
1763399897751 0.00015 17199
1763399922245 0.00015 17249
1763399946747 0.00015 17299
1763399971290 0.00015 17349
1763399995773 0.00015 17399
1763400039236 0.00015 17449
1763400063739 0.00015 17499
1763400088141 0.00015 17549
1763400112588 0.00015 17599
1763400137117 0.00015 17649
1763400161582 0.00015 17699
1763400204718 0.00015 17749
1763400229210 0.00015 17799
1763400253659 0.00015 17849
1763400278151 0.00015 17899
1763400302647 0.00015 17949
1763400327159 0.00015 17999
1763400370367 4.4999999999999996e-05 18049
1763400394903 4.4999999999999996e-05 18099
1763400419382 4.4999999999999996e-05 18149
1763400443870 4.4999999999999996e-05 18199
1763400468388 4.4999999999999996e-05 18249
1763400492893 4.4999999999999996e-05 18299
1763400536233 4.4999999999999996e-05 18349
1763400560787 4.4999999999999996e-05 18399
1763400585276 4.4999999999999996e-05 18449
1763400609871 4.4999999999999996e-05 18499
1763400634420 4.4999999999999996e-05 18549
1763400658930 4.4999999999999996e-05 18599
1763400702453 4.4999999999999996e-05 18649
1763400727059 4.4999999999999996e-05 18699
1763400751600 4.4999999999999996e-05 18749
1763400776132 4.4999999999999996e-05 18799
1763400800694 4.4999999999999996e-05 18849
1763400825268 4.4999999999999996e-05 18899
1763400868756 4.4999999999999996e-05 18949
1763400893352 4.4999999999999996e-05 18999
1763400917906 4.4999999999999996e-05 19049
1763400942460 4.4999999999999996e-05 19099
1763400967030 4.4999999999999996e-05 19149
1763400991571 4.4999999999999996e-05 19199
1763401034976 4.4999999999999996e-05 19249
1763401059565 4.4999999999999996e-05 19299
1763401084091 4.4999999999999996e-05 19349
1763401108659 4.4999999999999996e-05 19399
1763401133200 4.4999999999999996e-05 19449
1763401157759 4.4999999999999996e-05 19499
1763401201129 4.4999999999999996e-05 19549
1763401225784 4.4999999999999996e-05 19599
1763401250358 4.4999999999999996e-05 19649
1763401274933 4.4999999999999996e-05 19699
1763401299544 4.4999999999999996e-05 19749
1763401324120 4.4999999999999996e-05 19799
1763401367460 4.4999999999999996e-05 19849
1763401392021 4.4999999999999996e-05 19899
1763401416583 4.4999999999999996e-05 19949
1763401441138 4.4999999999999996e-05 19999
1763401465747 4.4999999999999996e-05 20049
1763401490316 4.4999999999999996e-05 20099
1763401533826 4.4999999999999996e-05 20149
1763401558397 4.4999999999999996e-05 20199
1763401582965 4.4999999999999996e-05 20249
1763401607551 4.4999999999999996e-05 20299
1763401632153 4.4999999999999996e-05 20349
1763401656728 4.4999999999999996e-05 20399
1763401700105 4.4999999999999996e-05 20449
1763401724693 4.4999999999999996e-05 20499
1763401749195 4.4999999999999996e-05 20549
1763401773719 4.4999999999999996e-05 20599
1763401798313 4.4999999999999996e-05 20649
1763401822876 4.4999999999999996e-05 20699
1763401866195 4.4999999999999996e-05 20749
1763401890839 4.4999999999999996e-05 20799
1763401915437 4.4999999999999996e-05 20849
1763401940055 4.4999999999999996e-05 20899
1763401964646 4.4999999999999996e-05 20949
1763401989237 4.4999999999999996e-05 20999
1763402032570 4.4999999999999996e-05 21049
1763402057149 4.4999999999999996e-05 21099
1763402081668 4.4999999999999996e-05 21149
1763402106239 4.4999999999999996e-05 21199
1763402130797 4.4999999999999996e-05 21249
1763402155357 4.4999999999999996e-05 21299
