1763390551565 2.4686622619628906 299
1763390717156 1.4135196208953857 599
1763390882807 1.2106260061264038 899
1763391048637 1.1499898433685303 1199
1763391214439 1.1095081567764282 1499
1763391380345 1.0662013292312622 1799
1763391546082 1.046076774597168 2099
1763391711947 1.036910057067871 2399
1763391877660 1.011118769645691 2699
1763392043896 0.9934322834014893 2999
1763392210190 0.9913148283958435 3299
1763392376309 0.9835246205329895 3599
1763392542147 0.9903162717819214 3899
1763392708305 0.9598410129547119 4199
1763392874438 0.9473819732666016 4499
1763393040473 0.9467411637306213 4799
1763393206732 0.9593800902366638 5099
1763393372767 0.9541181325912476 5399
1763393539179 0.93589848279953 5699
1763393705479 0.928265392780304 5999
1763393871621 0.9385659694671631 6299
1763394037789 0.9188761711120605 6599
1763394203979 0.9179871082305908 6899
1763394369980 0.9172694087028503 7199
1763394536003 0.9135866165161133 7499
1763394702259 0.9258264303207397 7799
1763394868475 0.9057443141937256 8099
1763395034580 0.9055229425430298 8399
1763395200700 0.9059546589851379 8699
1763395366675 0.9090079665184021 8999
1763395532699 0.894923746585846 9299
1763395698919 0.890122652053833 9599
1763395864796 0.9003821015357971 9899
1763396031078 0.8964500427246094 10199
1763396197280 0.8827187418937683 10499
1763396363415 0.8877342939376831 10799
1763396529543 0.8961377143859863 11099
1763396695692 0.8759648203849792 11399
1763396861864 0.8802765607833862 11699
1763397027927 0.8834403157234192 11999
1763397194146 0.8428869843482971 12299
1763397360141 0.8381311893463135 12599
1763397526203 0.843621015548706 12899
1763397692177 0.8386495113372803 13199
1763397858437 0.8346022367477417 13499
1763398024617 0.8396723866462708 13799
1763398190643 0.8402870297431946 14099
1763398356441 0.8414254188537598 14399
1763398522303 0.8303679823875427 14699
1763398688122 0.8341915607452393 14999
1763398853873 0.8402937650680542 15299
1763399019551 0.8303943276405334 15599
1763399185368 0.8316398859024048 15899
1763399351043 0.8354282975196838 16199
1763399516738 0.8366105556488037 16499
1763399682500 0.8302750587463379 16799
1763399848457 0.8337041139602661 17099
1763400014448 0.8353904485702515 17399
1763400179981 0.8356240391731262 17699
1763400345590 0.8289303183555603 17999
1763400511367 0.8207634091377258 18299
1763400677566 0.8226378560066223 18599
1763400843735 0.8260838389396667 18899
1763401010135 0.817258894443512 19199
1763401176264 0.8193404078483582 19499
1763401342576 0.816703736782074 19799
1763401508918 0.8178444504737854 20099
1763401675276 0.8178661465644836 20399
1763401841316 0.8226606845855713 20699
1763402007682 0.8196366429328918 20999
1763402174001 0.8190089464187622 21299
