1763390551565 2.8204903602600098 299
1763390717156 2.134058713912964 599
1763390882807 2.060723066329956 899
1763391048637 2.0360090732574463 1199
1763391214439 2.0412793159484863 1499
1763391380345 2.0220210552215576 1799
1763391546082 2.005288600921631 2099
1763391711947 1.9947741031646729 2399
1763391877660 1.9741700887680054 2699
1763392043896 1.966463565826416 2999
1763392210190 1.9789727926254272 3299
1763392376309 1.959344744682312 3599
1763392542147 1.9566880464553833 3899
1763392708305 1.9311261177062988 4199
1763392874438 1.9155266284942627 4499
1763393040473 1.9224655628204346 4799
1763393206732 1.914523959159851 5099
1763393372767 1.939330816268921 5399
1763393539179 1.9100737571716309 5699
1763393705479 1.8981921672821045 5999
1763393871621 1.8956196308135986 6299
1763394037789 1.888444185256958 6599
1763394203979 1.8896620273590088 6899
1763394369980 1.8763012886047363 7199
1763394536003 1.8796067237854004 7499
1763394702259 1.885920524597168 7799
1763394868475 1.8698245286941528 8099
1763395034580 1.8720680475234985 8399
1763395200700 1.8435696363449097 8699
1763395366675 1.8652560710906982 8999
1763395532699 1.851405382156372 9299
1763395698919 1.85506272315979 9599
1763395864796 1.8513798713684082 9899
1763396031078 1.83501136302948 10199
1763396197280 1.846459984779358 10499
1763396363415 1.839821457862854 10799
1763396529543 1.819260835647583 11099
1763396695692 1.8006714582443237 11399
1763396861864 1.8167775869369507 11699
1763397027927 1.8088505268096924 11999
1763397194146 1.7677052021026611 12299
1763397360141 1.7574666738510132 12599
1763397526203 1.772508978843689 12899
1763397692177 1.7814031839370728 13199
1763397858437 1.7533953189849854 13499
1763398024617 1.7533327341079712 13799
1763398190643 1.7500238418579102 14099
1763398356441 1.7684495449066162 14399
1763398522303 1.7507600784301758 14699
1763398688122 1.7506171464920044 14999
1763398853873 1.7478951215744019 15299
1763399019551 1.7508735656738281 15599
1763399185368 1.744553565979004 15899
1763399351043 1.74323570728302 16199
1763399516738 1.7386987209320068 16499
1763399682500 1.7471165657043457 16799
1763399848457 1.7308528423309326 17099
1763400014448 1.7427434921264648 17399
1763400179981 1.7300496101379395 17699
1763400345590 1.7303636074066162 17999
1763400511367 1.709365963935852 18299
1763400677566 1.7125781774520874 18599
1763400843735 1.7203786373138428 18899
1763401010135 1.7070374488830566 19199
1763401176264 1.718320369720459 19499
1763401342576 1.7016788721084595 19799
1763401508918 1.7078691720962524 20099
1763401675276 1.7104071378707886 20399
1763401841316 1.7148205041885376 20699
1763402007682 1.7088651657104492 20999
1763402174001 1.7097610235214233 21299
