1763390551565 11.203643798828125 299
1763390717156 6.906440734863281 599
1763390882807 5.846449375152588 899
1763391048637 5.700550556182861 1199
1763391214439 5.536198616027832 1499
1763391380345 5.298435211181641 1799
1763391546082 5.386524677276611 2099
1763391711947 5.179581165313721 2399
1763391877660 5.053261756896973 2699
1763392043896 5.094906330108643 2999
1763392210190 4.905799865722656 3299
1763392376309 4.794582843780518 3599
1763392542147 4.895530700683594 3899
1763392708305 4.6821818351745605 4199
1763392874438 4.660067558288574 4499
1763393040473 4.654725074768066 4799
1763393206732 4.571440696716309 5099
1763393372767 4.567193508148193 5399
1763393539179 4.459911823272705 5699
1763393705479 4.558823585510254 5999
1763393871621 4.393547058105469 6299
1763394037789 4.3251214027404785 6599
1763394203979 4.433421611785889 6899
1763394369980 4.332399368286133 7199
1763394536003 4.317602634429932 7499
1763394702259 4.275974273681641 7799
1763394868475 4.2194085121154785 8099
1763395034580 4.410642147064209 8399
1763395200700 4.2334136962890625 8699
1763395366675 4.270498275756836 8999
1763395532699 4.15947151184082 9299
1763395698919 4.1223249435424805 9599
1763395864796 4.2459540367126465 9899
1763396031078 4.144468784332275 10199
1763396197280 4.172928810119629 10499
1763396363415 3.994349479675293 10799
1763396529543 4.035486221313477 11099
1763396695692 4.053747177124023 11399
1763396861864 4.042423248291016 11699
1763397027927 3.983840227127075 11999
1763397194146 3.761645793914795 12299
1763397360141 3.745723247528076 12599
1763397526203 3.8748958110809326 12899
1763397692177 3.6852235794067383 13199
1763397858437 3.765237331390381 13499
1763398024617 3.708134412765503 13799
1763398190643 3.75229549407959 14099
1763398356441 3.5812435150146484 14399
1763398522303 3.6075994968414307 14699
1763398688122 3.7445709705352783 14999
1763398853873 3.7717947959899902 15299
1763399019551 3.6600594520568848 15599
1763399185368 3.722938060760498 15899
1763399351043 3.6818273067474365 16199
1763399516738 3.746406078338623 16499
1763399682500 3.656526803970337 16799
1763399848457 3.738729238510132 17099
1763400014448 3.7165820598602295 17399
1763400179981 3.5136091709136963 17699
1763400345590 3.5867714881896973 17999
1763400511367 3.536832809448242 18299
1763400677566 3.407142400741577 18599
1763400843735 3.522801160812378 18899
1763401010135 3.5344693660736084 19199
1763401176264 3.552952289581299 19499
1763401342576 3.491894483566284 19799
1763401508918 3.5353243350982666 20099
1763401675276 3.612731456756592 20399
1763401841316 3.5482256412506104 20699
1763402007682 3.428337335586548 20999
1763402174001 3.4873440265655518 21299
