1763390551565 2.8820693492889404 299
1763390717156 1.917931318283081 599
1763390882807 1.773900032043457 899
1763391048637 1.7346112728118896 1199
1763391214439 1.7104154825210571 1499
1763391380345 1.6787441968917847 1799
1763391546082 1.6578569412231445 2099
1763391711947 1.6469037532806396 2399
1763391877660 1.6180833578109741 2699
1763392043896 1.6069986820220947 2999
1763392210190 1.5965831279754639 3299
1763392376309 1.5877251625061035 3599
1763392542147 1.5917657613754272 3899
1763392708305 1.552827000617981 4199
1763392874438 1.544620394706726 4499
1763393040473 1.545657753944397 4799
1763393206732 1.546933889389038 5099
1763393372767 1.5523432493209839 5399
1763393539179 1.5275713205337524 5699
1763393705479 1.5209314823150635 5999
1763393871621 1.5224223136901855 6299
1763394037789 1.5025616884231567 6599
1763394203979 1.5018553733825684 6899
1763394369980 1.4945251941680908 7199
1763394536003 1.5006756782531738 7499
1763394702259 1.4948360919952393 7799
1763394868475 1.4853347539901733 8099
1763395034580 1.48667311668396 8399
1763395200700 1.4746623039245605 8699
1763395366675 1.4760384559631348 8999
1763395532699 1.4617342948913574 9299
1763395698919 1.4623212814331055 9599
1763395864796 1.4651899337768555 9899
1763396031078 1.463186502456665 10199
1763396197280 1.453981637954712 10499
1763396363415 1.4481829404830933 10799
1763396529543 1.4502290487289429 11099
1763396695692 1.4303226470947266 11399
1763396861864 1.4395346641540527 11699
1763397027927 1.4314074516296387 11999
1763397194146 1.3943897485733032 12299
1763397360141 1.3850157260894775 12599
1763397526203 1.391214370727539 12899
1763397692177 1.3895385265350342 13199
1763397858437 1.3755943775177002 13499
1763398024617 1.3785967826843262 13799
1763398190643 1.3772153854370117 14099
1763398356441 1.384100079536438 14399
1763398522303 1.3703283071517944 14699
1763398688122 1.3797773122787476 14999
1763398853873 1.3716886043548584 15299
1763399019551 1.3711268901824951 15599
1763399185368 1.3692303895950317 15899
1763399351043 1.3667038679122925 16199
1763399516738 1.3724995851516724 16499
1763399682500 1.3659732341766357 16799
1763399848457 1.3655543327331543 17099
1763400014448 1.3651459217071533 17399
1763400179981 1.363620638847351 17699
1763400345590 1.3560436964035034 17999
1763400511367 1.3413017988204956 18299
1763400677566 1.3430579900741577 18599
1763400843735 1.3467494249343872 18899
1763401010135 1.3366719484329224 19199
1763401176264 1.3441334962844849 19499
1763401342576 1.3318428993225098 19799
1763401508918 1.3438342809677124 20099
1763401675276 1.337518334388733 20399
1763401841316 1.345660924911499 20699
1763402007682 1.337607502937317 20999
1763402174001 1.3419235944747925 21299
