1763390551565 2.967233896255493 299
1763390717156 2.1339950561523438 599
1763390882807 2.032461643218994 899
1763391048637 1.9999496936798096 1199
1763391214439 1.9862066507339478 1499
1763391380345 1.9645631313323975 1799
1763391546082 1.9438023567199707 2099
1763391711947 1.9338760375976562 2399
1763391877660 1.9124908447265625 2699
1763392043896 1.9006832838058472 2999
1763392210190 1.8951929807662964 3299
1763392376309 1.881608009338379 3599
1763392542147 1.8775293827056885 3899
1763392708305 1.8419893980026245 4199
1763392874438 1.8308162689208984 4499
1763393040473 1.8459123373031616 4799
1763393206732 1.8305004835128784 5099
1763393372767 1.841356873512268 5399
1763393539179 1.8126548528671265 5699
1763393705479 1.8115824460983276 5999
1763393871621 1.805063247680664 6299
1763394037789 1.7926764488220215 6599
1763394203979 1.7923303842544556 6899
1763394369980 1.7639176845550537 7199
1763394536003 1.7864902019500732 7499
1763394702259 1.771634578704834 7799
1763394868475 1.7814704179763794 8099
1763395034580 1.7694025039672852 8399
1763395200700 1.7552738189697266 8699
1763395366675 1.759184718132019 8999
1763395532699 1.7384673357009888 9299
1763395698919 1.7417515516281128 9599
1763395864796 1.7441390752792358 9899
1763396031078 1.7465523481369019 10199
1763396197280 1.7392305135726929 10499
1763396363415 1.7209762334823608 10799
1763396529543 1.7168065309524536 11099
1763396695692 1.7002419233322144 11399
1763396861864 1.7205674648284912 11699
1763397027927 1.6965354681015015 11999
1763397194146 1.6667004823684692 12299
1763397360141 1.6524468660354614 12599
1763397526203 1.6566933393478394 12899
1763397692177 1.6626089811325073 13199
1763397858437 1.639447808265686 13499
1763398024617 1.6402450799942017 13799
1763398190643 1.6446349620819092 14099
1763398356441 1.6529865264892578 14399
1763398522303 1.6404145956039429 14699
1763398688122 1.6499097347259521 14999
1763398853873 1.6314516067504883 15299
1763399019551 1.6362075805664062 15599
1763399185368 1.6343439817428589 15899
1763399351043 1.6199874877929688 16199
1763399516738 1.6353214979171753 16499
1763399682500 1.623354196548462 16799
1763399848457 1.6267940998077393 17099
1763400014448 1.6237037181854248 17399
1763400179981 1.623343586921692 17699
1763400345590 1.6145650148391724 17999
1763400511367 1.59573233127594 18299
1763400677566 1.6047176122665405 18599
1763400843735 1.600782036781311 18899
1763401010135 1.591097116470337 19199
1763401176264 1.6028876304626465 19499
1763401342576 1.579024076461792 19799
1763401508918 1.6021614074707031 20099
1763401675276 1.5878201723098755 20399
1763401841316 1.5948107242584229 20699
1763402007682 1.5916125774383545 20999
1763402174001 1.5977333784103394 21299
