1763390551565 2.275379180908203 299
1763390717156 1.1678401231765747 599
1763390882807 0.9588913917541504 899
1763391048637 0.8852598071098328 1199
1763391214439 0.8400154709815979 1499
1763391380345 0.7940363883972168 1799
1763391546082 0.7770901322364807 2099
1763391711947 0.7707738876342773 2399
1763391877660 0.7436732649803162 2699
1763392043896 0.7324354648590088 2999
1763392210190 0.7295559644699097 3299
1763392376309 0.713445246219635 3599
1763392542147 0.7210339903831482 3899
1763392708305 0.6932689547538757 4199
1763392874438 0.6837519407272339 4499
1763393040473 0.676949143409729 4799
1763393206732 0.6954720616340637 5099
1763393372767 0.6830240488052368 5399
1763393539179 0.6703027486801147 5699
1763393705479 0.661301851272583 5999
1763393871621 0.6752685904502869 6299
1763394037789 0.6472775936126709 6599
1763394203979 0.6533962488174438 6899
1763394369980 0.6500741839408875 7199
1763394536003 0.6451745629310608 7499
1763394702259 0.651655912399292 7799
1763394868475 0.6347616910934448 8099
1763395034580 0.6325832605361938 8399
1763395200700 0.6351910829544067 8699
1763395366675 0.6386692523956299 8999
1763395532699 0.6305360794067383 9299
1763395698919 0.6199027299880981 9599
1763395864796 0.6321499943733215 9899
1763396031078 0.6279183626174927 10199
1763396197280 0.611369788646698 10499
1763396363415 0.6162054538726807 10799
1763396529543 0.6247188448905945 11099
1763396695692 0.6120218634605408 11399
1763396861864 0.6127671599388123 11699
1763397027927 0.6172794699668884 11999
1763397194146 0.5713634490966797 12299
1763397360141 0.5685237646102905 12599
1763397526203 0.5693162083625793 12899
1763397692177 0.5644477009773254 13199
1763397858437 0.5661512613296509 13499
1763398024617 0.5699089765548706 13799
1763398190643 0.5699130892753601 14099
1763398356441 0.5659846067428589 14399
1763398522303 0.5665463805198669 14699
1763398688122 0.5657823085784912 14999
1763398853873 0.5681121349334717 15299
1763399019551 0.5623619556427002 15599
1763399185368 0.5629096031188965 15899
1763399351043 0.5690587162971497 16199
1763399516738 0.5680208802223206 16499
1763399682500 0.5649488568305969 16799
1763399848457 0.5670806169509888 17099
1763400014448 0.5650952458381653 17399
1763400179981 0.5674699544906616 17699
1763400345590 0.564240574836731 17999
1763400511367 0.5515570044517517 18299
1763400677566 0.5541002154350281 18599
1763400843735 0.5539004802703857 18899
1763401010135 0.5520710945129395 19199
1763401176264 0.550471842288971 19499
1763401342576 0.5498639941215515 19799
1763401508918 0.5479335188865662 20099
1763401675276 0.5505546927452087 20399
1763401841316 0.5524807572364807 20699
1763402007682 0.5505154132843018 20999
1763402174001 0.5487946271896362 21299
