1763390551565 8.90302848815918 299
1763390717156 2.5651214122772217 599
1763390882807 1.530331015586853 899
1763391048637 1.3382322788238525 1199
1763391214439 1.1423324346542358 1499
1763391380345 0.9505671262741089 1799
1763391546082 0.8604705333709717 2099
1763391711947 0.8477981090545654 2399
1763391877660 0.7561573386192322 2699
1763392043896 0.741757869720459 2999
1763392210190 0.710400402545929 3299
1763392376309 0.6291237473487854 3599
1763392542147 0.6786205172538757 3899
1763392708305 0.6095494031906128 4199
1763392874438 0.5835942029953003 4499
1763393040473 0.5757024884223938 4799
1763393206732 0.594916820526123 5099
1763393372767 0.5798564553260803 5399
1763393539179 0.5621746778488159 5699
1763393705479 0.5332667827606201 5999
1763393871621 0.5595130324363708 6299
1763394037789 0.49249354004859924 6599
1763394203979 0.5288371443748474 6899
1763394369980 0.4956013560295105 7199
1763394536003 0.4734746813774109 7499
1763394702259 0.5254265069961548 7799
1763394868475 0.48661717772483826 8099
1763395034580 0.5157096982002258 8399
1763395200700 0.47832226753234863 8699
1763395366675 0.4945262372493744 8999
1763395532699 0.48885443806648254 9299
1763395698919 0.46304628252983093 9599
1763395864796 0.4921441376209259 9899
1763396031078 0.4926362633705139 10199
1763396197280 0.43951427936553955 10499
1763396363415 0.45405617356300354 10799
1763396529543 0.46581506729125977 11099
1763396695692 0.4595015347003937 11399
1763396861864 0.46065565943717957 11699
1763397027927 0.47613123059272766 11999
1763397194146 0.3864820599555969 12299
1763397360141 0.3721711337566376 12599
1763397526203 0.40210241079330444 12899
1763397692177 0.37023162841796875 13199
1763397858437 0.3711603581905365 13499
1763398024617 0.3792276680469513 13799
1763398190643 0.38314303755760193 14099
1763398356441 0.36276674270629883 14399
1763398522303 0.38710978627204895 14699
1763398688122 0.3826248049736023 14999
1763398853873 0.394915372133255 15299
1763399019551 0.36894285678863525 15599
1763399185368 0.3700045645236969 15899
1763399351043 0.38624870777130127 16199
1763399516738 0.39149168133735657 16499
1763399682500 0.3882540166378021 16799
1763399848457 0.3880186378955841 17099
1763400014448 0.38219597935676575 17399
1763400179981 0.3605261743068695 17699
1763400345590 0.3694441616535187 17999
1763400511367 0.3689161241054535 18299
1763400677566 0.3455723226070404 18599
1763400843735 0.35175272822380066 18899
1763401010135 0.3675193786621094 19199
1763401176264 0.3408256471157074 19499
1763401342576 0.36615514755249023 19799
1763401508918 0.35537436604499817 20099
1763401675276 0.3644454777240753 20399
1763401841316 0.36437079310417175 20699
1763402007682 0.3583642840385437 20999
1763402174001 0.3575134873390198 21299
