1763390551565 10.151334762573242 299
1763390717156 4.846342086791992 599
1763390882807 3.694657325744629 899
1763391048637 3.5639281272888184 1199
1763391214439 3.3851864337921143 1499
1763391380345 3.1800496578216553 1799
1763391546082 3.1171281337738037 2099
1763391711947 3.074798822402954 2399
1763391877660 3.0129454135894775 2699
1763392043896 2.9432625770568848 2999
1763392210190 2.8997254371643066 3299
1763392376309 2.7441351413726807 3599
1763392542147 2.8125128746032715 3899
1763392708305 2.7154006958007812 4199
1763392874438 2.642270565032959 4499
1763393040473 2.6057181358337402 4799
1763393206732 2.6974406242370605 5099
1763393372767 2.6141295433044434 5399
1763393539179 2.5339322090148926 5699
1763393705479 2.5672366619110107 5999
1763393871621 2.5251717567443848 6299
1763394037789 2.4347009658813477 6599
1763394203979 2.4847469329833984 6899
1763394369980 2.4757156372070312 7199
1763394536003 2.4424028396606445 7499
1763394702259 2.5247044563293457 7799
1763394868475 2.382209300994873 8099
1763395034580 2.46651029586792 8399
1763395200700 2.458719491958618 8699
1763395366675 2.4575302600860596 8999
1763395532699 2.4079954624176025 9299
1763395698919 2.3473780155181885 9599
1763395864796 2.4171743392944336 9899
1763396031078 2.388310432434082 10199
1763396197280 2.35247802734375 10499
1763396363415 2.3212804794311523 10799
1763396529543 2.269212245941162 11099
1763396695692 2.301970958709717 11399
1763396861864 2.2829554080963135 11699
1763397027927 2.2541322708129883 11999
1763397194146 2.124253273010254 12299
1763397360141 2.128340005874634 12599
1763397526203 2.2032082080841064 12899
1763397692177 2.087135076522827 13199
1763397858437 2.1238670349121094 13499
1763398024617 2.1273884773254395 13799
1763398190643 2.145343780517578 14099
1763398356441 2.0983874797821045 14399
1763398522303 2.076390504837036 14699
1763398688122 2.1212172508239746 14999
1763398853873 2.157289743423462 15299
1763399019551 2.0843071937561035 15599
1763399185368 2.112514019012451 15899
1763399351043 2.0869741439819336 16199
1763399516738 2.123349905014038 16499
1763399682500 2.1064579486846924 16799
1763399848457 2.089080572128296 17099
1763400014448 2.1164653301239014 17399
1763400179981 2.0335159301757812 17699
1763400345590 1.978035569190979 17999
1763400511367 2.0592217445373535 18299
1763400677566 1.972994327545166 18599
1763400843735 2.0065979957580566 18899
1763401010135 1.9907431602478027 19199
1763401176264 1.923034429550171 19499
1763401342576 2.0042855739593506 19799
1763401508918 2.007997751235962 20099
1763401675276 2.0371954441070557 20399
1763401841316 2.0338022708892822 20699
1763402007682 1.99073326587677 20999
1763402174001 2.0494186878204346 21299
