1763390551565 3.0762569904327393 299
1763390717156 2.277855157852173 599
1763390882807 2.1900928020477295 899
1763391048637 2.168290615081787 1199
1763391214439 2.171675443649292 1499
1763391380345 2.1503853797912598 1799
1763391546082 2.1326661109924316 2099
1763391711947 2.11962890625 2399
1763391877660 2.1001031398773193 2699
1763392043896 2.0898008346557617 2999
1763392210190 2.1002719402313232 3299
1763392376309 2.0784592628479004 3599
1763392542147 2.0756781101226807 3899
1763392708305 2.0485758781433105 4199
1763392874438 2.031275749206543 4499
1763393040473 2.0370028018951416 4799
1763393206732 2.0290985107421875 5099
1763393372767 2.0552239418029785 5399
1763393539179 2.020979404449463 5699
1763393705479 2.010387897491455 5999
1763393871621 2.0075840950012207 6299
1763394037789 1.9998186826705933 6599
1763394203979 1.9999586343765259 6899
1763394369980 1.986379623413086 7199
1763394536003 1.990795373916626 7499
1763394702259 1.994881272315979 7799
1763394868475 1.9783519506454468 8099
1763395034580 1.9805445671081543 8399
1763395200700 1.9519585371017456 8699
1763395366675 1.970619797706604 8999
1763395532699 1.9582717418670654 9299
1763395698919 1.959086537361145 9599
1763395864796 1.95868718624115 9899
1763396031078 1.939522624015808 10199
1763396197280 1.9519685506820679 10499
1763396363415 1.940929651260376 10799
1763396529543 1.9212321043014526 11099
1763396695692 1.9012329578399658 11399
1763396861864 1.9196215867996216 11699
1763397027927 1.909590721130371 11999
1763397194146 1.8652478456497192 12299
1763397360141 1.8543182611465454 12599
1763397526203 1.8704320192337036 12899
1763397692177 1.8761670589447021 13199
1763397858437 1.8493881225585938 13499
1763398024617 1.8509037494659424 13799
1763398190643 1.8434979915618896 14099
1763398356441 1.862053632736206 14399
1763398522303 1.8450628519058228 14699
1763398688122 1.8465564250946045 14999
1763398853873 1.842204213142395 15299
1763399019551 1.8444609642028809 15599
1763399185368 1.8398785591125488 15899
1763399351043 1.8365367650985718 16199
1763399516738 1.832918405532837 16499
1763399682500 1.841886043548584 16799
1763399848457 1.8223437070846558 17099
1763400014448 1.8370682001113892 17399
1763400179981 1.8205857276916504 17699
1763400345590 1.8222090005874634 17999
1763400511367 1.7995229959487915 18299
1763400677566 1.8013272285461426 18599
1763400843735 1.8108283281326294 18899
1763401010135 1.7960069179534912 19199
1763401176264 1.807615876197815 19499
1763401342576 1.789377212524414 19799
1763401508918 1.7974640130996704 20099
1763401675276 1.8026471138000488 20399
1763401841316 1.8037571907043457 20699
1763402007682 1.7984285354614258 20999
1763402174001 1.8004738092422485 21299
