1763390551565 2.8627774715423584 299
1763390717156 1.7332195043563843 599
1763390882807 1.5371417999267578 899
1763391048637 1.486048936843872 1199
1763391214439 1.4473819732666016 1499
1763391380345 1.4009603261947632 1799
1763391546082 1.3782179355621338 2099
1763391711947 1.3606940507888794 2399
1763391877660 1.333272099494934 2699
1763392043896 1.320157766342163 2999
1763392210190 1.3033194541931152 3299
1763392376309 1.3068938255310059 3599
1763392542147 1.3079185485839844 3899
1763392708305 1.2698031663894653 4199
1763392874438 1.2626667022705078 4499
1763393040473 1.263993501663208 4799
1763393206732 1.2708635330200195 5099
1763393372767 1.2684282064437866 5399
1763393539179 1.2509379386901855 5699
1763393705479 1.2399637699127197 5999
1763393871621 1.246392011642456 6299
1763394037789 1.2257508039474487 6599
1763394203979 1.2191121578216553 6899
1763394369980 1.2236109972000122 7199
1763394536003 1.2221242189407349 7499
1763394702259 1.228280782699585 7799
1763394868475 1.2041271924972534 8099
1763395034580 1.2122321128845215 8399
1763395200700 1.2072652578353882 8699
1763395366675 1.2011780738830566 8999
1763395532699 1.1924681663513184 9299
1763395698919 1.1895049810409546 9599
1763395864796 1.1943715810775757 9899
1763396031078 1.1908313035964966 10199
1763396197280 1.1752004623413086 10499
1763396363415 1.1824274063110352 10799
1763396529543 1.1883074045181274 11099
1763396695692 1.1664987802505493 11399
1763396861864 1.1653180122375488 11699
1763397027927 1.1681631803512573 11999
1763397194146 1.131044864654541 12299
1763397360141 1.1239869594573975 12599
1763397526203 1.1312109231948853 12899
1763397692177 1.1235705614089966 13199
1763397858437 1.1151257753372192 13499
1763398024617 1.1210089921951294 13799
1763398190643 1.1220746040344238 14099
1763398356441 1.1269497871398926 14399
1763398522303 1.1076210737228394 14699
1763398688122 1.120359182357788 14999
1763398853873 1.1204649209976196 15299
1763399019551 1.1104305982589722 15599
1763399185368 1.1130015850067139 15899
1763399351043 1.1162229776382446 16199
1763399516738 1.1199109554290771 16499
1763399682500 1.115929126739502 16799
1763399848457 1.1095575094223022 17099
1763400014448 1.1114654541015625 17399
1763400179981 1.115784764289856 17699
1763400345590 1.1036790609359741 17999
1763400511367 1.096613883972168 18299
1763400677566 1.0958517789840698 18599
1763400843735 1.1045514345169067 18899
1763401010135 1.09134840965271 19199
1763401176264 1.0924214124679565 19499
1763401342576 1.0898643732070923 19799
1763401508918 1.0982495546340942 20099
1763401675276 1.0945693254470825 20399
1763401841316 1.101843237876892 20699
1763402007682 1.0948834419250488 20999
1763402174001 1.0963878631591797 21299
