1763390551565 0.32589811086654663 299
1763390717156 0.21688656508922577 599
1763390882807 0.20059874653816223 899
1763391048637 0.19615571200847626 1199
1763391214439 0.19342097640037537 1499
1763391380345 0.1898375153541565 1799
1763391546082 0.1874760389328003 2099
1763391711947 0.18623727560043335 2399
1763391877660 0.18297892808914185 2699
1763392043896 0.18172575533390045 2999
1763392210190 0.1805478185415268 3299
1763392376309 0.17954614758491516 3599
1763392542147 0.18000313639640808 3899
1763392708305 0.17559875547885895 4199
1763392874438 0.17467251420021057 4499
1763393040473 0.17478860914707184 4799
1763393206732 0.17493237555027008 5099
1763393372767 0.1755456030368805 5399
1763393539179 0.17274366319179535 5699
1763393705479 0.17199239134788513 5999
1763393871621 0.17216159403324127 6299
1763394037789 0.1699163168668747 6599
1763394203979 0.169835165143013 6899
1763394369980 0.16900601983070374 7199
1763394536003 0.16970165073871613 7499
1763394702259 0.1690419763326645 7799
1763394868475 0.16796757280826569 8099
1763395034580 0.16811878979206085 8399
1763395200700 0.1667611300945282 8699
1763395366675 0.16691546142101288 8999
1763395532699 0.1652984619140625 9299
1763395698919 0.1653652787208557 9599
1763395864796 0.1656881868839264 9899
1763396031078 0.16546358168125153 10199
1763396197280 0.16442199051380157 10499
1763396363415 0.16376595199108124 10799
1763396529543 0.1639977991580963 11099
1763396695692 0.1617477834224701 11399
1763396861864 0.16278864443302155 11699
1763397027927 0.16186891496181488 11999
1763397194146 0.1576818823814392 12299
1763397360141 0.1566232293844223 12599
1763397526203 0.15732301771640778 12899
1763397692177 0.15713544189929962 13199
1763397858437 0.15555621683597565 13499
1763398024617 0.1558971107006073 13799
1763398190643 0.1557406634092331 14099
1763398356441 0.15651965141296387 14399
1763398522303 0.15496164560317993 14699
1763398688122 0.15602949261665344 14999
1763398853873 0.1551150679588318 15299
1763399019551 0.15505261719226837 15599
1763399185368 0.15483711659908295 15899
1763399351043 0.15455107390880585 16199
1763399516738 0.1552070528268814 16499
1763399682500 0.15446944534778595 16799
1763399848457 0.154421865940094 17099
1763400014448 0.1543758511543274 17399
1763400179981 0.15420155227184296 17699
1763400345590 0.1533471941947937 17999
1763400511367 0.15168048441410065 18299
1763400677566 0.15187837183475494 18599
1763400843735 0.1522955745458603 18899
1763401010135 0.15115557610988617 19199
1763401176264 0.15199938416481018 19499
1763401342576 0.1506100445985794 19799
1763401508918 0.15196530520915985 20099
1763401675276 0.1512516587972641 20399
1763401841316 0.1521727591753006 20699
1763402007682 0.15126198530197144 20999
1763402174001 0.15174974501132965 21299
