1763390551565 2.6488540172576904 299
1763390717156 1.6632970571517944 599
1763390882807 1.483202338218689 899
1763391048637 1.4340673685073853 1199
1763391214439 1.3981611728668213 1499
1763391380345 1.3542201519012451 1799
1763391546082 1.33226478099823 2099
1763391711947 1.315840482711792 2399
1763391877660 1.2892935276031494 2699
1763392043896 1.2767821550369263 2999
1763392210190 1.2608190774917603 3299
1763392376309 1.2658021450042725 3599
1763392542147 1.266365885734558 3899
1763392708305 1.2298821210861206 4199
1763392874438 1.223135232925415 4499
1763393040473 1.2253113985061646 4799
1763393206732 1.230701208114624 5099
1763393372767 1.2295399904251099 5399
1763393539179 1.2132165431976318 5699
1763393705479 1.2016252279281616 5999
1763393871621 1.208522081375122 6299
1763394037789 1.1890196800231934 6599
1763394203979 1.1817114353179932 6899
1763394369980 1.1865119934082031 7199
1763394536003 1.185551404953003 7499
1763394702259 1.1907793283462524 7799
1763394868475 1.1683340072631836 8099
1763395034580 1.1755212545394897 8399
1763395200700 1.1703482866287231 8699
1763395366675 1.1645225286483765 8999
1763395532699 1.1564829349517822 9299
1763395698919 1.1538701057434082 9599
1763395864796 1.1581671237945557 9899
1763396031078 1.1549991369247437 10199
1763396197280 1.1393508911132812 10499
1763396363415 1.1474075317382812 10799
1763396529543 1.1539065837860107 11099
1763396695692 1.1319470405578613 11399
1763396861864 1.1312233209609985 11699
1763397027927 1.1343785524368286 11999
1763397194146 1.0984550714492798 12299
1763397360141 1.0916146039962769 12599
1763397526203 1.0979703664779663 12899
1763397692177 1.0922101736068726 13199
1763397858437 1.0831717252731323 13499
1763398024617 1.0883216857910156 13799
1763398190643 1.0895415544509888 14099
1763398356441 1.0949175357818604 14399
1763398522303 1.0758966207504272 14699
1763398688122 1.087881088256836 14999
1763398853873 1.0875639915466309 15299
1763399019551 1.0786609649658203 15599
1763399185368 1.080761432647705 15899
1763399351043 1.0840715169906616 16199
1763399516738 1.0873667001724243 16499
1763399682500 1.0838373899459839 16799
1763399848457 1.0775747299194336 17099
1763400014448 1.0791689157485962 17399
1763400179981 1.0843137502670288 17699
1763400345590 1.073130488395691 17999
1763400511367 1.065219521522522 18299
1763400677566 1.0655494928359985 18599
1763400843735 1.0737242698669434 18899
1763401010135 1.0608513355255127 19199
1763401176264 1.0623400211334229 19499
1763401342576 1.0589187145233154 19799
1763401508918 1.0676041841506958 20099
1763401675276 1.0631904602050781 20399
1763401841316 1.0707824230194092 20699
1763402007682 1.064240574836731 20999
1763402174001 1.0647319555282593 21299
