1763390551565 2.6928436756134033 299
1763390717156 1.8862099647521973 599
1763390882807 1.7645349502563477 899
1763391048637 1.72884202003479 1199
1763391214439 1.7071311473846436 1499
1763391380345 1.6795848608016968 1799
1763391546082 1.653997540473938 2099
1763391711947 1.6501752138137817 2399
1763391877660 1.6101953983306885 2699
1763392043896 1.6035940647125244 2999
1763392210190 1.5804518461227417 3299
1763392376309 1.5736238956451416 3599
1763392542147 1.5896273851394653 3899
1763392708305 1.5408867597579956 4199
1763392874438 1.5419907569885254 4499
1763393040473 1.5330455303192139 4799
1763393206732 1.540207028388977 5099
1763393372767 1.542417049407959 5399
1763393539179 1.524104118347168 5699
1763393705479 1.5145082473754883 5999
1763393871621 1.5131553411483765 6299
1763394037789 1.4868930578231812 6599
1763394203979 1.4911965131759644 6899
1763394369980 1.4919344186782837 7199
1763394536003 1.495725393295288 7499
1763394702259 1.4751393795013428 7799
1763394868475 1.470977544784546 8099
1763395034580 1.4749529361724854 8399
1763395200700 1.465470552444458 8699
1763395366675 1.4599131345748901 8999
1763395532699 1.4486966133117676 9299
1763395698919 1.4486404657363892 9599
1763395864796 1.4498586654663086 9899
1763396031078 1.4565653800964355 10199
1763396197280 1.441513180732727 10499
1763396363415 1.4395813941955566 10799
1763396529543 1.4496968984603882 11099
1763396695692 1.4278007745742798 11399
1763396861864 1.4260650873184204 11699
1763397027927 1.4244674444198608 11999
1763397194146 1.3907431364059448 12299
1763397360141 1.3836333751678467 12599
1763397526203 1.3865009546279907 12899
1763397692177 1.3817578554153442 13199
1763397858437 1.3714704513549805 13499
1763398024617 1.374112844467163 13799
1763398190643 1.3677761554718018 14099
1763398356441 1.375045895576477 14399
1763398522303 1.3622283935546875 14699
1763398688122 1.3776216506958008 14999
1763398853873 1.3629767894744873 15299
1763399019551 1.364011526107788 15599
1763399185368 1.36196768283844 15899
1763399351043 1.3617271184921265 16199
1763399516738 1.3689879179000854 16499
1763399682500 1.35874605178833 16799
1763399848457 1.364344835281372 17099
1763400014448 1.3596404790878296 17399
1763400179981 1.3570399284362793 17699
1763400345590 1.3475795984268188 17999
1763400511367 1.3357133865356445 18299
1763400677566 1.334755778312683 18599
1763400843735 1.3364585638046265 18899
1763401010135 1.3279831409454346 19199
1763401176264 1.339666724205017 19499
1763401342576 1.3270630836486816 19799
1763401508918 1.3385947942733765 20099
1763401675276 1.3291194438934326 20399
1763401841316 1.343402624130249 20699
1763402007682 1.3268377780914307 20999
1763402174001 1.3409552574157715 21299
