1763390551565 2.6551015377044678 299
1763390717156 1.4636744260787964 599
1763390882807 1.2473292350769043 899
1763391048637 1.1849950551986694 1199
1763391214439 1.1411668062210083 1499
1763391380345 1.095942497253418 1799
1763391546082 1.0739903450012207 2099
1763391711947 1.0644948482513428 2399
1763391877660 1.0374398231506348 2699
1763392043896 1.0195648670196533 2999
1763392210190 1.016802191734314 3299
1763392376309 1.007729411125183 3599
1763392542147 1.0156824588775635 3899
1763392708305 0.9838164448738098 4199
1763392874438 0.9708845019340515 4499
1763393040473 0.9699466824531555 4799
1763393206732 0.9831731915473938 5099
1763393372767 0.977218508720398 5399
1763393539179 0.9581518769264221 5699
1763393705479 0.9506409168243408 5999
1763393871621 0.9611452221870422 6299
1763394037789 0.9407808780670166 6599
1763394203979 0.9398307800292969 6899
1763394369980 0.9389864206314087 7199
1763394536003 0.9348337054252625 7499
1763394702259 0.9483872652053833 7799
1763394868475 0.9274240732192993 8099
1763395034580 0.9277026057243347 8399
1763395200700 0.9277666807174683 8699
1763395366675 0.930583119392395 8999
1763395532699 0.9166433811187744 9299
1763395698919 0.9112483263015747 9599
1763395864796 0.9219040274620056 9899
1763396031078 0.917571485042572 10199
1763396197280 0.9036312699317932 10499
1763396363415 0.9082966446876526 10799
1763396529543 0.9166688919067383 11099
1763396695692 0.8969863653182983 11399
1763396861864 0.9009479880332947 11699
1763397027927 0.9041963815689087 11999
1763397194146 0.862389326095581 12299
1763397360141 0.856847882270813 12599
1763397526203 0.8633489012718201 12899
1763397692177 0.8574747443199158 13199
1763397858437 0.853387176990509 13499
1763398024617 0.8587647080421448 13799
1763398190643 0.8594737648963928 14099
1763398356441 0.8598319888114929 14399
1763398522303 0.8493123650550842 14699
1763398688122 0.8530539870262146 14999
1763398853873 0.8598150610923767 15299
1763399019551 0.8491604328155518 15599
1763399185368 0.8506156802177429 15899
1763399351043 0.8542647957801819 16199
1763399516738 0.8556960821151733 16499
1763399682500 0.8491513729095459 16799
1763399848457 0.8525248169898987 17099
1763400014448 0.8545384407043457 17399
1763400179981 0.8541326522827148 17699
1763400345590 0.8472052216529846 17999
1763400511367 0.8392764925956726 18299
1763400677566 0.8403483629226685 18599
1763400843735 0.8443533182144165 18899
1763401010135 0.8351616859436035 19199
1763401176264 0.8370945453643799 19499
1763401342576 0.8349141478538513 19799
1763401508918 0.8363009691238403 20099
1763401675276 0.8365718722343445 20399
1763401841316 0.8408403396606445 20699
1763402007682 0.8381072282791138 20999
1763402174001 0.8376668095588684 21299
