1763390551565 13.156920433044434 299
1763390717156 9.201597213745117 599
1763390882807 8.33963394165039 899
1763391048637 8.51877498626709 1199
1763391214439 8.418670654296875 1499
1763391380345 8.269529342651367 1799
1763391546082 8.243545532226562 2099
1763391711947 8.150452613830566 2399
1763391877660 8.101248741149902 2699
1763392043896 8.053054809570312 2999
1763392210190 7.912652492523193 3299
1763392376309 7.752509117126465 3599
1763392542147 7.781960487365723 3899
1763392708305 7.649173259735107 4199
1763392874438 7.64195442199707 4499
1763393040473 7.494348049163818 4799
1763393206732 7.505252361297607 5099
1763393372767 7.592504978179932 5399
1763393539179 7.3448662757873535 5699
1763393705479 7.450383186340332 5999
1763393871621 7.36383056640625 6299
1763394037789 7.332760334014893 6599
1763394203979 7.264711856842041 6899
1763394369980 7.2914719581604 7199
1763394536003 7.297466278076172 7499
1763394702259 7.247463226318359 7799
1763394868475 7.222896575927734 8099
1763395034580 7.265543460845947 8399
1763395200700 7.206730842590332 8699
1763395366675 7.03707218170166 8999
1763395532699 7.112551212310791 9299
1763395698919 6.97360372543335 9599
1763395864796 7.1158905029296875 9899
1763396031078 7.006115913391113 10199
1763396197280 7.0320868492126465 10499
1763396363415 6.759915828704834 10799
1763396529543 6.8047709465026855 11099
1763396695692 6.810422897338867 11399
1763396861864 6.838954925537109 11699
1763397027927 6.762089729309082 11999
1763397194146 6.532693862915039 12299
1763397360141 6.516212463378906 12599
1763397526203 6.621974945068359 12899
1763397692177 6.451162338256836 13199
1763397858437 6.4429030418396 13499
1763398024617 6.507940769195557 13799
1763398190643 6.318558692932129 14099
1763398356441 6.256309509277344 14399
1763398522303 6.358624458312988 14699
1763398688122 6.454509258270264 14999
1763398853873 6.381765365600586 15299
1763399019551 6.28784704208374 15599
1763399185368 6.40651273727417 15899
1763399351043 6.314877033233643 16199
1763399516738 6.294168472290039 16499
1763399682500 6.367887020111084 16799
1763399848457 6.202821254730225 17099
1763400014448 6.3532891273498535 17399
1763400179981 6.094250202178955 17699
1763400345590 6.156637191772461 17999
1763400511367 6.1037516593933105 18299
1763400677566 5.946943283081055 18599
1763400843735 6.0505781173706055 18899
1763401010135 5.998117446899414 19199
1763401176264 5.981818199157715 19499
1763401342576 5.943186283111572 19799
1763401508918 6.024420738220215 20099
1763401675276 6.183984756469727 20399
1763401841316 6.013341426849365 20699
1763402007682 6.078690052032471 20999
1763402174001 6.132309436798096 21299
