1763390551565 11.9796724319458 299
1763390717156 8.131272315979004 599
1763390882807 7.164846897125244 899
1763391048637 7.167398929595947 1199
1763391214439 7.0596604347229 1499
1763391380345 6.87226676940918 1799
1763391546082 6.791558742523193 2099
1763391711947 6.8996686935424805 2399
1763391877660 6.706867218017578 2699
1763392043896 6.676933288574219 2999
1763392210190 6.561493873596191 3299
1763392376309 6.420968055725098 3599
1763392542147 6.330708026885986 3899
1763392708305 6.282489776611328 4199
1763392874438 6.229538440704346 4499
1763393040473 6.21892786026001 4799
1763393206732 6.119543075561523 5099
1763393372767 6.157976150512695 5399
1763393539179 5.964386940002441 5699
1763393705479 6.178362846374512 5999
1763393871621 5.887386798858643 6299
1763394037789 5.945636749267578 6599
1763394203979 5.902408599853516 6899
1763394369980 5.824467658996582 7199
1763394536003 5.879913806915283 7499
1763394702259 5.902439117431641 7799
1763394868475 5.8546295166015625 8099
1763395034580 5.996555328369141 8399
1763395200700 5.850342273712158 8699
1763395366675 5.825556755065918 8999
1763395532699 5.645489692687988 9299
1763395698919 5.718705654144287 9599
1763395864796 5.77913236618042 9899
1763396031078 5.6208815574646 10199
1763396197280 5.640388488769531 10499
1763396363415 5.456508636474609 10799
1763396529543 5.518235683441162 11099
1763396695692 5.582077503204346 11399
1763396861864 5.548830509185791 11699
1763397027927 5.413915157318115 11999
1763397194146 5.195303440093994 12299
1763397360141 5.207893371582031 12599
1763397526203 5.370482444763184 12899
1763397692177 5.1321916580200195 13199
1763397858437 5.132296085357666 13499
1763398024617 5.089131832122803 13799
1763398190643 5.0869927406311035 14099
1763398356441 4.98235559463501 14399
1763398522303 5.053887367248535 14699
1763398688122 5.096221923828125 14999
1763398853873 5.150047779083252 15299
1763399019551 5.003732204437256 15599
1763399185368 5.02905797958374 15899
1763399351043 4.975148677825928 16199
1763399516738 5.0330023765563965 16499
1763399682500 4.9901957511901855 16799
1763399848457 4.920350551605225 17099
1763400014448 5.077213764190674 17399
1763400179981 4.8193278312683105 17699
1763400345590 4.909970760345459 17999
1763400511367 4.8417558670043945 18299
1763400677566 4.804042339324951 18599
1763400843735 4.754911422729492 18899
1763401010135 4.806445598602295 19199
1763401176264 4.771224021911621 19499
1763401342576 4.732499122619629 19799
1763401508918 4.845907688140869 20099
1763401675276 4.951440811157227 20399
1763401841316 4.807650566101074 20699
1763402007682 4.824859142303467 20999
1763402174001 4.762438774108887 21299
