1763390551565 2.9158709049224854 299
1763390717156 1.988174557685852 599
1763390882807 1.8497095108032227 899
1763391048637 1.8123347759246826 1199
1763391214439 1.7872710227966309 1499
1763391380345 1.7577153444290161 1799
1763391546082 1.7326945066452026 2099
1763391711947 1.7258189916610718 2399
1763391877660 1.683610439300537 2699
1763392043896 1.6775054931640625 2999
1763392210190 1.6520062685012817 3299
1763392376309 1.6440095901489258 3599
1763392542147 1.6608651876449585 3899
1763392708305 1.6089287996292114 4199
1763392874438 1.6097462177276611 4499
1763393040473 1.6001060009002686 4799
1763393206732 1.6066429615020752 5099
1763393372767 1.608908772468567 5399
1763393539179 1.588809609413147 5699
1763393705479 1.580514907836914 5999
1763393871621 1.5773229598999023 6299
1763394037789 1.549710988998413 6599
1763394203979 1.5549132823944092 6899
1763394369980 1.5549875497817993 7199
1763394536003 1.5587613582611084 7499
1763394702259 1.5376133918762207 7799
1763394868475 1.5313148498535156 8099
1763395034580 1.5385910272598267 8399
1763395200700 1.5268465280532837 8699
1763395366675 1.521506667137146 8999
1763395532699 1.5089174509048462 9299
1763395698919 1.5086314678192139 9599
1763395864796 1.511144995689392 9899
1763396031078 1.5159865617752075 10199
1763396197280 1.5023174285888672 10499
1763396363415 1.4979482889175415 10799
1763396529543 1.5084171295166016 11099
1763396695692 1.48665452003479 11399
1763396861864 1.4848519563674927 11699
1763397027927 1.4824525117874146 11999
1763397194146 1.4453761577606201 12299
1763397360141 1.438146710395813 12599
1763397526203 1.4428343772888184 12899
1763397692177 1.4351341724395752 13199
1763397858437 1.426088809967041 13499
1763398024617 1.4284894466400146 13799
1763398190643 1.4227186441421509 14099
1763398356441 1.4274089336395264 14399
1763398522303 1.4149737358093262 14699
1763398688122 1.4320858716964722 14999
1763398853873 1.4176284074783325 15299
1763399019551 1.4171327352523804 15599
1763399185368 1.4160605669021606 15899
1763399351043 1.4156664609909058 16199
1763399516738 1.423741102218628 16499
1763399682500 1.411846399307251 16799
1763399848457 1.4188275337219238 17099
1763400014448 1.4136489629745483 17399
1763400179981 1.4088780879974365 17699
1763400345590 1.3993333578109741 17999
1763400511367 1.387459397315979 18299
1763400677566 1.3845404386520386 18599
1763400843735 1.3882402181625366 18899
1763401010135 1.3794885873794556 19199
1763401176264 1.391045093536377 19499
1763401342576 1.3780542612075806 19799
1763401508918 1.3903926610946655 20099
1763401675276 1.3815627098083496 20399
1763401841316 1.3955656290054321 20699
1763402007682 1.3769798278808594 20999
1763402174001 1.3917102813720703 21299
