1763390551565 2.656538724899292 299
1763390717156 1.819693684577942 599
1763390882807 1.6911557912826538 899
1763391048637 1.6524088382720947 1199
1763391214439 1.631010890007019 1499
1763391380345 1.6013343334197998 1799
1763391546082 1.5811784267425537 2099
1763391711947 1.5715547800064087 2399
1763391877660 1.5441559553146362 2699
1763392043896 1.5336158275604248 2999
1763392210190 1.5247843265533447 3299
1763392376309 1.5175105333328247 3599
1763392542147 1.52152419090271 3899
1763392708305 1.484256625175476 4199
1763392874438 1.4768669605255127 4499
1763393040473 1.4787150621414185 4799
1763393206732 1.4798483848571777 5099
1763393372767 1.485280990600586 5399
1763393539179 1.4630193710327148 5699
1763393705479 1.4548457860946655 5999
1763393871621 1.4579744338989258 6299
1763394037789 1.4386502504348755 6599
1763394203979 1.4378498792648315 6899
1763394369980 1.4312106370925903 7199
1763394536003 1.4369767904281616 7499
1763394702259 1.4314329624176025 7799
1763394868475 1.4230928421020508 8099
1763395034580 1.4231349229812622 8399
1763395200700 1.4122737646102905 8699
1763395366675 1.4141931533813477 8999
1763395532699 1.4008378982543945 9299
1763395698919 1.40192711353302 9599
1763395864796 1.4033554792404175 9899
1763396031078 1.402898907661438 10199
1763396197280 1.3932400941848755 10499
1763396363415 1.3895342350006104 10799
1763396529543 1.3912535905838013 11099
1763396695692 1.3711203336715698 11399
1763396861864 1.3802803754806519 11699
1763397027927 1.3731573820114136 11999
1763397194146 1.338729977607727 12299
1763397360141 1.329673409461975 12599
1763397526203 1.3344943523406982 12899
1763397692177 1.3352749347686768 13199
1763397858437 1.3210148811340332 13499
1763398024617 1.3235359191894531 13799
1763398190643 1.3227038383483887 14099
1763398356441 1.3307085037231445 14399
1763398522303 1.316451907157898 14699
1763398688122 1.3248616456985474 14999
1763398853873 1.3168284893035889 15299
1763399019551 1.317378044128418 15599
1763399185368 1.314780831336975 15899
1763399351043 1.3129431009292603 16199
1763399516738 1.317956805229187 16499
1763399682500 1.3119803667068481 16799
1763399848457 1.3122718334197998 17099
1763400014448 1.3107653856277466 17399
1763400179981 1.3113123178482056 17699
1763400345590 1.3036952018737793 17999
1763400511367 1.2893753051757812 18299
1763400677566 1.2920784950256348 18599
1763400843735 1.2949436902999878 18899
1763401010135 1.2852977514266968 19199
1763401176264 1.2929481267929077 19499
1763401342576 1.28102707862854 19799
1763401508918 1.2920539379119873 20099
1763401675276 1.284591794013977 20399
1763401841316 1.2939666509628296 20699
1763402007682 1.2862236499786377 20999
1763402174001 1.2903923988342285 21299
