1763390551565 2.4543468952178955 299
1763390717156 1.2057088613510132 599
1763390882807 0.983096718788147 899
1763391048637 0.907674252986908 1199
1763391214439 0.8595245480537415 1499
1763391380345 0.8113738298416138 1799
1763391546082 0.7932782769203186 2099
1763391711947 0.7868767380714417 2399
1763391877660 0.7584059238433838 2699
1763392043896 0.7470850944519043 2999
1763392210190 0.743607759475708 3299
1763392376309 0.7264596819877625 3599
1763392542147 0.7349211573600769 3899
1763392708305 0.7058939933776855 4199
1763392874438 0.6960761547088623 4499
1763393040473 0.6893022060394287 4799
1763393206732 0.708114743232727 5099
1763393372767 0.6953023076057434 5399
1763393539179 0.6821138262748718 5699
1763393705479 0.6727567911148071 5999
1763393871621 0.6873124837875366 6299
1763394037789 0.6583299040794373 6599
1763394203979 0.6649731397628784 6899
1763394369980 0.6610828638076782 7199
1763394536003 0.6557414531707764 7499
1763394702259 0.6633413434028625 7799
1763394868475 0.6457700729370117 8099
1763395034580 0.6437934041023254 8399
1763395200700 0.6460309028625488 8699
1763395366675 0.6494351029396057 8999
1763395532699 0.6414508819580078 9299
1763395698919 0.6303616166114807 9599
1763395864796 0.6430069804191589 9899
1763396031078 0.6387332081794739 10199
1763396197280 0.6214720010757446 10499
1763396363415 0.6264617443084717 10799
1763396529543 0.6350768208503723 11099
1763396695692 0.6224139928817749 11399
1763396861864 0.6229821443557739 11699
1763397027927 0.6279544234275818 11999
1763397194146 0.5805859565734863 12299
1763397360141 0.5773288607597351 12599
1763397526203 0.5785701274871826 12899
1763397692177 0.5732464790344238 13199
1763397858437 0.5750671625137329 13499
1763398024617 0.5787849426269531 13799
1763398190643 0.5790751576423645 14099
1763398356441 0.5745793581008911 14399
1763398522303 0.5756120681762695 14699
1763398688122 0.5746957063674927 14999
1763398853873 0.5771710872650146 15299
1763399019551 0.5711255669593811 15599
1763399185368 0.571856677532196 15899
1763399351043 0.5780164003372192 16199
1763399516738 0.5772453546524048 16499
1763399682500 0.5739358067512512 16799
1763399848457 0.5761078596115112 17099
1763400014448 0.5741711258888245 17399
1763400179981 0.5761402249336243 17699
1763400345590 0.573003888130188 17999
1763400511367 0.5600807070732117 18299
1763400677566 0.562272846698761 18599
1763400843735 0.5623452663421631 18899
1763401010135 0.5605376362800598 19199
1763401176264 0.558722972869873 19499
1763401342576 0.5582737326622009 19799
1763401508918 0.5564163327217102 20099
1763401675276 0.5592382550239563 20399
1763401841316 0.5609790086746216 20699
1763402007682 0.5590531229972839 20999
1763402174001 0.55733323097229 21299
