1763390551565 15.817642211914062 299
1763390717156 6.460562229156494 599
1763390882807 5.672088623046875 899
1763391048637 5.498702526092529 1199
1763391214439 5.361385345458984 1499
1763391380345 5.23238468170166 1799
1763391546082 5.1297783851623535 2099
1763391711947 5.054027557373047 2399
1763391877660 4.912200450897217 2699
1763392043896 4.85756778717041 2999
1763392210190 4.800411701202393 3299
1763392376309 4.734836578369141 3599
1763392542147 4.7619099617004395 3899
1763392708305 4.562046527862549 4199
1763392874438 4.520766258239746 4499
1763393040473 4.543185234069824 4799
1763393206732 4.508398532867432 5099
1763393372767 4.581814765930176 5399
1763393539179 4.437983989715576 5699
1763393705479 4.408051013946533 5999
1763393871621 4.409372329711914 6299
1763394037789 4.326815605163574 6599
1763394203979 4.317811012268066 6899
1763394369980 4.260231971740723 7199
1763394536003 4.333968162536621 7499
1763394702259 4.275212287902832 7799
1763394868475 4.2313232421875 8099
1763395034580 4.241181373596191 8399
1763395200700 4.156854152679443 8699
1763395366675 4.170852184295654 8999
1763395532699 4.106143474578857 9299
1763395698919 4.1245832443237305 9599
1763395864796 4.128452777862549 9899
1763396031078 4.098413944244385 10199
1763396197280 4.084164142608643 10499
1763396363415 4.041083812713623 10799
1763396529543 4.044071197509766 11099
1763396695692 3.9367873668670654 11399
1763396861864 4.000211715698242 11699
1763397027927 3.952916145324707 11999
1763397194146 3.804525375366211 12299
1763397360141 3.7404158115386963 12599
1763397526203 3.787297487258911 12899
1763397692177 3.7730863094329834 13199
1763397858437 3.6853837966918945 13499
1763398024617 3.706278085708618 13799
1763398190643 3.690349578857422 14099
1763398356441 3.741206169128418 14399
1763398522303 3.6640350818634033 14699
1763398688122 3.725304126739502 14999
1763398853873 3.6608383655548096 15299
1763399019551 3.6847176551818848 15599
1763399185368 3.676255464553833 15899
1763399351043 3.648594856262207 16199
1763399516738 3.6876578330993652 16499
1763399682500 3.6493754386901855 16799
1763399848457 3.6392407417297363 17099
1763400014448 3.6534059047698975 17399
1763400179981 3.6292850971221924 17699
1763400345590 3.5816380977630615 17999
1763400511367 3.5150105953216553 18299
1763400677566 3.5439136028289795 18599
1763400843735 3.568126678466797 18899
1763401010135 3.505704879760742 19199
1763401176264 3.5646536350250244 19499
1763401342576 3.473504066467285 19799
1763401508918 3.5594701766967773 20099
1763401675276 3.504345655441284 20399
1763401841316 3.556697368621826 20699
1763402007682 3.5142502784729004 20999
1763402174001 3.542482376098633 21299
