1763390551565 11.068413734436035 299
1763390717156 6.539170742034912 599
1763390882807 5.530299186706543 899
1763391048637 5.467243194580078 1199
1763391214439 5.3147969245910645 1499
1763391380345 5.1128363609313965 1799
1763391546082 5.094560623168945 2099
1763391711947 5.050238609313965 2399
1763391877660 4.922996520996094 2699
1763392043896 4.91526985168457 2999
1763392210190 4.78968620300293 3299
1763392376309 4.673861503601074 3599
1763392542147 4.699883937835693 3899
1763392708305 4.578741550445557 4199
1763392874438 4.54066801071167 4499
1763393040473 4.496992588043213 4799
1763393206732 4.481796741485596 5099
1763393372767 4.471571445465088 5399
1763393539179 4.33866548538208 5699
1763393705479 4.454385757446289 5999
1763393871621 4.323308944702148 6299
1763394037789 4.284170627593994 6599
1763394203979 4.295410633087158 6899
1763394369980 4.2495551109313965 7199
1763394536003 4.2557854652404785 7499
1763394702259 4.276681900024414 7799
1763394868475 4.2058868408203125 8099
1763395034580 4.2954912185668945 8399
1763395200700 4.21095085144043 8699
1763395366675 4.183719635009766 8999
1763395532699 4.11590576171875 9299
1763395698919 4.0885820388793945 9599
1763395864796 4.163393497467041 9899
1763396031078 4.079970836639404 10199
1763396197280 4.087435722351074 10499
1763396363415 3.9491615295410156 10799
1763396529543 3.9727303981781006 11099
1763396695692 4.01032018661499 11399
1763396861864 3.996291399002075 11699
1763397027927 3.9283502101898193 11999
1763397194146 3.7468209266662598 12299
1763397360141 3.7372519969940186 12599
1763397526203 3.8443496227264404 12899
1763397692177 3.6809730529785156 13199
1763397858437 3.699953556060791 13499
1763398024617 3.6982522010803223 13799
1763398190643 3.684324264526367 14099
1763398356441 3.5968308448791504 14399
1763398522303 3.6386940479278564 14699
1763398688122 3.706385612487793 14999
1763398853873 3.7238733768463135 15299
1763399019551 3.619168281555176 15599
1763399185368 3.6710615158081055 15899
1763399351043 3.6231305599212646 16199
1763399516738 3.6704113483428955 16499
1763399682500 3.6321442127227783 16799
1763399848457 3.603923797607422 17099
1763400014448 3.6666486263275146 17399
1763400179981 3.509988784790039 17699
1763400345590 3.5331788063049316 17999
1763400511367 3.5053727626800537 18299
1763400677566 3.4217629432678223 18599
1763400843735 3.4688165187835693 18899
1763401010135 3.467884063720703 19199
1763401176264 3.447866678237915 19499
1763401342576 3.4331512451171875 19799
1763401508918 3.4920198917388916 20099
1763401675276 3.573122024536133 20399
1763401841316 3.4819324016571045 20699
1763402007682 3.4598288536071777 20999
1763402174001 3.4731929302215576 21299
