1763390551565 9.279770851135254 299
1763390717156 3.507939338684082 599
1763390882807 2.455266237258911 899
1763391048637 2.338038682937622 1199
1763391214439 2.063899040222168 1499
1763391380345 1.911313533782959 1799
1763391546082 1.7766973972320557 2099
1763391711947 1.7463910579681396 2399
1763391877660 1.6608015298843384 2699
1763392043896 1.6245921850204468 2999
1763392210190 1.5977842807769775 3299
1763392376309 1.4785213470458984 3599
1763392542147 1.570085048675537 3899
1763392708305 1.4644954204559326 4199
1763392874438 1.4322936534881592 4499
1763393040473 1.4299784898757935 4799
1763393206732 1.4468899965286255 5099
1763393372767 1.404609203338623 5399
1763393539179 1.3418470621109009 5699
1763393705479 1.3548849821090698 5999
1763393871621 1.3709468841552734 6299
1763394037789 1.3104861974716187 6599
1763394203979 1.3050216436386108 6899
1763394369980 1.311815619468689 7199
1763394536003 1.2677457332611084 7499
1763394702259 1.3750436305999756 7799
1763394868475 1.300044059753418 8099
1763395034580 1.3328841924667358 8399
1763395200700 1.3005647659301758 8699
1763395366675 1.310915231704712 8999
1763395532699 1.2937355041503906 9299
1763395698919 1.255623698234558 9599
1763395864796 1.2930244207382202 9899
1763396031078 1.2566111087799072 10199
1763396197280 1.2190662622451782 10499
1763396363415 1.2125186920166016 10799
1763396529543 1.2189953327178955 11099
1763396695692 1.2340236902236938 11399
1763396861864 1.2278074026107788 11699
1763397027927 1.2387970685958862 11999
1763397194146 1.1292433738708496 12299
1763397360141 1.0819607973098755 12599
1763397526203 1.1403661966323853 12899
1763397692177 1.0987730026245117 13199
1763397858437 1.091363787651062 13499
1763398024617 1.1025997400283813 13799
1763398190643 1.1341257095336914 14099
1763398356441 1.0576030015945435 14399
1763398522303 1.0983973741531372 14699
1763398688122 1.1043416261672974 14999
1763398853873 1.1458741426467896 15299
1763399019551 1.07587468624115 15599
1763399185368 1.1098600625991821 15899
1763399351043 1.1005860567092896 16199
1763399516738 1.1009633541107178 16499
1763399682500 1.0925897359848022 16799
1763399848457 1.0999417304992676 17099
1763400014448 1.1214940547943115 17399
1763400179981 1.04640793800354 17699
1763400345590 1.0473078489303589 17999
1763400511367 1.0612155199050903 18299
1763400677566 1.0108448266983032 18599
1763400843735 1.0441759824752808 18899
1763401010135 1.0100555419921875 19199
1763401176264 0.9993915557861328 19499
1763401342576 1.0479891300201416 19799
1763401508918 1.0693740844726562 20099
1763401675276 1.079205870628357 20399
1763401841316 1.0447546243667603 20699
1763402007682 1.0397067070007324 20999
1763402174001 1.0591423511505127 21299
