1763390551565 2.7231156826019287 299
1763390717156 2.0093154907226562 599
1763390882807 1.9234392642974854 899
1763391048637 1.8905068635940552 1199
1763391214439 1.879630446434021 1499
1763391380345 1.8598730564117432 1799
1763391546082 1.8407576084136963 2099
1763391711947 1.830765962600708 2399
1763391877660 1.8114699125289917 2699
1763392043896 1.8012189865112305 2999
1763392210190 1.7967969179153442 3299
1763392376309 1.7852457761764526 3599
1763392542147 1.7832252979278564 3899
1763392708305 1.748284101486206 4199
1763392874438 1.7385611534118652 4499
1763393040473 1.7541104555130005 4799
1763393206732 1.7392551898956299 5099
1763393372767 1.7493129968643188 5399
1763393539179 1.7250123023986816 5699
1763393705479 1.720948338508606 5999
1763393871621 1.7183895111083984 6299
1763394037789 1.7050288915634155 6599
1763394203979 1.7054013013839722 6899
1763394369980 1.6781957149505615 7199
1763394536003 1.6994832754135132 7499
1763394702259 1.6849009990692139 7799
1763394868475 1.6956863403320312 8099
1763395034580 1.6818746328353882 8399
1763395200700 1.6701539754867554 8699
1763395366675 1.6744134426116943 8999
1763395532699 1.6565814018249512 9299
1763395698919 1.6589548587799072 9599
1763395864796 1.6590765714645386 9899
1763396031078 1.6640651226043701 10199
1763396197280 1.656622290611267 10499
1763396363415 1.640946865081787 10799
1763396529543 1.636236548423767 11099
1763396695692 1.6190465688705444 11399
1763396861864 1.6396080255508423 11699
1763397027927 1.61690092086792 11999
1763397194146 1.5908393859863281 12299
1763397360141 1.5768452882766724 12599
1763397526203 1.5788195133209229 12899
1763397692177 1.5880943536758423 13199
1763397858437 1.5656181573867798 13499
1763398024617 1.5661838054656982 13799
1763398190643 1.5708177089691162 14099
1763398356441 1.5806585550308228 14399
1763398522303 1.5667495727539062 14699
1763398688122 1.5755935907363892 14999
1763398853873 1.557228684425354 15299
1763399019551 1.563341498374939 15599
1763399185368 1.5608961582183838 15899
1763399351043 1.5474672317504883 16199
1763399516738 1.561829924583435 16499
1763399682500 1.5504639148712158 16799
1763399848457 1.5554182529449463 17099
1763400014448 1.550150752067566 17399
1763400179981 1.5529038906097412 17699
1763400345590 1.5434348583221436 17999
1763400511367 1.525600790977478 18299
1763400677566 1.5351176261901855 18599
1763400843735 1.5310157537460327 18899
1763401010135 1.5215911865234375 19199
1763401176264 1.5335426330566406 19499
1763401342576 1.5106301307678223 19799
1763401508918 1.532138466835022 20099
1763401675276 1.5160439014434814 20399
1763401841316 1.5251853466033936 20699
1763402007682 1.5214790105819702 20999
1763402174001 1.528321385383606 21299
