1762693388334 0.0 299
1762693388396 0.0 299
1762693451637 1.0 599
1762693451693 1.0 599
1762693514511 2.0 899
1762693514542 2.0 899
1762693577493 3.0 1199
1762693577551 3.0 1199
1762693640336 4.0 1499
1762693640398 4.0 1499
1762693703597 5.0 1799
1762693703625 5.0 1799
1762693766866 6.0 2099
1762693766895 6.0 2099
1762693830384 7.0 2399
1762693830416 7.0 2399
1762693893456 8.0 2699
1762693893484 8.0 2699
1762693956802 9.0 2999
1762693956830 9.0 2999
1762694019968 10.0 3299
1762694020029 10.0 3299
1762694083388 11.0 3599
1762694083414 11.0 3599
1762694146598 12.0 3899
1762694146630 12.0 3899
1762694210176 13.0 4199
1762694210206 13.0 4199
1762694273420 14.0 4499
1762694273473 14.0 4499
1762694336511 15.0 4799
1762694336540 15.0 4799
1762694399852 16.0 5099
1762694399887 16.0 5099
1762694462931 17.0 5399
1762694462960 17.0 5399
1762694526536 18.0 5699
1762694526572 18.0 5699
1762694589872 19.0 5999
1762694589909 19.0 5999
1762694653205 20.0 6299
1762694653233 20.0 6299
1762694716356 21.0 6599
1762694716407 21.0 6599
1762694779646 22.0 6899
1762694779701 22.0 6899
1762694842806 23.0 7199
1762694842836 23.0 7199
1762694906375 24.0 7499
1762694906406 24.0 7499
1762694969647 25.0 7799
1762694969676 25.0 7799
1762695033044 26.0 8099
1762695033066 26.0 8099
1762695096263 27.0 8399
1762695096289 27.0 8399
1762695159606 28.0 8699
1762695159630 28.0 8699
1762695222949 29.0 8999
1762695222979 29.0 8999
1762695286435 30.0 9299
1762695286466 30.0 9299
1762695349524 31.0 9599
1762695349551 31.0 9599
1762695412694 32.0 9899
1762695412721 32.0 9899
1762695475923 33.0 10199
1762695475951 33.0 10199
1762695539131 34.0 10499
1762695539159 34.0 10499
1762695602666 35.0 10799
1762695602696 35.0 10799
1762695665818 36.0 11099
1762695665847 36.0 11099
1762695729060 37.0 11399
1762695729090 37.0 11399
1762695792133 38.0 11699
1762695792161 38.0 11699
1762695855506 39.0 11999
1762695855537 39.0 11999
1762695918650 40.0 12299
1762695918680 40.0 12299
1762695982268 41.0 12599
1762695982300 41.0 12599
1762696045229 42.0 12899
1762696045257 42.0 12899
1762696108112 43.0 13199
1762696108140 43.0 13199
1762696170794 44.0 13499
1762696170821 44.0 13499
1762696233478 45.0 13799
1762696233506 45.0 13799
1762696296494 46.0 14099
1762696296524 46.0 14099
1762696359952 47.0 14399
1762696359984 47.0 14399
1762696423053 48.0 14699
1762696423081 48.0 14699
1762696485764 49.0 14999
1762696485792 49.0 14999
1762696548643 50.0 15299
1762696548669 50.0 15299
1762696611310 51.0 15599
1762696611337 51.0 15599
1762696679484 52.0 15899
1762696679514 52.0 15899
1762696751042 53.0 16199
1762696751074 53.0 16199
1762696823172 54.0 16499
1762696823200 54.0 16499
1762696891140 55.0 16799
1762696891168 55.0 16799
1762696955966 56.0 17099
1762696955994 56.0 17099
1762697020915 57.0 17399
1762697020947 57.0 17399
1762697086266 58.0 17699
1762697086293 58.0 17699
1762697151245 59.0 17999
1762697151274 59.0 17999
1762697216123 60.0 18299
1762697216153 60.0 18299
1762697281298 61.0 18599
1762697281325 61.0 18599
1762697346428 62.0 18899
1762697346454 62.0 18899
1762697411662 63.0 19199
1762697411690 63.0 19199
1762697476570 64.0 19499
1762697476598 64.0 19499
1762697541374 65.0 19799
1762697541401 65.0 19799
1762697606101 66.0 20099
1762697606127 66.0 20099
1762697671348 67.0 20399
1762697671376 67.0 20399
1762697736162 68.0 20699
1762697736189 68.0 20699
1762697801380 69.0 20999
1762697801411 69.0 20999
1762697871540 70.0 21299
1762697871571 70.0 21299
1762697941604 71.0 21599
1762697941633 71.0 21599
1762698009543 72.0 21899
1762698009570 72.0 21899
1762699861032 73.0 21900
