1762693334954 0.001 49
1762693344412 0.001 99
1762693353855 0.001 149
1762693363273 0.001 199
1762693372649 0.001 249
1762693382079 0.001 299
1762693397720 0.001 349
1762693407272 0.001 399
1762693416851 0.001 449
1762693426318 0.001 499
1762693435765 0.001 549
1762693445215 0.001 599
1762693461072 0.001 649
1762693470598 0.001 699
1762693480124 0.001 749
1762693489530 0.001 799
1762693498865 0.001 849
1762693508223 0.001 899
1762693523921 0.001 949
1762693533428 0.001 999
1762693542949 0.001 1049
1762693552364 0.001 1099
1762693561764 0.001 1149
1762693571146 0.001 1199
1762693586880 0.001 1249
1762693596364 0.001 1299
1762693605815 0.001 1349
1762693615164 0.001 1399
1762693624516 0.001 1449
1762693633932 0.001 1499
1762693649771 0.001 1549
1762693659305 0.001 1599
1762693668789 0.001 1649
1762693678273 0.001 1699
1762693687772 0.001 1749
1762693697252 0.001 1799
1762693712965 0.001 1849
1762693722531 0.001 1899
1762693731936 0.001 1949
1762693741313 0.001 1999
1762693750728 0.001 2049
1762693760343 0.001 2099
1762693776310 0.001 2149
1762693785850 0.001 2199
1762693795305 0.001 2249
1762693804804 0.001 2299
1762693814287 0.001 2349
1762693823923 0.001 2399
1762693839809 0.001 2449
1762693849241 0.001 2499
1762693858620 0.001 2549
1762693868008 0.001 2599
1762693877484 0.001 2649
1762693887022 0.001 2699
1762693902888 0.001 2749
1762693912349 0.001 2799
1762693921844 0.001 2849
1762693931308 0.001 2899
1762693940834 0.001 2949
1762693950408 0.001 2999
1762693966124 0.001 3049
1762693975502 0.001 3099
1762693984961 0.001 3149
1762693994422 0.001 3199
1762694004014 0.001 3249
1762694013564 0.001 3299
1762694029321 0.001 3349
1762694038807 0.001 3399
1762694048344 0.001 3449
1762694057902 0.001 3499
1762694067434 0.001 3549
1762694077015 0.001 3599
1762694092682 0.001 3649
1762694102095 0.001 3699
1762694111489 0.001 3749
1762694121018 0.001 3799
1762694130644 0.001 3849
1762694140183 0.001 3899
1762694155969 0.001 3949
1762694165429 0.001 3999
1762694174972 0.001 4049
1762694184653 0.001 4099
1762694194308 0.001 4149
1762694203872 0.001 4199
1762694219487 0.001 4249
1762694228921 0.001 4299
1762694238428 0.001 4349
1762694248049 0.001 4399
1762694257618 0.001 4449
1762694267102 0.001 4499
1762694282783 0.001 4549
1762694292259 0.001 4599
1762694301772 0.001 4649
1762694311259 0.001 4699
1762694320795 0.001 4749
1762694330197 0.001 4799
1762694345803 0.001 4849
1762694355260 0.001 4899
1762694364933 0.001 4949
1762694374506 0.001 4999
1762694384069 0.001 5049
1762694393504 0.001 5099
1762694409173 0.001 5149
1762694418653 0.001 5199
1762694428202 0.001 5249
1762694437701 0.001 5299
1762694447196 0.001 5349
1762694456619 0.001 5399
1762694472216 0.001 5449
1762694481842 0.001 5499
1762694491459 0.001 5549
1762694501019 0.001 5599
1762694510592 0.001 5649
1762694520085 0.001 5699
1762694535954 0.001 5749
1762694545568 0.001 5799
1762694555104 0.001 5849
1762694564653 0.001 5899
1762694574080 0.001 5949
1762694583518 0.001 5999
1762694599258 0.001 6049
1762694608809 0.001 6099
1762694618368 0.001 6149
1762694627940 0.001 6199
1762694637380 0.001 6249
1762694646852 0.001 6299
1762694662558 0.001 6349
1762694672098 0.001 6399
1762694681678 0.001 6449
1762694691124 0.001 6499
1762694700593 0.001 6549
1762694710015 0.001 6599
1762694725805 0.001 6649
1762694735356 0.001 6699
1762694744914 0.001 6749
1762694754378 0.001 6799
1762694763831 0.001 6849
1762694773304 0.001 6899
1762694789062 0.001 6949
1762694798589 0.001 6999
1762694808041 0.001 7049
1762694817420 0.001 7099
1762694826841 0.001 7149
1762694836333 0.001 7199
1762694852259 0.001 7249
1762694861822 0.001 7299
1762694871327 0.001 7349
1762694880783 0.001 7399
1762694890341 0.001 7449
1762694899905 0.001 7499
1762694915817 0.001 7549
1762694925314 0.001 7599
1762694934767 0.001 7649
1762694944196 0.001 7699
1762694953662 0.001 7749
1762694963229 0.001 7799
1762694979097 0.001 7849
1762694988626 0.001 7899
1762694998119 0.001 7949
1762695007662 0.001 7999
1762695017197 0.001 8049
1762695026721 0.001 8099
1762695042394 0.001 8149
1762695051809 0.001 8199
1762695061238 0.001 8249
1762695070691 0.001 8299
1762695080284 0.001 8349
1762695089840 0.001 8399
1762695105716 0.001 8449
1762695115220 0.001 8499
1762695124710 0.001 8549
1762695134174 0.001 8599
1762695143693 0.001 8649
1762695153214 0.001 8699
1762695168941 0.001 8749
1762695178352 0.001 8799
1762695187776 0.001 8849
1762695197296 0.001 8899
1762695206945 0.001 8949
1762695216501 0.001 8999
1762695232298 0.001 9049
1762695241826 0.001 9099
1762695251334 0.001 9149
1762695261006 0.001 9199
1762695270535 0.001 9249
1762695280092 0.001 9299
1762695295694 0.001 9349
1762695305188 0.001 9399
1762695314625 0.001 9449
1762695324149 0.001 9499
1762695333683 0.001 9549
1762695343212 0.001 9599
1762695358849 0.001 9649
1762695368314 0.001 9699
1762695377812 0.001 9749
1762695387353 0.001 9799
1762695396890 0.001 9849
1762695406409 0.001 9899
1762695421970 0.001 9949
1762695431400 0.001 9999
1762695440977 0.001 10049
1762695450545 0.001 10099
1762695460103 0.001 10149
1762695469551 0.001 10199
1762695485280 0.001 10249
1762695494736 0.001 10299
1762695504337 0.001 10349
1762695513926 0.001 10399
1762695523450 0.001 10449
1762695532839 0.001 10499
1762695548436 0.001 10549
1762695557939 0.001 10599
1762695567477 0.001 10649
1762695577071 0.001 10699
1762695586682 0.001 10749
1762695596222 0.001 10799
1762695611984 0.001 10849
1762695621563 0.001 10899
1762695631121 0.001 10949
1762695640677 0.001 10999
1762695650125 0.001 11049
1762695659516 0.001 11099
1762695675160 0.001 11149
1762695684698 0.001 11199
1762695694253 0.001 11249
1762695703784 0.001 11299
1762695713244 0.001 11349
1762695722686 0.001 11399
1762695738431 0.001 11449
1762695747953 0.001 11499
1762695757476 0.001 11549
1762695766976 0.001 11599
1762695776420 0.001 11649
1762695785824 0.001 11699
1762695801573 0.001 11749
1762695811136 0.001 11799
1762695820703 0.001 11849
1762695830203 0.001 11899
1762695839708 0.001 11949
1762695849171 0.001 11999
1762695864931 0.0003 12049
1762695874479 0.0003 12099
1762695883993 0.0003 12149
1762695893377 0.0003 12199
1762695902793 0.0003 12249
1762695912196 0.0003 12299
1762695928069 0.0003 12349
1762695937691 0.0003 12399
1762695947278 0.0003 12449
1762695956784 0.0003 12499
1762695966268 0.0003 12549
1762695975762 0.0003 12599
1762695991714 0.0003 12649
1762696001245 0.0003 12699
1762696010646 0.0003 12749
1762696020014 0.0003 12799
1762696029384 0.0003 12849
1762696038872 0.0003 12899
1762696054571 0.0003 12949
1762696064118 0.0003 12999
1762696073520 0.0003 13049
1762696082945 0.0003 13099
1762696092386 0.0003 13149
1762696101784 0.0003 13199
1762696117396 0.0003 13249
1762696126773 0.0003 13299
1762696136135 0.0003 13349
1762696145515 0.0003 13399
1762696154900 0.0003 13449
1762696164414 0.0003 13499
1762696180170 0.0003 13549
1762696189610 0.0003 13599
1762696198972 0.0003 13649
1762696208397 0.0003 13699
1762696217774 0.0003 13749
1762696227177 0.0003 13799
1762696242798 0.0003 13849
1762696252142 0.0003 13899
1762696261501 0.0003 13949
1762696270856 0.0003 13999
1762696280411 0.0003 14049
1762696289989 0.0003 14099
1762696305897 0.0003 14149
1762696315367 0.0003 14199
1762696324874 0.0003 14249
1762696334373 0.0003 14299
1762696343895 0.0003 14349
1762696353440 0.0003 14399
1762696369282 0.0003 14449
1762696378665 0.0003 14499
1762696388059 0.0003 14549
1762696397513 0.0003 14599
1762696407102 0.0003 14649
1762696416640 0.0003 14699
1762696432309 0.0003 14749
1762696441695 0.0003 14799
1762696451089 0.0003 14849
1762696460533 0.0003 14899
1762696469997 0.0003 14949
1762696479441 0.0003 14999
1762696495002 0.0003 15049
1762696504370 0.0003 15099
1762696513753 0.0003 15149
1762696523283 0.0003 15199
1762696532824 0.0003 15249
1762696542346 0.0003 15299
1762696557880 0.0003 15349
1762696567275 0.0003 15399
1762696576693 0.0003 15449
1762696586143 0.0003 15499
1762696595597 0.0003 15549
1762696605007 0.0003 15599
1762696620577 0.0003 15649
1762696630163 0.0003 15699
1762696640659 0.0003 15749
1762696651302 0.0003 15799
1762696661794 0.0003 15849
1762696672072 0.0003 15899
1762696690018 0.0003 15949
1762696700424 0.0003 15999
1762696710968 0.0003 16049
1762696721623 0.0003 16099
1762696732082 0.0003 16149
1762696742877 0.0003 16199
1762696761511 0.0003 16249
1762696772291 0.0003 16299
1762696783292 0.0003 16349
1762696794138 0.0003 16399
1762696804700 0.0003 16449
1762696815597 0.0003 16499
1762696833419 0.0003 16549
1762696843793 0.0003 16599
1762696854348 0.0003 16649
1762696864768 0.0003 16699
1762696874561 0.0003 16749
1762696884410 0.0003 16799
1762696900821 0.0003 16849
1762696910522 0.0003 16899
1762696920237 0.0003 16949
1762696929917 0.0003 16999
1762696939593 0.0003 17049
1762696949318 0.0003 17099
1762696965508 0.0003 17149
1762696975153 0.0003 17199
1762696984804 0.0003 17249
1762696994462 0.0003 17299
1762697004265 0.0003 17349
1762697014085 0.0003 17399
1762697030532 0.0003 17449
1762697040299 0.0003 17499
1762697050067 0.0003 17549
1762697059875 0.0003 17599
1762697069681 0.0003 17649
1762697079526 0.0003 17699
1762697095802 0.0003 17749
1762697105492 0.0003 17799
1762697115172 0.0003 17849
1762697124947 0.0003 17899
1762697134753 0.0003 17949
1762697144579 0.0003 17999
1762697160799 8.999999999999999e-05 18049
1762697170451 8.999999999999999e-05 18099
1762697180173 8.999999999999999e-05 18149
1762697189960 8.999999999999999e-05 18199
1762697199763 8.999999999999999e-05 18249
1762697209455 8.999999999999999e-05 18299
1762697225704 8.999999999999999e-05 18349
1762697235433 8.999999999999999e-05 18399
1762697245272 8.999999999999999e-05 18449
1762697255092 8.999999999999999e-05 18499
1762697264895 8.999999999999999e-05 18549
1762697274580 8.999999999999999e-05 18599
1762697290894 8.999999999999999e-05 18649
1762697300667 8.999999999999999e-05 18699
1762697310438 8.999999999999999e-05 18749
1762697320175 8.999999999999999e-05 18799
1762697329894 8.999999999999999e-05 18849
1762697339790 8.999999999999999e-05 18899
1762697356041 8.999999999999999e-05 18949
1762697365815 8.999999999999999e-05 18999
1762697375650 8.999999999999999e-05 19049
1762697385435 8.999999999999999e-05 19099
1762697395176 8.999999999999999e-05 19149
1762697404907 8.999999999999999e-05 19199
1762697421336 8.999999999999999e-05 19249
1762697431145 8.999999999999999e-05 19299
1762697440936 8.999999999999999e-05 19349
1762697450620 8.999999999999999e-05 19399
1762697460265 8.999999999999999e-05 19449
1762697469896 8.999999999999999e-05 19499
1762697486225 8.999999999999999e-05 19549
1762697496031 8.999999999999999e-05 19599
1762697505739 8.999999999999999e-05 19649
1762697515422 8.999999999999999e-05 19699
1762697525074 8.999999999999999e-05 19749
1762697534741 8.999999999999999e-05 19799
1762697550934 8.999999999999999e-05 19849
1762697560635 8.999999999999999e-05 19899
1762697570266 8.999999999999999e-05 19949
1762697579913 8.999999999999999e-05 19999
1762697589591 8.999999999999999e-05 20049
1762697599349 8.999999999999999e-05 20099
1762697615780 8.999999999999999e-05 20149
1762697625639 8.999999999999999e-05 20199
1762697635748 8.999999999999999e-05 20249
1762697645424 8.999999999999999e-05 20299
1762697655064 8.999999999999999e-05 20349
1762697664734 8.999999999999999e-05 20399
1762697680918 8.999999999999999e-05 20449
1762697690558 8.999999999999999e-05 20499
1762697700187 8.999999999999999e-05 20549
1762697709796 8.999999999999999e-05 20599
1762697719578 8.999999999999999e-05 20649
1762697729367 8.999999999999999e-05 20699
1762697745835 8.999999999999999e-05 20749
1762697755536 8.999999999999999e-05 20799
1762697765256 8.999999999999999e-05 20849
1762697775007 8.999999999999999e-05 20899
1762697784785 8.999999999999999e-05 20949
1762697794562 8.999999999999999e-05 20999
1762697811731 8.999999999999999e-05 21049
1762697822011 8.999999999999999e-05 21099
1762697832280 8.999999999999999e-05 21149
1762697842803 8.999999999999999e-05 21199
1762697853410 8.999999999999999e-05 21249
1762697863987 8.999999999999999e-05 21299
1762697882045 8.999999999999999e-05 21349
1762697892508 8.999999999999999e-05 21399
1762697902860 8.999999999999999e-05 21449
1762697913270 8.999999999999999e-05 21499
1762697923553 8.999999999999999e-05 21549
1762697934073 8.999999999999999e-05 21599
1762697951736 8.999999999999999e-05 21649
1762697962479 8.999999999999999e-05 21699
1762697973113 8.999999999999999e-05 21749
1762697982961 8.999999999999999e-05 21799
1762697992623 8.999999999999999e-05 21849
1762698002630 8.999999999999999e-05 21899
