1762693388396 0.9815908670425415 299
1762693451693 0.5882200002670288 599
1762693514542 0.5674057006835938 899
1762693577551 0.5343050956726074 1199
1762693640398 0.5285938382148743 1499
1762693703625 0.514275074005127 1799
1762693766895 0.5177719593048096 2099
1762693830416 0.5060591697692871 2399
1762693893484 0.5031403303146362 2699
1762693956830 0.48459506034851074 2999
1762694020029 0.48472464084625244 3299
1762694083414 0.487344354391098 3599
1762694146630 0.5014718174934387 3899
1762694210206 0.48489508032798767 4199
1762694273473 0.4805326759815216 4499
1762694336540 0.47533199191093445 4799
1762694399887 0.4746602773666382 5099
1762694462960 0.47302061319351196 5399
1762694526572 0.4620903730392456 5699
1762694589909 0.47921404242515564 5999
1762694653233 0.4688011407852173 6299
1762694716407 0.4726102650165558 6599
1762694779701 0.4668135941028595 6899
1762694842836 0.4658578932285309 7199
1762694906406 0.4627702236175537 7499
1762694969676 0.46297699213027954 7799
1762695033066 0.46015089750289917 8099
1762695096289 0.45590049028396606 8399
1762695159630 0.4597303867340088 8699
1762695222979 0.4513055086135864 8999
1762695286466 0.4587632119655609 9299
1762695349551 0.45833367109298706 9599
1762695412721 0.45527034997940063 9899
1762695475951 0.4599354565143585 10199
1762695539159 0.46287259459495544 10499
1762695602696 0.4587370455265045 10799
1762695665847 0.45086830854415894 11099
1762695729090 0.465655118227005 11399
1762695792161 0.45705732703208923 11699
1762695855537 0.4558829665184021 11999
1762695918680 0.4161827266216278 12299
1762695982300 0.4110807478427887 12599
1762696045257 0.41207537055015564 12899
1762696108140 0.4115018844604492 13199
1762696170821 0.41181841492652893 13499
1762696233506 0.41586077213287354 13799
1762696296524 0.4127963185310364 14099
1762696359984 0.41333821415901184 14399
1762696423081 0.4117736220359802 14699
1762696485792 0.4146457016468048 14999
1762696548669 0.4120722711086273 15299
1762696611337 0.41344019770622253 15599
1762696679514 0.4145925045013428 15899
1762696751074 0.41155877709388733 16199
1762696823200 0.41097113490104675 16499
1762696891168 0.4140028953552246 16799
1762696955994 0.4122768044471741 17099
1762697020947 0.4136662185192108 17399
1762697086293 0.4125395715236664 17699
1762697151274 0.41064122319221497 17999
1762697216153 0.4039772152900696 18299
1762697281325 0.40198710560798645 18599
1762697346454 0.39813360571861267 18899
1762697411690 0.3982813060283661 19199
1762697476598 0.39936354756355286 19499
1762697541401 0.3993035852909088 19799
1762697606127 0.3987199366092682 20099
1762697671376 0.4008335471153259 20399
1762697736189 0.3989016115665436 20699
1762697801411 0.3983164131641388 20999
1762697871571 0.4028434455394745 21299
1762697941633 0.40014511346817017 21599
1762698009570 0.39964717626571655 21899
