1762693388396 1.5105292797088623 299
1762693451693 1.0923676490783691 599
1762693514542 1.0453497171401978 899
1762693577551 1.016372799873352 1199
1762693640398 0.9933905005455017 1499
1762693703625 0.9744645953178406 1799
1762693766895 0.9669739603996277 2099
1762693830416 0.9577351808547974 2399
1762693893484 0.9509711861610413 2699
1762693956830 0.9314509630203247 2999
1762694020029 0.9313115477561951 3299
1762694083414 0.9182009696960449 3599
1762694146630 0.9218336343765259 3899
1762694210206 0.9062803387641907 4199
1762694273473 0.9000501036643982 4499
1762694336540 0.8953437805175781 4799
1762694399887 0.8961083292961121 5099
1762694462960 0.8817123770713806 5399
1762694526572 0.883723795413971 5699
1762694589909 0.8799870610237122 5999
1762694653233 0.8767160177230835 6299
1762694716407 0.8744146227836609 6599
1762694779701 0.8702701330184937 6899
1762694842836 0.8634738922119141 7199
1762694906406 0.8613892197608948 7499
1762694969676 0.8625943660736084 7799
1762695033066 0.8547859787940979 8099
1762695096289 0.8557884693145752 8399
1762695159630 0.8526340126991272 8699
1762695222979 0.8510952591896057 8999
1762695286466 0.846253514289856 9299
1762695349551 0.8495655059814453 9599
1762695412721 0.8440233469009399 9899
1762695475951 0.8442996740341187 10199
1762695539159 0.8441497683525085 10499
1762695602696 0.8387550115585327 10799
1762695665847 0.8335990905761719 11099
1762695729090 0.834460437297821 11399
1762695792161 0.8287978768348694 11699
1762695855537 0.8295822739601135 11999
1762695918680 0.7892534732818604 12299
1762695982300 0.7852700352668762 12599
1762696045257 0.782589316368103 12899
1762696108140 0.7860898375511169 13199
1762696170821 0.7798528075218201 13499
1762696233506 0.7868970632553101 13799
1762696296524 0.7809333205223083 14099
1762696359984 0.7782818675041199 14399
1762696423081 0.776327908039093 14699
1762696485792 0.7764860987663269 14999
1762696548669 0.7703724503517151 15299
1762696611337 0.776045560836792 15599
1762696679514 0.7788445949554443 15899
1762696751074 0.7692579627037048 16199
1762696823200 0.7711725831031799 16499
1762696891168 0.7736696004867554 16799
1762696955994 0.765302836894989 17099
1762697020947 0.7688093781471252 17399
1762697086293 0.767524003982544 17699
1762697151274 0.7663677930831909 17999
1762697216153 0.7582420110702515 18299
1762697281325 0.7535662651062012 18599
1762697346454 0.7509537935256958 18899
1762697411690 0.7528185844421387 19199
1762697476598 0.7509885430335999 19499
1762697541401 0.7472288608551025 19799
1762697606127 0.7500518560409546 20099
1762697671376 0.7492270469665527 20399
1762697736189 0.7485054731369019 20699
1762697801411 0.7444531917572021 20999
1762697871571 0.749414324760437 21299
1762697941633 0.7489711046218872 21599
1762698009570 0.7430991530418396 21899
