1762693388396 5.611233234405518 299
1762693451693 3.134424924850464 599
1762693514542 3.0146093368530273 899
1762693577551 2.9194939136505127 1199
1762693640398 2.766216993331909 1499
1762693703625 2.608269453048706 1799
1762693766895 2.6864802837371826 2099
1762693830416 2.5145325660705566 2399
1762693893484 2.585482358932495 2699
1762693956830 2.4057841300964355 2999
1762694020029 2.4186606407165527 3299
1762694083414 2.366652011871338 3599
1762694146630 2.3770055770874023 3899
1762694210206 2.3448667526245117 4199
1762694273473 2.3147857189178467 4499
1762694336540 2.2758047580718994 4799
1762694399887 2.225851535797119 5099
1762694462960 2.2916173934936523 5399
1762694526572 2.1613433361053467 5699
1762694589909 2.1782264709472656 5999
1762694653233 2.1796438694000244 6299
1762694716407 2.1980302333831787 6599
1762694779701 2.207707405090332 6899
1762694842836 2.1240296363830566 7199
1762694906406 2.0673303604125977 7499
1762694969676 2.1842684745788574 7799
1762695033066 2.0774898529052734 8099
1762695096289 2.0774950981140137 8399
1762695159630 2.048159122467041 8699
1762695222979 2.0676705837249756 8999
1762695286466 2.0546329021453857 9299
1762695349551 2.060710906982422 9599
1762695412721 1.9984217882156372 9899
1762695475951 1.9933303594589233 10199
1762695539159 2.0186879634857178 10499
1762695602696 1.9984861612319946 10799
1762695665847 1.9394264221191406 11099
1762695729090 2.0376951694488525 11399
1762695792161 1.9923551082611084 11699
1762695855537 1.9822977781295776 11999
1762695918680 1.7965360879898071 12299
1762695982300 1.7752400636672974 12599
1762696045257 1.8057861328125 12899
1762696108140 1.8035541772842407 13199
1762696170821 1.8061883449554443 13499
1762696233506 1.7858024835586548 13799
1762696296524 1.7836781740188599 14099
1762696359984 1.8067196607589722 14399
1762696423081 1.7546472549438477 14699
1762696485792 1.6937319040298462 14999
1762696548669 1.7436716556549072 15299
1762696611337 1.7438249588012695 15599
1762696679514 1.78074312210083 15899
1762696751074 1.7553986310958862 16199
1762696823200 1.7566378116607666 16499
1762696891168 1.7687069177627563 16799
1762696955994 1.7005318403244019 17099
1762697020947 1.7553874254226685 17399
1762697086293 1.7527737617492676 17699
1762697151274 1.7078419923782349 17999
1762697216153 1.700917363166809 18299
1762697281325 1.647356629371643 18599
1762697346454 1.694101333618164 18899
1762697411690 1.6389529705047607 19199
1762697476598 1.6209077835083008 19499
1762697541401 1.6638087034225464 19799
1762697606127 1.6622735261917114 20099
1762697671376 1.6412692070007324 20399
1762697736189 1.6510323286056519 20699
1762697801411 1.6797822713851929 20999
1762697871571 1.6554601192474365 21299
1762697941633 1.6526061296463013 21599
1762698009570 1.6479823589324951 21899
