1762693388396 1.7286592721939087 299
1762693451693 1.3266174793243408 599
1762693514542 1.2937678098678589 899
1762693577551 1.2660571336746216 1199
1762693640398 1.238157868385315 1499
1762693703625 1.2256505489349365 1799
1762693766895 1.2192081212997437 2099
1762693830416 1.2050710916519165 2399
1762693893484 1.197475790977478 2699
1762693956830 1.1786081790924072 2999
1762694020029 1.1815422773361206 3299
1762694083414 1.1668903827667236 3599
1762694146630 1.1670444011688232 3899
1762694210206 1.151656150817871 4199
1762694273473 1.1365280151367188 4499
1762694336540 1.1284711360931396 4799
1762694399887 1.1304386854171753 5099
1762694462960 1.120354413986206 5399
1762694526572 1.1097842454910278 5699
1762694589909 1.1107286214828491 5999
1762694653233 1.1011453866958618 6299
1762694716407 1.102562427520752 6599
1762694779701 1.0976990461349487 6899
1762694842836 1.08436119556427 7199
1762694906406 1.0852757692337036 7499
1762694969676 1.0864379405975342 7799
1762695033066 1.0764906406402588 8099
1762695096289 1.072529673576355 8399
1762695159630 1.0662250518798828 8699
1762695222979 1.0643445253372192 8999
1762695286466 1.0609874725341797 9299
1762695349551 1.0605460405349731 9599
1762695412721 1.0535036325454712 9899
1762695475951 1.0499483346939087 10199
1762695539159 1.045927882194519 10499
1762695602696 1.0407534837722778 10799
1762695665847 1.0317261219024658 11099
1762695729090 1.0375232696533203 11399
1762695792161 1.0269203186035156 11699
1762695855537 1.0236670970916748 11999
1762695918680 0.9723691344261169 12299
1762695982300 0.9642158150672913 12599
1762696045257 0.9658359885215759 12899
1762696108140 0.9628040194511414 13199
1762696170821 0.9588924646377563 13499
1762696233506 0.962035596370697 13799
1762696296524 0.9569193124771118 14099
1762696359984 0.9513880610466003 14399
1762696423081 0.9492697715759277 14699
1762696485792 0.9474764466285706 14999
1762696548669 0.9409528374671936 15299
1762696611337 0.9410600662231445 15599
1762696679514 0.9423764944076538 15899
1762696751074 0.9341376423835754 16199
1762696823200 0.9277231693267822 16499
1762696891168 0.9343251585960388 16799
1762696955994 0.9254752993583679 17099
1762697020947 0.9283456802368164 17399
1762697086293 0.9214833378791809 17699
1762697151274 0.9178029894828796 17999
1762697216153 0.9081568717956543 18299
1762697281325 0.9005351066589355 18599
1762697346454 0.9011837244033813 18899
1762697411690 0.8968281745910645 19199
1762697476598 0.8979600667953491 19499
1762697541401 0.8982130289077759 19799
1762697606127 0.8972175121307373 20099
1762697671376 0.8972892761230469 20399
1762697736189 0.8936639428138733 20699
1762697801411 0.890230655670166 20999
1762697871571 0.8911421895027161 21299
1762697941633 0.8943695425987244 21599
1762698009570 0.8899613618850708 21899
