1762693388396 1.922580599784851 299
1762693451693 1.6377729177474976 599
1762693514542 1.6225686073303223 899
1762693577551 1.5949673652648926 1199
1762693640398 1.5772954225540161 1499
1762693703625 1.5889865159988403 1799
1762693766895 1.5555322170257568 2099
1762693830416 1.5572642087936401 2399
1762693893484 1.5501154661178589 2699
1762693956830 1.5272964239120483 2999
1762694020029 1.5324169397354126 3299
1762694083414 1.5125147104263306 3599
1762694146630 1.5157380104064941 3899
1762694210206 1.5030654668807983 4199
1762694273473 1.4820194244384766 4499
1762694336540 1.4738401174545288 4799
1762694399887 1.4688894748687744 5099
1762694462960 1.463934302330017 5399
1762694526572 1.4398940801620483 5699
1762694589909 1.443215250968933 5999
1762694653233 1.4205156564712524 6299
1762694716407 1.438475489616394 6599
1762694779701 1.426299810409546 6899
1762694842836 1.415806531906128 7199
1762694906406 1.4105483293533325 7499
1762694969676 1.4153928756713867 7799
1762695033066 1.3982831239700317 8099
1762695096289 1.3977458477020264 8399
1762695159630 1.3818813562393188 8699
1762695222979 1.3841004371643066 8999
1762695286466 1.379435420036316 9299
1762695349551 1.370169758796692 9599
1762695412721 1.361920952796936 9899
1762695475951 1.355993390083313 10199
1762695539159 1.343446969985962 10499
1762695602696 1.3473412990570068 10799
1762695665847 1.3351531028747559 11099
1762695729090 1.3411062955856323 11399
1762695792161 1.3344570398330688 11699
1762695855537 1.31912362575531 11999
1762695918680 1.2663875818252563 12299
1762695982300 1.2519186735153198 12599
1762696045257 1.2529929876327515 12899
1762696108140 1.24815034866333 13199
1762696170821 1.2440004348754883 13499
1762696233506 1.2463165521621704 13799
1762696296524 1.2455791234970093 14099
1762696359984 1.232408881187439 14399
1762696423081 1.2369263172149658 14699
1762696485792 1.226776123046875 14999
1762696548669 1.2197821140289307 15299
1762696611337 1.2256906032562256 15599
1762696679514 1.220583438873291 15899
1762696751074 1.2080425024032593 16199
1762696823200 1.196786642074585 16499
1762696891168 1.2032307386398315 16799
1762696955994 1.1905276775360107 17099
1762697020947 1.1991537809371948 17399
1762697086293 1.1832126379013062 17699
1762697151274 1.1796104907989502 17999
1762697216153 1.1739933490753174 18299
1762697281325 1.163756012916565 18599
1762697346454 1.1627655029296875 18899
1762697411690 1.1491748094558716 19199
1762697476598 1.1599704027175903 19499
1762697541401 1.1608176231384277 19799
1762697606127 1.1609156131744385 20099
1762697671376 1.1563012599945068 20399
1762697736189 1.1503335237503052 20699
1762697801411 1.1560291051864624 20999
1762697871571 1.1463472843170166 21299
1762697941633 1.1473510265350342 21599
1762698009570 1.144031047821045 21899
