1762693388396 2.6539511680603027 299
1762693451693 2.0482308864593506 599
1762693514542 2.0081136226654053 899
1762693577551 1.9584828615188599 1199
1762693640398 1.9041125774383545 1499
1762693703625 1.8710675239562988 1799
1762693766895 1.87643301486969 2099
1762693830416 1.8497517108917236 2399
1762693893484 1.8424944877624512 2699
1762693956830 1.8074533939361572 2999
1762694020029 1.8163673877716064 3299
1762694083414 1.791154384613037 3599
1762694146630 1.7808338403701782 3899
1762694210206 1.7588493824005127 4199
1762694273473 1.741736888885498 4499
1762694336540 1.7186945676803589 4799
1762694399887 1.7258721590042114 5099
1762694462960 1.7150495052337646 5399
1762694526572 1.7011899948120117 5699
1762694589909 1.6956387758255005 5999
1762694653233 1.6916403770446777 6299
1762694716407 1.675252079963684 6599
1762694779701 1.6779611110687256 6899
1762694842836 1.6550307273864746 7199
1762694906406 1.660290002822876 7499
1762694969676 1.659179925918579 7799
1762695033066 1.641994595527649 8099
1762695096289 1.6351159811019897 8399
1762695159630 1.6297123432159424 8699
1762695222979 1.627294659614563 8999
1762695286466 1.6210075616836548 9299
1762695349551 1.6202203035354614 9599
1762695412721 1.6108930110931396 9899
1762695475951 1.6113399267196655 10199
1762695539159 1.5987610816955566 10499
1762695602696 1.5894149541854858 10799
1762695665847 1.573727011680603 11099
1762695729090 1.5768485069274902 11399
1762695792161 1.5607863664627075 11699
1762695855537 1.5552234649658203 11999
1762695918680 1.4820467233657837 12299
1762695982300 1.46956467628479 12599
1762696045257 1.4770349264144897 12899
1762696108140 1.4613443613052368 13199
1762696170821 1.4635169506072998 13499
1762696233506 1.466676115989685 13799
1762696296524 1.4545016288757324 14099
1762696359984 1.447813868522644 14399
1762696423081 1.4417222738265991 14699
1762696485792 1.4407908916473389 14999
1762696548669 1.4357057809829712 15299
1762696611337 1.432509422302246 15599
1762696679514 1.4325071573257446 15899
1762696751074 1.4209600687026978 16199
1762696823200 1.4147197008132935 16499
1762696891168 1.4195924997329712 16799
1762696955994 1.4134358167648315 17099
1762697020947 1.4131841659545898 17399
1762697086293 1.4045279026031494 17699
1762697151274 1.394976258277893 17999
1762697216153 1.3756834268569946 18299
1762697281325 1.3679219484329224 18599
1762697346454 1.3665261268615723 18899
1762697411690 1.3622641563415527 19199
1762697476598 1.364171028137207 19499
1762697541401 1.3609362840652466 19799
1762697606127 1.3641172647476196 20099
1762697671376 1.3587758541107178 20399
1762697736189 1.360045075416565 20699
1762697801411 1.3475537300109863 20999
1762697871571 1.3523908853530884 21299
1762697941633 1.3629658222198486 21599
1762698009570 1.3514095544815063 21899
