1762693388396 1.4174081087112427 299
1762693451693 0.8565719723701477 599
1762693514542 0.8253693580627441 899
1762693577551 0.7776515483856201 1199
1762693640398 0.7692899703979492 1499
1762693703625 0.7470200657844543 1799
1762693766895 0.7538813352584839 2099
1762693830416 0.7367276549339294 2399
1762693893484 0.7305356860160828 2699
1762693956830 0.7042468786239624 2999
1762694020029 0.7037162184715271 3299
1762694083414 0.7080113291740417 3599
1762694146630 0.729567289352417 3899
1762694210206 0.704798698425293 4199
1762694273473 0.6991735696792603 4499
1762694336540 0.6907034516334534 4799
1762694399887 0.6896183490753174 5099
1762694462960 0.6887305974960327 5399
1762694526572 0.6712089776992798 5699
1762694589909 0.6985790133476257 5999
1762694653233 0.6818408966064453 6299
1762694716407 0.6873863339424133 6599
1762694779701 0.6795663237571716 6899
1762694842836 0.6777432560920715 7199
1762694906406 0.6732708811759949 7499
1762694969676 0.6743141412734985 7799
1762695033066 0.669853687286377 8099
1762695096289 0.6632776260375977 8399
1762695159630 0.6696794629096985 8699
1762695222979 0.6563537120819092 8999
1762695286466 0.6678224802017212 9299
1762695349551 0.6677115559577942 9599
1762695412721 0.6625941395759583 9899
1762695475951 0.6703996062278748 10199
1762695539159 0.6740444898605347 10499
1762695602696 0.6682838797569275 10799
1762695665847 0.6561007499694824 11099
1762695729090 0.6788007616996765 11399
1762695792161 0.666309118270874 11699
1762695855537 0.6638734936714172 11999
1762695918680 0.6040257811546326 12299
1762695982300 0.5961875915527344 12599
1762696045257 0.597813069820404 12899
1762696108140 0.5967276096343994 13199
1762696170821 0.5974952578544617 13499
1762696233506 0.6031971573829651 13799
1762696296524 0.5987063646316528 14099
1762696359984 0.600188672542572 14399
1762696423081 0.5980567336082458 14699
1762696485792 0.6015170812606812 14999
1762696548669 0.5979556441307068 15299
1762696611337 0.6003161072731018 15599
1762696679514 0.6018111109733582 15899
1762696751074 0.5977520942687988 16199
1762696823200 0.5964125394821167 16499
1762696891168 0.6009770631790161 16799
1762696955994 0.5983953475952148 17099
1762697020947 0.6006916761398315 17399
1762697086293 0.5988026261329651 17699
1762697151274 0.5963791012763977 17999
1762697216153 0.5856550931930542 18299
1762697281325 0.5821481347084045 18599
1762697346454 0.5772890448570251 18899
1762697411690 0.5774999260902405 19199
1762697476598 0.5792251825332642 19499
1762697541401 0.5785777568817139 19799
1762697606127 0.5779662728309631 20099
1762697671376 0.5806450247764587 20399
1762697736189 0.5780412554740906 20699
1762697801411 0.5771328806877136 20999
1762697871571 0.5835492014884949 21299
1762697941633 0.5801329612731934 21599
1762698009570 0.5792547464370728 21899
