1762693388396 1.672564148902893 299
1762693451693 1.303871512413025 599
1762693514542 1.2796510457992554 899
1762693577551 1.2488596439361572 1199
1762693640398 1.2171134948730469 1499
1762693703625 1.1967533826828003 1799
1762693766895 1.1991126537322998 2099
1762693830416 1.1858024597167969 2399
1762693893484 1.180401086807251 2699
1762693956830 1.1583197116851807 2999
1762694020029 1.163763165473938 3299
1762694083414 1.148389220237732 3599
1762694146630 1.142025351524353 3899
1762694210206 1.1284652948379517 4199
1762694273473 1.1166912317276 4499
1762694336540 1.10372793674469 4799
1762694399887 1.1100629568099976 5099
1762694462960 1.100741982460022 5399
1762694526572 1.0955324172973633 5699
1762694589909 1.0891976356506348 5999
1762694653233 1.0880494117736816 6299
1762694716407 1.0777151584625244 6599
1762694779701 1.079054355621338 6899
1762694842836 1.0637507438659668 7199
1762694906406 1.069687008857727 7499
1762694969676 1.0666989088058472 7799
1762695033066 1.0560626983642578 8099
1762695096289 1.05312979221344 8399
1762695159630 1.047858715057373 8699
1762695222979 1.0476044416427612 8999
1762695286466 1.0424485206604004 9299
1762695349551 1.0434070825576782 9599
1762695412721 1.039555549621582 9899
1762695475951 1.0391273498535156 10199
1762695539159 1.0299298763275146 10499
1762695602696 1.0239957571029663 10799
1762695665847 1.015684723854065 11099
1762695729090 1.015146255493164 11399
1762695792161 1.005961298942566 11699
1762695855537 1.0028750896453857 11999
1762695918680 0.957306981086731 12299
1762695982300 0.9494296908378601 12599
1762696045257 0.9534825682640076 12899
1762696108140 0.9429777264595032 13199
1762696170821 0.9452386498451233 13499
1762696233506 0.9478042125701904 13799
1762696296524 0.9398242831230164 14099
1762696359984 0.9351111054420471 14399
1762696423081 0.9312925338745117 14699
1762696485792 0.9328294396400452 14999
1762696548669 0.929660975933075 15299
1762696611337 0.926032543182373 15599
1762696679514 0.9264500141143799 15899
1762696751074 0.9187727570533752 16199
1762696823200 0.9141506552696228 16499
1762696891168 0.9168549180030823 16799
1762696955994 0.9143702387809753 17099
1762697020947 0.9138829708099365 17399
1762697086293 0.9093874096870422 17699
1762697151274 0.9036758542060852 17999
1762697216153 0.8904115557670593 18299
1762697281325 0.886415958404541 18599
1762697346454 0.8843027353286743 18899
1762697411690 0.8833381533622742 19199
1762697476598 0.8834756016731262 19499
1762697541401 0.8810969591140747 19799
1762697606127 0.8835976719856262 20099
1762697671376 0.8801669478416443 20399
1762697736189 0.8806579113006592 20699
1762697801411 0.873478353023529 20999
1762697871571 0.8755250573158264 21299
1762697941633 0.8819471597671509 21599
1762698009570 0.8754671812057495 21899
