1762693388396 1.5754441022872925 299
1762693451693 1.2368049621582031 599
1762693514542 1.2063391208648682 899
1762693577551 1.1804120540618896 1199
1762693640398 1.1552706956863403 1499
1762693703625 1.1450779438018799 1799
1762693766895 1.1380655765533447 2099
1762693830416 1.1276158094406128 2399
1762693893484 1.1195838451385498 2699
1762693956830 1.1031553745269775 2999
1762694020029 1.105297565460205 3299
1762694083414 1.0928822755813599 3599
1762694146630 1.0938154458999634 3899
1762694210206 1.07870614528656 4199
1762694273473 1.0657144784927368 4499
1762694336540 1.059776782989502 4799
1762694399887 1.0627965927124023 5099
1762694462960 1.0514705181121826 5399
1762694526572 1.0437126159667969 5699
1762694589909 1.0434569120407104 5999
1762694653233 1.036003828048706 6299
1762694716407 1.0372133255004883 6599
1762694779701 1.0322269201278687 6899
1762694842836 1.0199936628341675 7199
1762694906406 1.0215085744857788 7499
1762694969676 1.0222111940383911 7799
1762695033066 1.0135914087295532 8099
1762695096289 1.009830355644226 8399
1762695159630 1.0036561489105225 8699
1762695222979 1.0026710033416748 8999
1762695286466 1.000169038772583 9299
1762695349551 0.9994902610778809 9599
1762695412721 0.9936513304710388 9899
1762695475951 0.9913119077682495 10199
1762695539159 0.9869512319564819 10499
1762695602696 0.981965184211731 10799
1762695665847 0.9743610620498657 11099
1762695729090 0.9783663749694824 11399
1762695792161 0.9689975380897522 11699
1762695855537 0.9667906165122986 11999
1762695918680 0.9197098016738892 12299
1762695982300 0.9122039079666138 12599
1762696045257 0.9131187200546265 12899
1762696108140 0.9105187654495239 13199
1762696170821 0.9070229530334473 13499
1762696233506 0.9105270504951477 13799
1762696296524 0.9054847955703735 14099
1762696359984 0.8998574018478394 14399
1762696423081 0.8982674479484558 14699
1762696485792 0.8981738090515137 14999
1762696548669 0.8913527131080627 15299
1762696611337 0.8909623622894287 15599
1762696679514 0.8923112154006958 15899
1762696751074 0.8847594261169434 16199
1762696823200 0.8788677453994751 16499
1762696891168 0.8841899633407593 16799
1762696955994 0.8776282072067261 17099
1762697020947 0.8797119855880737 17399
1762697086293 0.8736593127250671 17699
1762697151274 0.8711363077163696 17999
1762697216153 0.861037015914917 18299
1762697281325 0.854902446269989 18599
1762697346454 0.8547751903533936 18899
1762697411690 0.8513920903205872 19199
1762697476598 0.8522763252258301 19499
1762697541401 0.8519545793533325 19799
1762697606127 0.8513486385345459 20099
1762697671376 0.8513199687004089 20399
1762697736189 0.8480055928230286 20699
1762697801411 0.8445895314216614 20999
1762697871571 0.8455221652984619 21299
1762697941633 0.8484976887702942 21599
1762698009570 0.8446573615074158 21899
