1762693388396 1.2429049015045166 299
1762693451693 0.856094479560852 599
1762693514542 0.8174680471420288 899
1762693577551 0.7907119989395142 1199
1762693640398 0.7671858668327332 1499
1762693703625 0.752312183380127 1799
1762693766895 0.7484784722328186 2099
1762693830416 0.7332692742347717 2399
1762693893484 0.7339714765548706 2699
1762693956830 0.7129293084144592 2999
1762694020029 0.7158713340759277 3299
1762694083414 0.7063397765159607 3599
1762694146630 0.7173137664794922 3899
1762694210206 0.699698269367218 4199
1762694273473 0.6961148381233215 4499
1762694336540 0.6953385472297668 4799
1762694399887 0.6937805414199829 5099
1762694462960 0.6839680671691895 5399
1762694526572 0.6805930733680725 5699
1762694589909 0.6881346106529236 5999
1762694653233 0.679681658744812 6299
1762694716407 0.68128901720047 6599
1762694779701 0.6781497001647949 6899
1762694842836 0.672511637210846 7199
1762694906406 0.6663092374801636 7499
1762694969676 0.6671037077903748 7799
1762695033066 0.6672765612602234 8099
1762695096289 0.6616880893707275 8399
1762695159630 0.6647688150405884 8699
1762695222979 0.6589140892028809 8999
1762695286466 0.6617258787155151 9299
1762695349551 0.6640019416809082 9599
1762695412721 0.6567090749740601 9899
1762695475951 0.6603336930274963 10199
1762695539159 0.6657450199127197 10499
1762695602696 0.6593627333641052 10799
1762695665847 0.6514728665351868 11099
1762695729090 0.6614189147949219 11399
1762695792161 0.6544788479804993 11699
1762695855537 0.657573401927948 11999
1762695918680 0.6179298162460327 12299
1762695982300 0.6136946678161621 12599
1762696045257 0.6141769289970398 12899
1762696108140 0.6151984333992004 13199
1762696170821 0.6113593578338623 13499
1762696233506 0.6187275648117065 13799
1762696296524 0.6145365834236145 14099
1762696359984 0.6126813292503357 14399
1762696423081 0.6096692085266113 14699
1762696485792 0.6121606826782227 14999
1762696548669 0.6085701584815979 15299
1762696611337 0.6123224496841431 15599
1762696679514 0.6148843169212341 15899
1762696751074 0.608304500579834 16199
1762696823200 0.6100797057151794 16499
1762696891168 0.6116381883621216 16799
1762696955994 0.6084219217300415 17099
1762697020947 0.6094582080841064 17399
1762697086293 0.6086040735244751 17699
1762697151274 0.6084619164466858 17999
1762697216153 0.6030065417289734 18299
1762697281325 0.5983190536499023 18599
1762697346454 0.5951182246208191 18899
1762697411690 0.5947965383529663 19199
1762697476598 0.5962859392166138 19499
1762697541401 0.5943427085876465 19799
1762697606127 0.595793604850769 20099
1762697671376 0.5972167253494263 20399
1762697736189 0.5923108458518982 20699
1762697801411 0.592091977596283 20999
1762697871571 0.5979630947113037 21299
1762697941633 0.5957654714584351 21599
1762698009570 0.5944711565971375 21899
