1762693388396 2.359952926635742 299
1762693451693 1.6827055215835571 599
1762693514542 1.606584072113037 899
1762693577551 1.5600160360336304 1199
1762693640398 1.5215603113174438 1499
1762693703625 1.4871246814727783 1799
1762693766895 1.4802495241165161 2099
1762693830416 1.4607107639312744 2399
1762693893484 1.4519504308700562 2699
1762693956830 1.419230341911316 2999
1762694020029 1.4199140071868896 3299
1762694083414 1.4005082845687866 3599
1762694146630 1.4069912433624268 3899
1762694210206 1.3831311464309692 4199
1762694273473 1.3729630708694458 4499
1762694336540 1.3669743537902832 4799
1762694399887 1.3658369779586792 5099
1762694462960 1.3478362560272217 5399
1762694526572 1.3460042476654053 5699
1762694589909 1.3413841724395752 5999
1762694653233 1.3357757329940796 6299
1762694716407 1.3346902132034302 6599
1762694779701 1.3278549909591675 6899
1762694842836 1.3175958395004272 7199
1762694906406 1.3125548362731934 7499
1762694969676 1.316086769104004 7799
1762695033066 1.3037190437316895 8099
1762695096289 1.3046602010726929 8399
1762695159630 1.2998884916305542 8699
1762695222979 1.2977557182312012 8999
1762695286466 1.2911114692687988 9299
1762695349551 1.2960914373397827 9599
1762695412721 1.285360336303711 9899
1762695475951 1.2866047620773315 10199
1762695539159 1.2879512310028076 10499
1762695602696 1.280518889427185 10799
1762695665847 1.2696346044540405 11099
1762695729090 1.2741835117340088 11399
1762695792161 1.2648932933807373 11699
1762695855537 1.2653229236602783 11999
1762695918680 1.2014586925506592 12299
1762695982300 1.1947001218795776 12599
1762696045257 1.1914316415786743 12899
1762696108140 1.1968567371368408 13199
1762696170821 1.188498616218567 13499
1762696233506 1.1972156763076782 13799
1762696296524 1.1894813776016235 14099
1762696359984 1.1864488124847412 14399
1762696423081 1.1816471815109253 14699
1762696485792 1.1808172464370728 14999
1762696548669 1.1723926067352295 15299
1762696611337 1.1811630725860596 15599
1762696679514 1.186073899269104 15899
1762696751074 1.1720632314682007 16199
1762696823200 1.1748758554458618 16499
1762696891168 1.1787128448486328 16799
1762696955994 1.1652462482452393 17099
1762697020947 1.1718802452087402 17399
1762697086293 1.169208288192749 17699
1762697151274 1.1666977405548096 17999
1762697216153 1.1546086072921753 18299
1762697281325 1.1468397378921509 18599
1762697346454 1.1438660621643066 18899
1762697411690 1.144890546798706 19199
1762697476598 1.142062783241272 19499
1762697541401 1.1380293369293213 19799
1762697606127 1.1419214010238647 20099
1762697671376 1.1399818658828735 20399
1762697736189 1.1391741037368774 20699
1762697801411 1.1338648796081543 20999
1762697871571 1.1407594680786133 21299
1762697941633 1.140350103378296 21599
1762698009570 1.131445288658142 21899
