1762693388396 7.069206714630127 299
1762693451693 4.921422958374023 599
1762693514542 4.909131050109863 899
1762693577551 4.744215488433838 1199
1762693640398 4.5186357498168945 1499
1762693703625 4.350677967071533 1799
1762693766895 4.467964172363281 2099
1762693830416 4.243228912353516 2399
1762693893484 4.209934711456299 2699
1762693956830 4.127622604370117 2999
1762694020029 4.163745880126953 3299
1762694083414 4.053685665130615 3599
1762694146630 4.036199569702148 3899
1762694210206 3.9578680992126465 4199
1762694273473 3.9118235111236572 4499
1762694336540 3.7691569328308105 4799
1762694399887 3.6877005100250244 5099
1762694462960 3.7963812351226807 5399
1762694526572 3.6246557235717773 5699
1762694589909 3.7098402976989746 5999
1762694653233 3.622753381729126 6299
1762694716407 3.6083638668060303 6599
1762694779701 3.63387393951416 6899
1762694842836 3.589128017425537 7199
1762694906406 3.5000147819519043 7499
1762694969676 3.590541362762451 7799
1762695033066 3.490779161453247 8099
1762695096289 3.4332876205444336 8399
1762695159630 3.4645309448242188 8699
1762695222979 3.4250869750976562 8999
1762695286466 3.4219985008239746 9299
1762695349551 3.399045705795288 9599
1762695412721 3.286137342453003 9899
1762695475951 3.2814903259277344 10199
1762695539159 3.3222570419311523 10499
1762695602696 3.3056750297546387 10799
1762695665847 3.1685121059417725 11099
1762695729090 3.3162126541137695 11399
1762695792161 3.223836898803711 11699
1762695855537 3.1779870986938477 11999
1762695918680 2.950451374053955 12299
1762695982300 2.9102630615234375 12599
1762696045257 3.0046701431274414 12899
1762696108140 2.94234037399292 13199
1762696170821 2.9556751251220703 13499
1762696233506 2.906613349914551 13799
1762696296524 2.867832660675049 14099
1762696359984 2.873159170150757 14399
1762696423081 2.83979868888855 14699
1762696485792 2.759082317352295 14999
1762696548669 2.77327299118042 15299
1762696611337 2.822584629058838 15599
1762696679514 2.8057327270507812 15899
1762696751074 2.777985095977783 16199
1762696823200 2.7570621967315674 16499
1762696891168 2.8428399562835693 16799
1762696955994 2.7061076164245605 17099
1762697020947 2.752981185913086 17399
1762697086293 2.6641924381256104 17699
1762697151274 2.6106839179992676 17999
1762697216153 2.631708860397339 18299
1762697281325 2.553584098815918 18599
1762697346454 2.6137306690216064 18899
1762697411690 2.5449063777923584 19199
1762697476598 2.571881055831909 19499
1762697541401 2.5816588401794434 19799
1762697606127 2.5667662620544434 20099
1762697671376 2.585045576095581 20399
1762697736189 2.5638515949249268 20699
1762697801411 2.54146409034729 20999
1762697871571 2.5563089847564697 21299
1762697941633 2.5912516117095947 21599
1762698009570 2.550713300704956 21899
