1762693388396 2.2966957092285156 299
1762693451693 1.8191494941711426 599
1762693514542 1.7729603052139282 899
1762693577551 1.7348917722702026 1199
1762693640398 1.6972142457962036 1499
1762693703625 1.6824924945831299 1799
1762693766895 1.672651767730713 2099
1762693830416 1.6569175720214844 2399
1762693893484 1.6443846225738525 2699
1762693956830 1.6204675436019897 2999
1762694020029 1.624682068824768 3299
1762694083414 1.6062716245651245 3599
1762694146630 1.6079390048980713 3899
1762694210206 1.5855793952941895 4199
1762694273473 1.5664927959442139 4499
1762694336540 1.5592929124832153 4799
1762694399887 1.5619792938232422 5099
1762694462960 1.5466145277023315 5399
1762694526572 1.5340657234191895 5699
1762694589909 1.533849835395813 5999
1762694653233 1.5228229761123657 6299
1762694716407 1.5247646570205688 6599
1762694779701 1.5184698104858398 6899
1762694842836 1.5000712871551514 7199
1762694906406 1.5024940967559814 7499
1762694969676 1.5027388334274292 7799
1762695033066 1.4905747175216675 8099
1762695096289 1.4841892719268799 8399
1762695159630 1.4770190715789795 8699
1762695222979 1.4735641479492188 8999
1762695286466 1.471530795097351 9299
1762695349551 1.4699152708053589 9599
1762695412721 1.4610402584075928 9899
1762695475951 1.458900809288025 10199
1762695539159 1.4515469074249268 10499
1762695602696 1.4453465938568115 10799
1762695665847 1.432599425315857 11099
1762695729090 1.438950777053833 11399
1762695792161 1.4259059429168701 11699
1762695855537 1.4218356609344482 11999
1762695918680 1.352698802947998 12299
1762695982300 1.3414475917816162 12599
1762696045257 1.342360258102417 12899
1762696108140 1.3385778665542603 13199
1762696170821 1.3333070278167725 13499
1762696233506 1.338142991065979 13799
1762696296524 1.3306165933609009 14099
1762696359984 1.3232601881027222 14399
1762696423081 1.3208023309707642 14699
1762696485792 1.3201801776885986 14999
1762696548669 1.3101600408554077 15299
1762696611337 1.3096914291381836 15599
1762696679514 1.3121224641799927 15899
1762696751074 1.3009732961654663 16199
1762696823200 1.2927223443984985 16499
1762696891168 1.2998710870742798 16799
1762696955994 1.2906711101531982 17099
1762697020947 1.2933748960494995 17399
1762697086293 1.2851074934005737 17699
1762697151274 1.2808493375778198 17999
1762697216153 1.2660958766937256 18299
1762697281325 1.2566628456115723 18599
1762697346454 1.2565196752548218 18899
1762697411690 1.2515060901641846 19199
1762697476598 1.2528960704803467 19499
1762697541401 1.2522557973861694 19799
1762697606127 1.2516840696334839 20099
1762697671376 1.2514225244522095 20399
1762697736189 1.2466208934783936 20699
1762697801411 1.2412405014038086 20999
1762697871571 1.24354887008667 21299
1762697941633 1.2477524280548096 21599
1762698009570 1.2416353225708008 21899
