1762693388396 2.9459457397460938 299
1762693451693 0.8374918699264526 599
1762693514542 0.7800616025924683 899
1762693577551 0.65263831615448 1199
1762693640398 0.6460011601448059 1499
1762693703625 0.5681308507919312 1799
1762693766895 0.5928687453269958 2099
1762693830416 0.5428125262260437 2399
1762693893484 0.5826232433319092 2699
1762693956830 0.4738474488258362 2999
1762694020029 0.49749791622161865 3299
1762694083414 0.5115612149238586 3599
1762694146630 0.5478635430335999 3899
1762694210206 0.4934915006160736 4199
1762694273473 0.5075426697731018 4499
1762694336540 0.471691757440567 4799
1762694399887 0.47266635298728943 5099
1762694462960 0.4809137284755707 5399
1762694526572 0.4361688196659088 5699
1762694589909 0.48654407262802124 5999
1762694653233 0.4580513536930084 6299
1762694716407 0.46031031012535095 6599
1762694779701 0.4561465084552765 6899
1762694842836 0.43663740158081055 7199
1762694906406 0.425333708524704 7499
1762694969676 0.4543292820453644 7799
1762695033066 0.4471449553966522 8099
1762695096289 0.4151943325996399 8399
1762695159630 0.4316162168979645 8699
1762695222979 0.4142422080039978 8999
1762695286466 0.4283335208892822 9299
1762695349551 0.43075960874557495 9599
1762695412721 0.42280563712120056 9899
1762695475951 0.4302200675010681 10199
1762695539159 0.43668344616889954 10499
1762695602696 0.4325637221336365 10799
1762695665847 0.39774179458618164 11099
1762695729090 0.4661470055580139 11399
1762695792161 0.4320356845855713 11699
1762695855537 0.428558349609375 11999
1762695918680 0.34294718503952026 12299
1762695982300 0.323759526014328 12599
1762696045257 0.3273446261882782 12899
1762696108140 0.3351818323135376 13199
1762696170821 0.3362554907798767 13499
1762696233506 0.33350080251693726 13799
1762696296524 0.33260437846183777 14099
1762696359984 0.34256574511528015 14399
1762696423081 0.33265820145606995 14699
1762696485792 0.3320363163948059 14999
1762696548669 0.3257385194301605 15299
1762696611337 0.3385440707206726 15599
1762696679514 0.3358227610588074 15899
1762696751074 0.330465167760849 16199
1762696823200 0.33067768812179565 16499
1762696891168 0.34260818362236023 16799
1762696955994 0.3289417624473572 17099
1762697020947 0.3336818218231201 17399
1762697086293 0.3463245630264282 17699
1762697151274 0.3365972638130188 17999
1762697216153 0.3299948275089264 18299
1762697281325 0.3198299705982208 18599
1762697346454 0.3232097625732422 18899
1762697411690 0.31573253870010376 19199
1762697476598 0.310639351606369 19499
1762697541401 0.3192695379257202 19799
1762697606127 0.31141600012779236 20099
1762697671376 0.31447190046310425 20399
1762697736189 0.31812214851379395 20699
1762697801411 0.31689104437828064 20999
1762697871571 0.3291570842266083 21299
1762697941633 0.3135181665420532 21599
1762698009570 0.3207237422466278 21899
