1762693388396 2.515692949295044 299
1762693451693 2.199672222137451 599
1762693514542 2.186901807785034 899
1762693577551 2.1498265266418457 1199
1762693640398 2.1255626678466797 1499
1762693703625 2.145369052886963 1799
1762693766895 2.100034713745117 2099
1762693830416 2.1118710041046143 2399
1762693893484 2.0950748920440674 2699
1762693956830 2.0686872005462646 2999
1762694020029 2.0751540660858154 3299
1762694083414 2.0507454872131348 3599
1762694146630 2.060420513153076 3899
1762694210206 2.037128210067749 4199
1762694273473 2.014038324356079 4499
1762694336540 2.006673574447632 4799
1762694399887 2.0000874996185303 5099
1762694462960 1.9930720329284668 5399
1762694526572 1.9629861116409302 5699
1762694589909 1.9618003368377686 5999
1762694653233 1.9387388229370117 6299
1762694716407 1.960586667060852 6599
1762694779701 1.9485282897949219 6899
1762694842836 1.931005597114563 7199
1762694906406 1.9227583408355713 7499
1762694969676 1.9301913976669312 7799
1762695033066 1.909550428390503 8099
1762695096289 1.9058337211608887 8399
1762695159630 1.887736439704895 8699
1762695222979 1.8887460231781006 8999
1762695286466 1.8870190382003784 9299
1762695349551 1.876349687576294 9599
1762695412721 1.8605515956878662 9899
1762695475951 1.8602505922317505 10199
1762695539159 1.8410719633102417 10499
1762695602696 1.846136450767517 10799
1762695665847 1.8305823802947998 11099
1762695729090 1.8371039628982544 11399
1762695792161 1.8288954496383667 11699
1762695855537 1.8098806142807007 11999
1762695918680 1.7401620149612427 12299
1762695982300 1.7225878238677979 12599
1762696045257 1.7222790718078613 12899
1762696108140 1.715674638748169 13199
1762696170821 1.711015224456787 13499
1762696233506 1.7137800455093384 13799
1762696296524 1.710911750793457 14099
1762696359984 1.692391276359558 14399
1762696423081 1.7006266117095947 14699
1762696485792 1.6898229122161865 14999
1762696548669 1.67945396900177 15299
1762696611337 1.6868698596954346 15599
1762696679514 1.680698275566101 15899
1762696751074 1.6635533571243286 16199
1762696823200 1.6491838693618774 16499
1762696891168 1.6552091836929321 16799
1762696955994 1.6420992612838745 17099
1762697020947 1.6525901556015015 17399
1762697086293 1.6326669454574585 17699
1762697151274 1.6290839910507202 17999
1762697216153 1.6188647747039795 18299
1762697281325 1.6071017980575562 18599
1762697346454 1.6038826704025269 18899
1762697411690 1.5858267545700073 19199
1762697476598 1.601091742515564 19499
1762697541401 1.6015639305114746 19799
1762697606127 1.60139799118042 20099
1762697671376 1.5956270694732666 20399
1762697736189 1.5869709253311157 20699
1762697801411 1.5948647260665894 20999
1762697871571 1.5835984945297241 21299
1762697941633 1.5840846300125122 21599
1762698009570 1.5799109935760498 21899
