1762693388396 1.7287249565124512 299
1762693451693 1.326622486114502 599
1762693514542 1.2937812805175781 899
1762693577551 1.2660694122314453 1199
1762693640398 1.2381651401519775 1499
1762693703625 1.2256544828414917 1799
1762693766895 1.219215750694275 2099
1762693830416 1.2050811052322388 2399
1762693893484 1.1974819898605347 2699
1762693956830 1.1786162853240967 2999
1762694020029 1.1815398931503296 3299
1762694083414 1.1668976545333862 3599
1762694146630 1.1670515537261963 3899
1762694210206 1.1516581773757935 4199
1762694273473 1.1365329027175903 4499
1762694336540 1.1284722089767456 4799
1762694399887 1.1304495334625244 5099
1762694462960 1.1203604936599731 5399
1762694526572 1.1097838878631592 5699
1762694589909 1.1107302904129028 5999
1762694653233 1.101150631904602 6299
1762694716407 1.1025620698928833 6599
1762694779701 1.0976996421813965 6899
1762694842836 1.0843671560287476 7199
1762694906406 1.0852816104888916 7499
1762694969676 1.0864421129226685 7799
1762695033066 1.0764926671981812 8099
1762695096289 1.0725302696228027 8399
1762695159630 1.0662240982055664 8699
1762695222979 1.064348816871643 8999
1762695286466 1.0609911680221558 9299
1762695349551 1.060540795326233 9599
1762695412721 1.0535072088241577 9899
1762695475951 1.049951434135437 10199
1762695539159 1.0459351539611816 10499
1762695602696 1.0407580137252808 10799
1762695665847 1.0317299365997314 11099
1762695729090 1.037527084350586 11399
1762695792161 1.0269224643707275 11699
1762695855537 1.0236785411834717 11999
1762695918680 0.9723691940307617 12299
1762695982300 0.964218020439148 12599
1762696045257 0.9658371210098267 12899
1762696108140 0.9628124833106995 13199
1762696170821 0.9588971734046936 13499
1762696233506 0.9620403051376343 13799
1762696296524 0.956921398639679 14099
1762696359984 0.9513916969299316 14399
1762696423081 0.9492709636688232 14699
1762696485792 0.9474784135818481 14999
1762696548669 0.9409518241882324 15299
1762696611337 0.9410606026649475 15599
1762696679514 0.9423815011978149 15899
1762696751074 0.9341424703598022 16199
1762696823200 0.9277283549308777 16499
1762696891168 0.9343280792236328 16799
1762696955994 0.9254807829856873 17099
1762697020947 0.9283469915390015 17399
1762697086293 0.9214844703674316 17699
1762697151274 0.9178053736686707 17999
1762697216153 0.9081592559814453 18299
1762697281325 0.9005367755889893 18599
1762697346454 0.9011847972869873 18899
1762697411690 0.8968297243118286 19199
1762697476598 0.897962749004364 19499
1762697541401 0.8982166647911072 19799
1762697606127 0.8972247242927551 20099
1762697671376 0.8972880840301514 20399
1762697736189 0.8936687111854553 20699
1762697801411 0.8902298212051392 20999
1762697871571 0.891147792339325 21299
1762697941633 0.8943720459938049 21599
1762698009570 0.8899607062339783 21899
