1762693388396 1.6977388858795166 299
1762693451693 1.4188295602798462 599
1762693514542 1.3861610889434814 899
1762693577551 1.370490312576294 1199
1762693640398 1.3452218770980835 1499
1762693703625 1.3400965929031372 1799
1762693766895 1.3339182138442993 2099
1762693830416 1.3187698125839233 2399
1762693893484 1.3045454025268555 2699
1762693956830 1.2951667308807373 2999
1762694020029 1.297667145729065 3299
1762694083414 1.2840874195098877 3599
1762694146630 1.2810789346694946 3899
1762694210206 1.2686594724655151 4199
1762694273473 1.2422609329223633 4499
1762694336540 1.2421834468841553 4799
1762694399887 1.2497214078903198 5099
1762694462960 1.2330344915390015 5399
1762694526572 1.2225598096847534 5699
1762694589909 1.224073886871338 5999
1762694653233 1.2110569477081299 6299
1762694716407 1.2152498960494995 6599
1762694779701 1.2087650299072266 6899
1762694842836 1.1898677349090576 7199
1762694906406 1.1970266103744507 7499
1762694969676 1.1948986053466797 7799
1762695033066 1.1914008855819702 8099
1762695096289 1.1802723407745361 8399
1762695159630 1.1709221601486206 8699
1762695222979 1.1710383892059326 8999
1762695286466 1.166929006576538 9299
1762695349551 1.1670048236846924 9599
1762695412721 1.157318353652954 9899
1762695475951 1.1494897603988647 10199
1762695539159 1.1468714475631714 10499
1762695602696 1.1395117044448853 10799
1762695665847 1.1326565742492676 11099
1762695729090 1.1400517225265503 11399
1762695792161 1.1223052740097046 11699
1762695855537 1.121935248374939 11999
1762695918680 1.0641388893127441 12299
1762695982300 1.0566588640213013 12599
1762696045257 1.0575239658355713 12899
1762696108140 1.0554536581039429 13199
1762696170821 1.050264835357666 13499
1762696233506 1.0517444610595703 13799
1762696296524 1.0441824197769165 14099
1762696359984 1.0366246700286865 14399
1762696423081 1.0371263027191162 14699
1762696485792 1.0363744497299194 14999
1762696548669 1.0240061283111572 15299
1762696611337 1.0205495357513428 15599
1762696679514 1.0219067335128784 15899
1762696751074 1.016279935836792 16199
1762696823200 1.0015469789505005 16499
1762696891168 1.0138047933578491 16799
1762696955994 1.00284743309021 17099
1762697020947 1.0036238431930542 17399
1762697086293 0.9960471987724304 17699
1762697151274 0.9936274290084839 17999
1762697216153 0.980187714099884 18299
1762697281325 0.9717719554901123 18599
1762697346454 0.9770814180374146 18899
1762697411690 0.9683359265327454 19199
1762697476598 0.9684434533119202 19499
1762697541401 0.97464919090271 19799
1762697606127 0.9686380624771118 20099
1762697671376 0.9701838493347168 20399
1762697736189 0.9638202786445618 20699
1762697801411 0.9594182968139648 20999
1762697871571 0.9564951658248901 21299
1762697941633 0.9648732542991638 21599
1762698009570 0.9618399739265442 21899
