1762693388396 1.3416681289672852 299
1762693451693 0.8908156156539917 599
1762693514542 0.8494896292686462 899
1762693577551 0.8210060000419617 1199
1762693640398 0.7962961196899414 1499
1762693703625 0.7792919874191284 1799
1762693766895 0.7762864828109741 2099
1762693830416 0.7594451904296875 2399
1762693893484 0.7607736587524414 2699
1762693956830 0.7375545501708984 2999
1762694020029 0.7408234477043152 3299
1762694083414 0.7312400341033936 3599
1762694146630 0.7427148818969727 3899
1762694210206 0.724402666091919 4199
1762694273473 0.7207800149917603 4499
1762694336540 0.7191833853721619 4799
1762694399887 0.717295229434967 5099
1762694462960 0.7079354524612427 5399
1762694526572 0.70319664478302 5699
1762694589909 0.711595356464386 5999
1762694653233 0.7025512456893921 6299
1762694716407 0.7043573260307312 6599
1762694779701 0.7014578580856323 6899
1762694842836 0.6951109766960144 7199
1762694906406 0.688325047492981 7499
1762694969676 0.6898748874664307 7799
1762695033066 0.6895787119865417 8099
1762695096289 0.683496356010437 8399
1762695159630 0.6869757771492004 8699
1762695222979 0.6810262203216553 8999
1762695286466 0.6835525035858154 9299
1762695349551 0.6856219172477722 9599
1762695412721 0.6783992648124695 9899
1762695475951 0.6817470192909241 10199
1762695539159 0.6876612901687622 10499
1762695602696 0.6812759041786194 10799
1762695665847 0.6726771593093872 11099
1762695729090 0.6834471821784973 11399
1762695792161 0.6764237284660339 11699
1762695855537 0.6792040467262268 11999
1762695918680 0.6373950839042664 12299
1762695982300 0.632784366607666 12599
1762696045257 0.6335709691047668 12899
1762696108140 0.6347869634628296 13199
1762696170821 0.6308813691139221 13499
1762696233506 0.6378325819969177 13799
1762696296524 0.6338129043579102 14099
1762696359984 0.632189929485321 14399
1762696423081 0.628869891166687 14699
1762696485792 0.6310033798217773 14999
1762696548669 0.6276102662086487 15299
1762696611337 0.631734311580658 15599
1762696679514 0.6343957185745239 15899
1762696751074 0.627697765827179 16199
1762696823200 0.6292212009429932 16499
1762696891168 0.6312305331230164 16799
1762696955994 0.627536416053772 17099
1762697020947 0.6287264823913574 17399
1762697086293 0.6281363368034363 17699
1762697151274 0.627747118473053 17999
1762697216153 0.6220689415931702 18299
1762697281325 0.6166404485702515 18599
1762697346454 0.6140807867050171 18899
1762697411690 0.6132810711860657 19199
1762697476598 0.6146723031997681 19499
1762697541401 0.6132308840751648 19799
1762697606127 0.6144881248474121 20099
1762697671376 0.6155861616134644 20399
1762697736189 0.6111046671867371 20699
1762697801411 0.6106331944465637 20999
1762697871571 0.6169905662536621 21299
1762697941633 0.6140438914299011 21599
1762698009570 0.6132783889770508 21899
