1762693388396 2.7772696018218994 299
1762693451693 2.3939223289489746 599
1762693514542 2.377350091934204 899
1762693577551 2.336472749710083 1199
1762693640398 2.3112688064575195 1499
1762693703625 2.331212043762207 1799
1762693766895 2.2820382118225098 2099
1762693830416 2.2880473136901855 2399
1762693893484 2.2747578620910645 2699
1762693956830 2.241115093231201 2999
1762694020029 2.2506916522979736 3299
1762694083414 2.221613883972168 3599
1762694146630 2.227861166000366 3899
1762694210206 2.2067012786865234 4199
1762694273473 2.175753593444824 4499
1762694336540 2.165436267852783 4799
1762694399887 2.1562271118164062 5099
1762694462960 2.1496548652648926 5399
1762694526572 2.116745710372925 5699
1762694589909 2.1162266731262207 5999
1762694653233 2.0866079330444336 6299
1762694716407 2.1113762855529785 6599
1762694779701 2.096996784210205 6899
1762694842836 2.0791332721710205 7199
1762694906406 2.0709424018859863 7499
1762694969676 2.075598955154419 7799
1762695033066 2.0535614490509033 8099
1762695096289 2.0505285263061523 8399
1762695159630 2.0301125049591064 8699
1762695222979 2.030512571334839 8999
1762695286466 2.0253732204437256 9299
1762695349551 2.0137171745300293 9599
1762695412721 1.9996800422668457 9899
1762695475951 1.9939663410186768 10199
1762695539159 1.9742931127548218 10499
1762695602696 1.9785139560699463 10799
1762695665847 1.960559606552124 11099
1762695729090 1.9685604572296143 11399
1762695792161 1.9608268737792969 11699
1762695855537 1.9382799863815308 11999
1762695918680 1.8605448007583618 12299
1762695982300 1.839530348777771 12599
1762696045257 1.8401577472686768 12899
1762696108140 1.833936333656311 13199
1762696170821 1.826192021369934 13499
1762696233506 1.8298921585083008 13799
1762696296524 1.8272569179534912 14099
1762696359984 1.8104009628295898 14399
1762696423081 1.8164113759994507 14699
1762696485792 1.8014600276947021 14999
1762696548669 1.790781021118164 15299
1762696611337 1.8000448942184448 15599
1762696679514 1.7937383651733398 15899
1762696751074 1.7748509645462036 16199
1762696823200 1.7583431005477905 16499
1762696891168 1.765866756439209 16799
1762696955994 1.7487226724624634 17099
1762697020947 1.7606877088546753 17399
1762697086293 1.7388994693756104 17699
1762697151274 1.7327048778533936 17999
1762697216153 1.7239267826080322 18299
1762697281325 1.709006428718567 18599
1762697346454 1.7073732614517212 18899
1762697411690 1.688245415687561 19199
1762697476598 1.7037129402160645 19499
1762697541401 1.7044914960861206 19799
1762697606127 1.7052618265151978 20099
1762697671376 1.6981639862060547 20399
1762697736189 1.689759373664856 20699
1762697801411 1.6968121528625488 20999
1762697871571 1.685489296913147 21299
1762697941633 1.6862620115280151 21599
1762698009570 1.67987859249115 21899
