1762693388396 1.9327762126922607 299
1762693451693 1.2997543811798096 599
1762693514542 1.2371608018875122 899
1762693577551 1.1936291456222534 1199
1762693640398 1.1573684215545654 1499
1762693703625 1.1304160356521606 1799
1762693766895 1.126430630683899 2099
1762693830416 1.102152943611145 2399
1762693893484 1.1033954620361328 2699
1762693956830 1.0702790021896362 2999
1762694020029 1.07451331615448 3299
1762694083414 1.0615568161010742 3599
1762694146630 1.0793377161026 3899
1762694210206 1.0514601469039917 4199
1762694273473 1.047244668006897 4499
1762694336540 1.0443545579910278 4799
1762694399887 1.041304349899292 5099
1762694462960 1.0292472839355469 5399
1762694526572 1.0207852125167847 5699
1762694589909 1.0347882509231567 5999
1762694653233 1.0201984643936157 6299
1762694716407 1.0239276885986328 6599
1762694779701 1.0194340944290161 6899
1762694842836 1.0103460550308228 7199
1762694906406 1.000641107559204 7499
1762694969676 1.0024538040161133 7799
1762695033066 1.003254771232605 8099
1762695096289 0.9929379224777222 8399
1762695159630 0.9991634488105774 8699
1762695222979 0.9902107119560242 8999
1762695286466 0.9942919015884399 9299
1762695349551 0.9978037476539612 9599
1762695412721 0.9865782260894775 9899
1762695475951 0.9926004409790039 10199
1762695539159 1.0009901523590088 10499
1762695602696 0.992314338684082 10799
1762695665847 0.9780750870704651 11099
1762695729090 0.9956926107406616 11399
1762695792161 0.9842831492424011 11699
1762695855537 0.9883637428283691 11999
1762695918680 0.926852822303772 12299
1762695982300 0.9194040894508362 12599
1762696045257 0.9208273887634277 12899
1762696108140 0.9224017262458801 13199
1762696170821 0.9177169799804688 13499
1762696233506 0.9263817667961121 13799
1762696296524 0.9212169051170349 14099
1762696359984 0.9199246764183044 14399
1762696423081 0.9147557020187378 14699
1762696485792 0.9176913499832153 14999
1762696548669 0.9123249053955078 15299
1762696611337 0.9184855222702026 15599
1762696679514 0.9223119616508484 15899
1762696751074 0.9132170677185059 16199
1762696823200 0.9148783683776855 16499
1762696891168 0.9177988767623901 16799
1762696955994 0.9124830365180969 17099
1762697020947 0.9150032997131348 17399
1762697086293 0.9134585857391357 17699
1762697151274 0.9131398797035217 17999
1762697216153 0.9040811657905579 18299
1762697281325 0.8967693448066711 18599
1762697346454 0.893168568611145 18899
1762697411690 0.8914528489112854 19199
1762697476598 0.8941002488136292 19499
1762697541401 0.8920372724533081 19799
1762697606127 0.8933398127555847 20099
1762697671376 0.8947248458862305 20399
1762697736189 0.8882991671562195 20699
1762697801411 0.8877909779548645 20999
1762697871571 0.8971309065818787 21299
1762697941633 0.8928711414337158 21599
1762698009570 0.8913278579711914 21899
