1762693388396 1.8040982484817505 299
1762693451693 1.252203106880188 599
1762693514542 1.1939311027526855 899
1762693577551 1.1530261039733887 1199
1762693640398 1.1182215213775635 1499
1762693703625 1.0946617126464844 1799
1762693766895 1.0894967317581177 2099
1762693830416 1.0676761865615845 2399
1762693893484 1.0678188800811768 2699
1762693956830 1.0377554893493652 2999
1762694020029 1.0409669876098633 3299
1762694083414 1.0288810729980469 3599
1762694146630 1.0455241203308105 3899
1762694210206 1.0191147327423096 4199
1762694273473 1.0147758722305298 4499
1762694336540 1.0128285884857178 4799
1762694399887 1.0104219913482666 5099
1762694462960 0.9974618554115295 5399
1762694526572 0.9908755421638489 5699
1762694589909 1.0038421154022217 5999
1762694653233 0.9900558590888977 6299
1762694716407 0.9933616518974304 6599
1762694779701 0.9886049628257751 6899
1762694842836 0.9801663756370544 7199
1762694906406 0.9713627696037292 7499
1762694969676 0.9723600745201111 7799
1762695033066 0.9737247824668884 8099
1762695096289 0.9640700221061707 8399
1762695159630 0.9698703289031982 8699
1762695222979 0.9609471559524536 8999
1762695286466 0.9654689431190491 9299
1762695349551 0.9691810011863708 9599
1762695412721 0.9581133127212524 9899
1762695475951 0.9642237424850464 10199
1762695539159 0.97154700756073 10499
1762695602696 0.9629960656166077 10799
1762695665847 0.94998699426651 11099
1762695729090 0.9662506580352783 11399
1762695792161 0.9551270008087158 11699
1762695855537 0.9598341584205627 11999
1762695918680 0.901139497756958 12299
1762695982300 0.8942357301712036 12599
1762696045257 0.8951943516731262 12899
1762696108140 0.8965924382209778 13199
1762696170821 0.892013669013977 13499
1762696233506 0.9009772539138794 13799
1762696296524 0.8957870006561279 14099
1762696359984 0.8939526081085205 14399
1762696423081 0.8893449902534485 14699
1762696485792 0.8926865458488464 14999
1762696548669 0.8869956731796265 15299
1762696611337 0.8928452134132385 15599
1762696679514 0.8964741230010986 15899
1762696751074 0.8874726891517639 16199
1762696823200 0.8893813490867615 16499
1762696891168 0.8918201327323914 16799
1762696955994 0.8873497247695923 17099
1762697020947 0.8892776966094971 17399
1762697086293 0.887671172618866 17699
1762697151274 0.8876029849052429 17999
1762697216153 0.8790673613548279 18299
1762697281325 0.8726864457130432 18599
1762697346454 0.8679782152175903 18899
1762697411690 0.8669549822807312 19199
1762697476598 0.8696633577346802 19499
1762697541401 0.8670353293418884 19799
1762697606127 0.8685868978500366 20099
1762697671376 0.8705794811248779 20399
1762697736189 0.8633513450622559 20699
1762697801411 0.863429605960846 20999
1762697871571 0.8719630837440491 21299
1762697941633 0.8688028454780579 21599
1762698009570 0.8665137887001038 21899
