1762693388396 2.7273921966552734 299
1762693451693 2.253476619720459 599
1762693514542 2.2002816200256348 899
1762693577551 2.176278591156006 1199
1762693640398 2.134582281112671 1499
1762693703625 2.123155117034912 1799
1762693766895 2.1178853511810303 2099
1762693830416 2.086094617843628 2399
1762693893484 2.0652618408203125 2699
1762693956830 2.051184892654419 2999
1762694020029 2.0575764179229736 3299
1762694083414 2.031991481781006 3599
1762694146630 2.0254967212677 3899
1762694210206 2.0081474781036377 4199
1762694273473 1.9618366956710815 4499
1762694336540 1.9600731134414673 4799
1762694399887 1.9677791595458984 5099
1762694462960 1.9471380710601807 5399
1762694526572 1.9244585037231445 5699
1762694589909 1.927917718887329 5999
1762694653233 1.9067063331604004 6299
1762694716407 1.9110995531082153 6599
1762694779701 1.9048336744308472 6899
1762694842836 1.8733091354370117 7199
1762694906406 1.8850430250167847 7499
1762694969676 1.8781198263168335 7799
1762695033066 1.8714401721954346 8099
1762695096289 1.854753017425537 8399
1762695159630 1.8447710275650024 8699
1762695222979 1.8372361660003662 8999
1762695286466 1.8331952095031738 9299
1762695349551 1.833338975906372 9599
1762695412721 1.8167873620986938 9899
1762695475951 1.8031456470489502 10199
1762695539159 1.7986860275268555 10499
1762695602696 1.7881776094436646 10799
1762695665847 1.7751054763793945 11099
1762695729090 1.7864161729812622 11399
1762695792161 1.761130690574646 11699
1762695855537 1.7570760250091553 11999
1762695918680 1.6637369394302368 12299
1762695982300 1.651654601097107 12599
1762696045257 1.654606819152832 12899
1762696108140 1.6493154764175415 13199
1762696170821 1.6405932903289795 13499
1762696233506 1.6420873403549194 13799
1762696296524 1.6300814151763916 14099
1762696359984 1.620172142982483 14399
1762696423081 1.6207674741744995 14699
1762696485792 1.6152169704437256 14999
1762696548669 1.598318338394165 15299
1762696611337 1.592928409576416 15599
1762696679514 1.5966531038284302 15899
1762696751074 1.5857168436050415 16199
1762696823200 1.563372015953064 16499
1762696891168 1.58292555809021 16799
1762696955994 1.563091516494751 17099
1762697020947 1.565456748008728 17399
1762697086293 1.5534241199493408 17699
1762697151274 1.547128438949585 17999
1762697216153 1.5283786058425903 18299
1762697281325 1.5119975805282593 18599
1762697346454 1.520445704460144 18899
1762697411690 1.5080883502960205 19199
1762697476598 1.5074567794799805 19499
1762697541401 1.5165722370147705 19799
1762697606127 1.5083215236663818 20099
1762697671376 1.511154055595398 20399
1762697736189 1.499792456626892 20699
1762697801411 1.4933761358261108 20999
1762697871571 1.4904407262802124 21299
1762697941633 1.5029298067092896 21599
1762698009570 1.4960068464279175 21899
