1762693388396 1.058364748954773 299
1762693451693 0.6051313877105713 599
1762693514542 0.5835787653923035 899
1762693577551 0.5486593246459961 1199
1762693640398 0.5427274107933044 1499
1762693703625 0.5272647142410278 1799
1762693766895 0.5310463905334473 2099
1762693830416 0.5185691714286804 2399
1762693893484 0.5163859724998474 2699
1762693956830 0.49596378207206726 2999
1762694020029 0.4964961111545563 3299
1762694083414 0.4993067979812622 3599
1762694146630 0.5138633847236633 3899
1762694210206 0.4964867830276489 4199
1762694273473 0.49268385767936707 4499
1762694336540 0.4867019057273865 4799
1762694399887 0.4859166145324707 5099
1762694462960 0.48456501960754395 5399
1762694526572 0.4727120101451874 5699
1762694589909 0.49079790711402893 5999
1762694653233 0.4798273742198944 6299
1762694716407 0.48376598954200745 6599
1762694779701 0.47793006896972656 6899
1762694842836 0.47679412364959717 7199
1762694906406 0.4735018014907837 7499
1762694969676 0.4741084575653076 7799
1762695033066 0.47104984521865845 8099
1762695096289 0.46629074215888977 8399
1762695159630 0.47038787603378296 8699
1762695222979 0.46175989508628845 8999
1762695286466 0.4694359004497528 9299
1762695349551 0.46889907121658325 9599
1762695412721 0.4658547043800354 9899
1762695475951 0.4705682396888733 10199
1762695539159 0.47374752163887024 10499
1762695602696 0.4694260060787201 10799
1762695665847 0.46095138788223267 11099
1762695729090 0.476955771446228 11399
1762695792161 0.46782079339027405 11699
1762695855537 0.46639513969421387 11999
1762695918680 0.4251449704170227 12299
1762695982300 0.4196241497993469 12599
1762696045257 0.4208553433418274 12899
1762696108140 0.4203118085861206 13199
1762696170821 0.4205840229988098 13499
1762696233506 0.42468950152397156 13799
1762696296524 0.4216735363006592 14099
1762696359984 0.4224716126918793 14399
1762696423081 0.4206239581108093 14699
1762696485792 0.4233238399028778 14999
1762696548669 0.42074212431907654 15299
1762696611337 0.4224827289581299 15599
1762696679514 0.4235038757324219 15899
1762696751074 0.42045319080352783 16199
1762696823200 0.41986265778541565 16499
1762696891168 0.42307648062705994 16799
1762696955994 0.4209798574447632 17099
1762697020947 0.42259347438812256 17399
1762697086293 0.42167890071868896 17699
1762697151274 0.41948702931404114 17999
1762697216153 0.41268208622932434 18299
1762697281325 0.4104342758655548 18599
1762697346454 0.40675851702690125 18899
1762697411690 0.40674179792404175 19199
1762697476598 0.40777868032455444 19499
1762697541401 0.40796414017677307 19799
1762697606127 0.4070857763290405 20099
1762697671376 0.4091750681400299 20399
1762697736189 0.40734750032424927 20699
1762697801411 0.4067355692386627 20999
1762697871571 0.4115545153617859 21299
1762697941633 0.4085390567779541 21599
1762698009570 0.40816953778266907 21899
