1762693388396 4.136512279510498 299
1762693451693 1.910438895225525 599
1762693514542 1.750492811203003 899
1762693577551 1.6414417028427124 1199
1762693640398 1.5682439804077148 1499
1762693703625 1.4340412616729736 1799
1762693766895 1.481643795967102 2099
1762693830416 1.3916915655136108 2399
1762693893484 1.4360671043395996 2699
1762693956830 1.2811009883880615 2999
1762694020029 1.3094563484191895 3299
1762694083414 1.3095659017562866 3599
1762694146630 1.3315575122833252 3899
1762694210206 1.286618947982788 4199
1762694273473 1.2776790857315063 4499
1762694336540 1.2457047700881958 4799
1762694399887 1.22463059425354 5099
1762694462960 1.2460875511169434 5399
1762694526572 1.1656771898269653 5699
1762694589909 1.2173833847045898 5999
1762694653233 1.1935724020004272 6299
1762694716407 1.1905531883239746 6599
1762694779701 1.2067890167236328 6899
1762694842836 1.154198408126831 7199
1762694906406 1.1276065111160278 7499
1762694969676 1.1585568189620972 7799
1762695033066 1.1554917097091675 8099
1762695096289 1.1077862977981567 8399
1762695159630 1.1425954103469849 8699
1762695222979 1.1387375593185425 8999
1762695286466 1.1038669347763062 9299
1762695349551 1.1085543632507324 9599
1762695412721 1.1018779277801514 9899
1762695475951 1.0979970693588257 10199
1762695539159 1.1210798025131226 10499
1762695602696 1.1224735975265503 10799
1762695665847 1.0691553354263306 11099
1762695729090 1.126093864440918 11399
1762695792161 1.126720666885376 11699
1762695855537 1.1000951528549194 11999
1762695918680 0.9748206734657288 12299
1762695982300 0.9493239521980286 12599
1762696045257 0.9596352577209473 12899
1762696108140 0.9768728613853455 13199
1762696170821 0.9659873843193054 13499
1762696233506 0.9539586305618286 13799
1762696296524 0.9546886682510376 14099
1762696359984 0.9551742076873779 14399
1762696423081 0.949664294719696 14699
1762696485792 0.9225899577140808 14999
1762696548669 0.9314097762107849 15299
1762696611337 0.9501121044158936 15599
1762696679514 0.9595956802368164 15899
1762696751074 0.9576290845870972 16199
1762696823200 0.9495782852172852 16499
1762696891168 0.9687483310699463 16799
1762696955994 0.9517444372177124 17099
1762697020947 0.953488826751709 17399
1762697086293 0.9659697413444519 17699
1762697151274 0.9493379592895508 17999
1762697216153 0.9365119934082031 18299
1762697281325 0.8958585858345032 18599
1762697346454 0.9317215085029602 18899
1762697411690 0.9000508189201355 19199
1762697476598 0.9037330746650696 19499
1762697541401 0.9270735383033752 19799
1762697606127 0.9042691588401794 20099
1762697671376 0.8979319930076599 20399
1762697736189 0.9244869351387024 20699
1762697801411 0.90643310546875 20999
1762697871571 0.9343194961547852 21299
1762697941633 0.8930535316467285 21599
1762698009570 0.9201197624206543 21899
