1762693388396 1.7246625423431396 299
1762693451693 1.494674563407898 599
1762693514542 1.483496069908142 899
1762693577551 1.4581331014633179 1199
1762693640398 1.4418861865997314 1499
1762693703625 1.4527086019515991 1799
1762693766895 1.42289137840271 2099
1762693830416 1.4290268421173096 2399
1762693893484 1.4193129539489746 2699
1762693956830 1.4019742012023926 2999
1762694020029 1.4046707153320312 3299
1762694083414 1.3885691165924072 3599
1762694146630 1.3941636085510254 3899
1762694210206 1.3795936107635498 4199
1762694273473 1.3644770383834839 4499
1762694336540 1.3581284284591675 4799
1762694399887 1.35500967502594 5099
1762694462960 1.3498162031173706 5399
1762694526572 1.3282281160354614 5699
1762694589909 1.329869270324707 5999
1762694653233 1.3131136894226074 6299
1762694716407 1.3286304473876953 6599
1762694779701 1.3187506198883057 6899
1762694842836 1.3079487085342407 7199
1762694906406 1.302644968032837 7499
1762694969676 1.3088260889053345 7799
1762695033066 1.2936692237854004 8099
1762695096289 1.2921658754348755 8399
1762695159630 1.2783122062683105 8699
1762695222979 1.2808681726455688 8999
1762695286466 1.278541088104248 9299
1762695349551 1.270048975944519 9599
1762695412721 1.2609739303588867 9899
1762695475951 1.259161353111267 10199
1762695539159 1.2471333742141724 10499
1762695602696 1.250799536705017 10799
1762695665847 1.24110746383667 11099
1762695729090 1.2453479766845703 11399
1762695792161 1.2387458086013794 11699
1762695855537 1.2259483337402344 11999
1762695918680 1.1785610914230347 12299
1762695982300 1.1670031547546387 12599
1762696045257 1.1675136089324951 12899
1762696108140 1.162473201751709 13199
1762696170821 1.1598591804504395 13499
1762696233506 1.1616421937942505 13799
1762696296524 1.1612087488174438 14099
1762696359984 1.1468026638031006 14399
1762696423081 1.1528865098953247 14699
1762696485792 1.1452454328536987 14999
1762696548669 1.138619303703308 15299
1762696611337 1.1429615020751953 15599
1762696679514 1.138490915298462 15899
1762696751074 1.1272528171539307 16199
1762696823200 1.117672324180603 16499
1762696891168 1.1224592924118042 16799
1762696955994 1.112804651260376 17099
1762697020947 1.120500922203064 17399
1762697086293 1.1057751178741455 17699
1762697151274 1.1044248342514038 17999
1762697216153 1.0972594022750854 18299
1762697281325 1.0896925926208496 18599
1762697346454 1.0872197151184082 18899
1762697411690 1.0747712850570679 19199
1762697476598 1.0851986408233643 19499
1762697541401 1.0856364965438843 19799
1762697606127 1.0851589441299438 20099
1762697671376 1.0813782215118408 20399
1762697736189 1.0755698680877686 20699
1762697801411 1.0814450979232788 20999
1762697871571 1.0724220275878906 21299
1762697941633 1.072690486907959 21599
1762698009570 1.0709182024002075 21899
