1762693388396 1.830108404159546 299
1762693451693 1.3970224857330322 599
1762693514542 1.3720191717147827 899
1762693577551 1.3380682468414307 1199
1762693640398 1.3019887208938599 1499
1762693703625 1.2781939506530762 1799
1762693766895 1.2826526165008545 2099
1762693830416 1.2652276754379272 2399
1762693893484 1.2593315839767456 2699
1762693956830 1.2354674339294434 2999
1762694020029 1.241408109664917 3299
1762694083414 1.2235395908355713 3599
1762694146630 1.2168762683868408 3899
1762694210206 1.2015910148620605 4199
1762694273473 1.1890488862991333 4499
1762694336540 1.1731274127960205 4799
1762694399887 1.1779983043670654 5099
1762694462960 1.1704992055892944 5399
1762694526572 1.162247657775879 5699
1762694589909 1.1572411060333252 5999
1762694653233 1.1547092199325562 6299
1762694716407 1.1439266204833984 6599
1762694779701 1.1459791660308838 6899
1762694842836 1.1295790672302246 7199
1762694906406 1.1335684061050415 7499
1762694969676 1.1325206756591797 7799
1762695033066 1.1203080415725708 8099
1762695096289 1.115916132926941 8399
1762695159630 1.1113817691802979 8699
1762695222979 1.1102879047393799 8999
1762695286466 1.1045992374420166 9299
1762695349551 1.105341911315918 9599
1762695412721 1.099570870399475 9899
1762695475951 1.0991500616073608 10199
1762695539159 1.0906097888946533 10499
1762695602696 1.0840858221054077 10799
1762695665847 1.0737407207489014 11099
1762695729090 1.075721263885498 11399
1762695792161 1.0646802186965942 11699
1762695855537 1.0609078407287598 11999
1762695918680 1.01115083694458 12299
1762695982300 1.0026463270187378 12599
1762696045257 1.0080480575561523 12899
1762696108140 0.996608555316925 13199
1762696170821 0.9993937611579895 13499
1762696233506 1.0009546279907227 13799
1762696296524 0.9922754764556885 14099
1762696359984 0.987316370010376 14399
1762696423081 0.9833894371986389 14699
1762696485792 0.9833025932312012 14999
1762696548669 0.9803247451782227 15299
1762696611337 0.9773340821266174 15599
1762696679514 0.977599561214447 15899
1762696751074 0.9694724082946777 16199
1762696823200 0.9643276929855347 16499
1762696891168 0.9685571789741516 16799
1762696955994 0.96354740858078 17099
1762697020947 0.9638306498527527 17399
1762697086293 0.9578337073326111 17699
1762697151274 0.9515870809555054 17999
1762697216153 0.9381405115127563 18299
1762697281325 0.9330226182937622 18599
1762697346454 0.9321750998497009 18899
1762697411690 0.9296318888664246 19199
1762697476598 0.9301882982254028 19499
1762697541401 0.928257942199707 19799
1762697606127 0.9304391145706177 20099
1762697671376 0.9272085428237915 20399
1762697736189 0.9272657036781311 20699
1762697801411 0.9199044108390808 20999
1762697871571 0.9220839738845825 21299
1762697941633 0.9291317462921143 21599
1762698009570 0.9219184517860413 21899
