1762693388396 8.406445503234863 299
1762693451693 6.960734844207764 599
1762693514542 6.794713020324707 899
1762693577551 6.737422466278076 1199
1762693640398 6.691634654998779 1499
1762693703625 6.669063091278076 1799
1762693766895 6.5441484451293945 2099
1762693830416 6.357718467712402 2399
1762693893484 6.487857341766357 2699
1762693956830 6.25792121887207 2999
1762694020029 6.315889835357666 3299
1762694083414 6.214365482330322 3599
1762694146630 6.079902172088623 3899
1762694210206 6.189699172973633 4199
1762694273473 5.92860221862793 4499
1762694336540 5.870072841644287 4799
1762694399887 5.7320332527160645 5099
1762694462960 5.837158679962158 5399
1762694526572 5.66251277923584 5699
1762694589909 5.746153831481934 5999
1762694653233 5.517158031463623 6299
1762694716407 5.589568614959717 6599
1762694779701 5.5409064292907715 6899
1762694842836 5.509902477264404 7199
1762694906406 5.528446197509766 7499
1762694969676 5.4482879638671875 7799
1762695033066 5.360894680023193 8099
1762695096289 5.421347141265869 8399
1762695159630 5.328706741333008 8699
1762695222979 5.314120292663574 8999
1762695286466 5.20007848739624 9299
1762695349551 5.175704002380371 9599
1762695412721 5.211045265197754 9899
1762695475951 5.0330047607421875 10199
1762695539159 5.0027618408203125 10499
1762695602696 5.020691871643066 10799
1762695665847 4.897787094116211 11099
1762695729090 4.975959300994873 11399
1762695792161 5.001902103424072 11699
1762695855537 4.87762451171875 11999
1762695918680 4.602090358734131 12299
1762695982300 4.458506107330322 12599
1762696045257 4.521773815155029 12899
1762696108140 4.51899528503418 13199
1762696170821 4.432828426361084 13499
1762696233506 4.464714527130127 13799
1762696296524 4.457444190979004 14099
1762696359984 4.520640850067139 14399
1762696423081 4.450572967529297 14699
1762696485792 4.301505088806152 14999
1762696548669 4.2947587966918945 15299
1762696611337 4.3724236488342285 15599
1762696679514 4.343482971191406 15899
1762696751074 4.293365955352783 16199
1762696823200 4.214667797088623 16499
1762696891168 4.266960144042969 16799
1762696955994 4.130206108093262 17099
1762697020947 4.195118427276611 17399
1762697086293 4.15170955657959 17699
1762697151274 4.000175952911377 17999
1762697216153 4.074704170227051 18299
1762697281325 3.9639360904693604 18599
1762697346454 4.032349586486816 18899
1762697411690 3.9652862548828125 19199
1762697476598 3.9879751205444336 19499
1762697541401 4.000517845153809 19799
1762697606127 4.023906707763672 20099
1762697671376 4.008066654205322 20399
1762697736189 3.9952213764190674 20699
1762697801411 3.9885425567626953 20999
1762697871571 3.9510538578033447 21299
1762697941633 3.972119092941284 21599
1762698009570 3.9165115356445312 21899
