1762693388396 11.536965370178223 299
1762693451693 6.526627063751221 599
1762693514542 6.245896816253662 899
1762693577551 6.034727573394775 1199
1762693640398 5.788041591644287 1499
1762693703625 5.698958873748779 1799
1762693766895 5.647772312164307 2099
1762693830416 5.526419162750244 2399
1762693893484 5.474998950958252 2699
1762693956830 5.33859395980835 2999
1762694020029 5.357767581939697 3299
1762694083414 5.232681751251221 3599
1762694146630 5.220517635345459 3899
1762694210206 5.114612579345703 4199
1762694273473 4.974498271942139 4499
1762694336540 4.889191150665283 4799
1762694399887 4.9216694831848145 5099
1762694462960 4.84452486038208 5399
1762694526572 4.758101463317871 5699
1762694589909 4.764285087585449 5999
1762694653233 4.670402526855469 6299
1762694716407 4.698109149932861 6599
1762694779701 4.6614203453063965 6899
1762694842836 4.54516077041626 7199
1762694906406 4.567926406860352 7499
1762694969676 4.569756031036377 7799
1762695033066 4.498719692230225 8099
1762695096289 4.464478015899658 8399
1762695159630 4.407687664031982 8699
1762695222979 4.412935733795166 8999
1762695286466 4.354167938232422 9299
1762695349551 4.351376533508301 9599
1762695412721 4.309518337249756 9899
1762695475951 4.262214183807373 10199
1762695539159 4.233613967895508 10499
1762695602696 4.189935684204102 10799
1762695665847 4.134690761566162 11099
1762695729090 4.164341449737549 11399
1762695792161 4.087281703948975 11699
1762695855537 4.061128616333008 11999
1762695918680 3.7069218158721924 12299
1762695982300 3.6496329307556152 12599
1762696045257 3.664071798324585 12899
1762696108140 3.637852430343628 13199
1762696170821 3.611847400665283 13499
1762696233506 3.6289899349212646 13799
1762696296524 3.5964114665985107 14099
1762696359984 3.54919695854187 14399
1762696423081 3.538149118423462 14699
1762696485792 3.5170602798461914 14999
1762696548669 3.4714272022247314 15299
1762696611337 3.4748122692108154 15599
1762696679514 3.4784810543060303 15899
1762696751074 3.414888620376587 16199
1762696823200 3.364981174468994 16499
1762696891168 3.420912265777588 16799
1762696955994 3.3445775508880615 17099
1762697020947 3.3749277591705322 17399
1762697086293 3.3140602111816406 17699
1762697151274 3.2955029010772705 17999
1762697216153 3.239351272583008 18299
1762697281325 3.185319185256958 18599
1762697346454 3.1950876712799072 18899
1762697411690 3.15901780128479 19199
1762697476598 3.1697254180908203 19499
1762697541401 3.175389051437378 19799
1762697606127 3.167356491088867 20099
1762697671376 3.1614108085632324 20399
1762697736189 3.137204647064209 20699
1762697801411 3.1192026138305664 20999
1762697871571 3.1136393547058105 21299
1762697941633 3.138010025024414 21599
1762698009570 3.1102585792541504 21899
