1762693388396 2.4988880157470703 299
1762693451693 1.9415478706359863 599
1762693514542 1.892322063446045 899
1762693577551 1.8512030839920044 1199
1762693640398 1.8099315166473389 1499
1762693703625 1.7917661666870117 1799
1762693766895 1.7830290794372559 2099
1762693830416 1.761917233467102 2399
1762693893484 1.7502760887145996 2699
1762693956830 1.7229512929916382 2999
1762694020029 1.72843337059021 3299
1762694083414 1.7071597576141357 3599
1762694146630 1.7076995372772217 3899
1762694210206 1.684587001800537 4199
1762694273473 1.6629167795181274 4499
1762694336540 1.6525744199752808 4799
1762694399887 1.653832197189331 5099
1762694462960 1.6405678987503052 5399
1762694526572 1.6240168809890747 5699
1762694589909 1.6251085996627808 5999
1762694653233 1.6115096807479858 6299
1762694716407 1.6137884855270386 6599
1762694779701 1.607672095298767 6899
1762694842836 1.5880005359649658 7199
1762694906406 1.589362621307373 7499
1762694969676 1.5899689197540283 7799
1762695033066 1.5763834714889526 8099
1762695096289 1.5697858333587646 8399
1762695159630 1.5623470544815063 8699
1762695222979 1.557503342628479 8999
1762695286466 1.5545610189437866 9299
1762695349551 1.5532804727554321 9599
1762695412721 1.5425876379013062 9899
1762695475951 1.538737177848816 10199
1762695539159 1.5323368310928345 10499
1762695602696 1.5255606174468994 10799
1762695665847 1.5109432935714722 11099
1762695729090 1.5196256637573242 11399
1762695792161 1.5049606561660767 11699
1762695855537 1.4994605779647827 11999
1762695918680 1.4243024587631226 12299
1762695982300 1.4121919870376587 12599
1762696045257 1.414229154586792 12899
1762696108140 1.4099147319793701 13199
1762696170821 1.403900384902954 13499
1762696233506 1.40833580493927 13799
1762696296524 1.400712251663208 14099
1762696359984 1.393583059310913 14399
1762696423081 1.3903017044067383 14699
1762696485792 1.387359619140625 14999
1762696548669 1.3777856826782227 15299
1762696611337 1.3779749870300293 15599
1762696679514 1.380384087562561 15899
1762696751074 1.3682864904403687 16199
1762696823200 1.3594262599945068 16499
1762696891168 1.3681825399398804 16799
1762696955994 1.3559813499450684 17099
1762697020947 1.3597824573516846 17399
1762697086293 1.3502590656280518 17699
1762697151274 1.3445004224777222 17999
1762697216153 1.3301670551300049 18299
1762697281325 1.318859338760376 18599
1762697346454 1.3196507692337036 18899
1762697411690 1.3134664297103882 19199
1762697476598 1.3151123523712158 19499
1762697541401 1.3151624202728271 19799
1762697606127 1.3141899108886719 20099
1762697671376 1.3139570951461792 20399
1762697736189 1.3089064359664917 20699
1762697801411 1.3032640218734741 20999
1762697871571 1.3057665824890137 21299
1762697941633 1.310171127319336 21599
1762698009570 1.3033761978149414 21899
