1762693388396 2.445300579071045 299
1762693451693 1.921522855758667 599
1762693514542 1.8817745447158813 899
1762693577551 1.837377667427063 1199
1762693640398 1.789141058921814 1499
1762693703625 1.760834813117981 1799
1762693766895 1.7632157802581787 2099
1762693830416 1.7425106763839722 2399
1762693893484 1.7356127500534058 2699
1762693956830 1.703120470046997 2999
1762694020029 1.7112271785736084 3299
1762694083414 1.6887078285217285 3599
1762694146630 1.679046630859375 3899
1762694210206 1.6595491170883179 4199
1762694273473 1.6428310871124268 4499
1762694336540 1.6247071027755737 4799
1762694399887 1.6336534023284912 5099
1762694462960 1.6199318170547485 5399
1762694526572 1.610766887664795 5699
1762694589909 1.6031925678253174 5999
1762694653233 1.6007550954818726 6299
1762694716407 1.5852036476135254 6599
1762694779701 1.5872735977172852 6899
1762694842836 1.5652590990066528 7199
1762694906406 1.573179006576538 7499
1762694969676 1.5696121454238892 7799
1762695033066 1.5546194314956665 8099
1762695096289 1.5495563745498657 8399
1762695159630 1.5430718660354614 8699
1762695222979 1.5416277647018433 8999
1762695286466 1.5359525680541992 9299
1762695349551 1.5356197357177734 9599
1762695412721 1.5294239521026611 9899
1762695475951 1.5300641059875488 10199
1762695539159 1.5156255960464478 10499
1762695602696 1.5074173212051392 10799
1762695665847 1.494459629058838 11099
1762695729090 1.4941389560699463 11399
1762695792161 1.4807825088500977 11699
1762695855537 1.4759536981582642 11999
1762695918680 1.4090008735656738 12299
1762695982300 1.397336721420288 12599
1762696045257 1.4028340578079224 12899
1762696108140 1.3880460262298584 13199
1762696170821 1.3898355960845947 13499
1762696233506 1.3941402435302734 13799
1762696296524 1.3830994367599487 14099
1762696359984 1.3764777183532715 14399
1762696423081 1.370516300201416 14699
1762696485792 1.371748924255371 14999
1762696548669 1.3667323589324951 15299
1762696611337 1.3625202178955078 15599
1762696679514 1.3629332780838013 15899
1762696751074 1.351839303970337 16199
1762696823200 1.3459844589233398 16499
1762696891168 1.3487656116485596 16799
1762696955994 1.346115231513977 17099
1762697020947 1.3449519872665405 17399
1762697086293 1.338555097579956 17699
1762697151274 1.329522728919983 17999
1762697216153 1.3105151653289795 18299
1762697281325 1.3040307760238647 18599
1762697346454 1.3012125492095947 18899
1762697411690 1.2991249561309814 19199
1762697476598 1.3005030155181885 19499
1762697541401 1.296759843826294 19799
1762697606127 1.2999448776245117 20099
1762697671376 1.2944711446762085 20399
1762697736189 1.2963299751281738 20699
1762697801411 1.2841181755065918 20999
1762697871571 1.2888092994689941 21299
1762697941633 1.2983982563018799 21599
1762698009570 1.2879992723464966 21899
