1762693388396 2.4839258193969727 299
1762693451693 2.089005708694458 599
1762693514542 2.041126251220703 899
1762693577551 2.018028736114502 1199
1762693640398 1.9805479049682617 1499
1762693703625 1.9729256629943848 1799
1762693766895 1.966158151626587 2099
1762693830416 1.94241201877594 2399
1762693893484 1.9209214448928833 2699
1762693956830 1.908976674079895 2999
1762694020029 1.9137187004089355 3299
1762694083414 1.8922221660614014 3599
1762694146630 1.8883405923843384 3899
1762694210206 1.8707382678985596 4199
1762694273473 1.8294477462768555 4499
1762694336540 1.832876205444336 4799
1762694399887 1.8419140577316284 5099
1762694462960 1.8184866905212402 5399
1762694526572 1.8017905950546265 5699
1762694589909 1.8032965660095215 5999
1762694653233 1.7856851816177368 6299
1762694716407 1.7906028032302856 6599
1762694779701 1.7831553220748901 6899
1762694842836 1.7543085813522339 7199
1762694906406 1.7649641036987305 7499
1762694969676 1.761393427848816 7799
1762695033066 1.7549325227737427 8099
1762695096289 1.7380266189575195 8399
1762695159630 1.727624535560608 8699
1762695222979 1.7239989042282104 8999
1762695286466 1.721131682395935 9299
1762695349551 1.7194098234176636 9599
1762695412721 1.705685019493103 9899
1762695475951 1.6952251195907593 10199
1762695539159 1.6901512145996094 10499
1762695602696 1.6806424856185913 10799
1762695665847 1.668818712234497 11099
1762695729090 1.6789660453796387 11399
1762695792161 1.6555510759353638 11699
1762695855537 1.6530920267105103 11999
1762695918680 1.5683441162109375 12299
1762695982300 1.5566949844360352 12599
1762696045257 1.5579195022583008 12899
1762696108140 1.5539804697036743 13199
1762696170821 1.5467922687530518 13499
1762696233506 1.5490928888320923 13799
1762696296524 1.5366971492767334 14099
1762696359984 1.5272358655929565 14399
1762696423081 1.5275192260742188 14699
1762696485792 1.5264699459075928 14999
1762696548669 1.508629322052002 15299
1762696611337 1.5028403997421265 15599
1762696679514 1.5062791109085083 15899
1762696751074 1.4969065189361572 16199
1762696823200 1.4759317636489868 16499
1762696891168 1.4931609630584717 16799
1762696955994 1.4769740104675293 17099
1762697020947 1.4785386323928833 17399
1762697086293 1.468299150466919 17699
1762697151274 1.4638410806655884 17999
1762697216153 1.444409728050232 18299
1762697281325 1.431248426437378 18599
1762697346454 1.4384535551071167 18899
1762697411690 1.426426649093628 19199
1762697476598 1.4263105392456055 19499
1762697541401 1.434158205986023 19799
1762697606127 1.4268755912780762 20099
1762697671376 1.4294562339782715 20399
1762697736189 1.4194583892822266 20699
1762697801411 1.412744164466858 20999
1762697871571 1.4092165231704712 21299
1762697941633 1.4217896461486816 21599
1762698009570 1.4164414405822754 21899
