1762693388396 7.978802680969238 299
1762693451693 6.098354816436768 599
1762693514542 5.892770767211914 899
1762693577551 5.922738552093506 1199
1762693640398 5.800179481506348 1499
1762693703625 5.615680694580078 1799
1762693766895 5.688831806182861 2099
1762693830416 5.41248083114624 2399
1762693893484 5.437606334686279 2699
1762693956830 5.377932548522949 2999
1762694020029 5.443469524383545 3299
1762694083414 5.270288944244385 3599
1762694146630 5.185872554779053 3899
1762694210206 5.221372127532959 4199
1762694273473 5.031239986419678 4499
1762694336540 4.886168956756592 4799
1762694399887 4.8279547691345215 5099
1762694462960 4.930799961090088 5399
1762694526572 4.707162380218506 5699
1762694589909 4.810906410217285 5999
1762694653233 4.662474632263184 6299
1762694716407 4.63405179977417 6599
1762694779701 4.690197467803955 6899
1762694842836 4.607482433319092 7199
1762694906406 4.638757705688477 7499
1762694969676 4.539239883422852 7799
1762695033066 4.475977897644043 8099
1762695096289 4.511111259460449 8399
1762695159630 4.522563457489014 8699
1762695222979 4.392757892608643 8999
1762695286466 4.387749671936035 9299
1762695349551 4.423990249633789 9599
1762695412721 4.315964698791504 9899
1762695475951 4.22005558013916 10199
1762695539159 4.219979286193848 10499
1762695602696 4.210943222045898 10799
1762695665847 4.12550687789917 11099
1762695729090 4.200347423553467 11399
1762695792161 4.129215240478516 11699
1762695855537 4.080021858215332 11999
1762695918680 3.7686314582824707 12299
1762695982300 3.735156297683716 12599
1762696045257 3.793428421020508 12899
1762696108140 3.7503979206085205 13199
1762696170821 3.6988415718078613 13499
1762696233506 3.6575422286987305 13799
1762696296524 3.6811773777008057 14099
1762696359984 3.6765217781066895 14399
1762696423081 3.659655809402466 14699
1762696485792 3.5027475357055664 14999
1762696548669 3.5326344966888428 15299
1762696611337 3.5577552318573 15599
1762696679514 3.540043592453003 15899
1762696751074 3.507035970687866 16199
1762696823200 3.4421448707580566 16499
1762696891168 3.556828022003174 16799
1762696955994 3.3985612392425537 17099
1762697020947 3.4601786136627197 17399
1762697086293 3.410860538482666 17699
1762697151274 3.297600030899048 17999
1762697216153 3.3528950214385986 18299
1762697281325 3.213275909423828 18599
1762697346454 3.259317398071289 18899
1762697411690 3.2293589115142822 19199
1762697476598 3.227126359939575 19499
1762697541401 3.2632367610931396 19799
1762697606127 3.2377238273620605 20099
1762697671376 3.258575677871704 20399
1762697736189 3.2023067474365234 20699
1762697801411 3.2029552459716797 20999
1762697871571 3.2154757976531982 21299
1762697941633 3.2452940940856934 21599
1762698009570 3.163858413696289 21899
