1762693388396 1.5166584253311157 299
1762693451693 0.879427433013916 599
1762693514542 0.8474542498588562 899
1762693577551 0.7973595857620239 1199
1762693640398 0.7883709073066711 1499
1762693703625 0.7642513513565063 1799
1762693766895 0.7717605233192444 2099
1762693830416 0.7534078359603882 2399
1762693893484 0.7490107417106628 2699
1762693956830 0.7193273901939392 2999
1762694020029 0.7199375033378601 3299
1762694083414 0.7238239049911499 3599
1762694146630 0.7460060119628906 3899
1762694210206 0.7200896739959717 4199
1762694273473 0.7152146697044373 4499
1762694336540 0.7062652111053467 4799
1762694399887 0.7042074799537659 5099
1762694462960 0.7042773962020874 5399
1762694526572 0.6853935122489929 5699
1762694589909 0.7139108777046204 5999
1762694653233 0.696468710899353 6299
1762694716407 0.7022718787193298 6599
1762694779701 0.6944654583930969 6899
1762694842836 0.6925191283226013 7199
1762694906406 0.6876077651977539 7499
1762694969676 0.6892232894897461 7799
1762695033066 0.684249997138977 8099
1762695096289 0.6769853234291077 8399
1762695159630 0.6836511492729187 8699
1762695222979 0.6701827049255371 8999
1762695286466 0.6818227767944336 9299
1762695349551 0.6816941499710083 9599
1762695412721 0.6762797236442566 9899
1762695475951 0.6841427087783813 10199
1762695539159 0.6888097524642944 10499
1762695602696 0.6826223731040955 10799
1762695665847 0.6695602536201477 11099
1762695729090 0.6941326260566711 11399
1762695792161 0.6804893016815186 11699
1762695855537 0.6775870323181152 11999
1762695918680 0.6159018278121948 12299
1762695982300 0.6072301864624023 12599
1762696045257 0.6093365550041199 12899
1762696108140 0.6083036065101624 13199
1762696170821 0.6089246273040771 13499
1762696233506 0.6149324178695679 13799
1762696296524 0.6102569699287415 14099
1762696359984 0.6121528148651123 14399
1762696423081 0.6094667911529541 14699
1762696485792 0.6130675077438354 14999
1762696548669 0.6093851327896118 15299
1762696611337 0.6122674345970154 15599
1762696679514 0.6136590838432312 15899
1762696751074 0.6094157695770264 16199
1762696823200 0.6081109046936035 16499
1762696891168 0.6130787134170532 16799
1762696955994 0.6097007393836975 17099
1762697020947 0.6125957369804382 17399
1762697086293 0.6108022928237915 17699
1762697151274 0.6078166365623474 17999
1762697216153 0.5969496965408325 18299
1762697281325 0.5933332443237305 18599
1762697346454 0.5885814428329468 18899
1762697411690 0.5886307954788208 19199
1762697476598 0.5901540517807007 19499
1762697541401 0.5898621678352356 19799
1762697606127 0.5888513922691345 20099
1762697671376 0.591568648815155 20399
1762697736189 0.5891420245170593 20699
1762697801411 0.5880917310714722 20999
1762697871571 0.5950079560279846 21299
1762697941633 0.5909585952758789 21599
1762698009570 0.5905016660690308 21899
