1762693388396 6.690215587615967 299
1762693451693 4.62989616394043 599
1762693514542 4.518435955047607 899
1762693577551 4.441413402557373 1199
1762693640398 4.3065900802612305 1499
1762693703625 4.164400100708008 1799
1762693766895 4.211119174957275 2099
1762693830416 4.020694732666016 2399
1762693893484 4.051870346069336 2699
1762693956830 3.9313817024230957 2999
1762694020029 3.9653797149658203 3299
1762694083414 3.8780863285064697 3599
1762694146630 3.830522060394287 3899
1762694210206 3.819519281387329 4199
1762694273473 3.719557523727417 4499
1762694336540 3.6287734508514404 4799
1762694399887 3.56040358543396 5099
1762694462960 3.647461414337158 5399
1762694526572 3.4828836917877197 5699
1762694589909 3.5569357872009277 5999
1762694653233 3.451066017150879 6299
1762694716407 3.459469795227051 6599
1762694779701 3.4767143726348877 6899
1762694842836 3.4148943424224854 7199
1762694906406 3.3893425464630127 7499
1762694969676 3.4046132564544678 7799
1762695033066 3.3312134742736816 8099
1762695096289 3.331915855407715 8399
1762695159630 3.3232638835906982 8699
1762695222979 3.273829221725464 8999
1762695286466 3.252225637435913 9299
1762695349551 3.2578377723693848 9599
1762695412721 3.1849732398986816 9899
1762695475951 3.1321401596069336 10199
1762695539159 3.1548686027526855 10499
1762695602696 3.145595073699951 10799
1762695665847 3.0577292442321777 11099
1762695729090 3.1596713066101074 11399
1762695792161 3.1030056476593018 11699
1762695855537 3.045673131942749 11999
1762695918680 2.818843126296997 12299
1762695982300 2.7807273864746094 12599
1762696045257 2.828502655029297 12899
1762696108140 2.805692195892334 13199
1762696170821 2.781460762023926 13499
1762696233506 2.7651360034942627 13799
1762696296524 2.7536768913269043 14099
1762696359984 2.769589424133301 14399
1762696423081 2.7353289127349854 14699
1762696485792 2.6426503658294678 14999
1762696548669 2.6575400829315186 15299
1762696611337 2.6884992122650146 15599
1762696679514 2.683227777481079 15899
1762696751074 2.6556236743927 16199
1762696823200 2.6271204948425293 16499
1762696891168 2.689955472946167 16799
1762696955994 2.579045057296753 17099
1762697020947 2.6258509159088135 17399
1762697086293 2.5837128162384033 17699
1762697151274 2.5070738792419434 17999
1762697216153 2.534390926361084 18299
1762697281325 2.4566802978515625 18599
1762697346454 2.495434522628784 18899
1762697411690 2.4457366466522217 19199
1762697476598 2.458256483078003 19499
1762697541401 2.485402822494507 19799
1762697606127 2.4690988063812256 20099
1762697671376 2.475743055343628 20399
1762697736189 2.4592273235321045 20699
1762697801411 2.4601070880889893 20999
1762697871571 2.457561492919922 21299
1762697941633 2.467498302459717 21599
1762698009570 2.438356399536133 21899
