1762693388396 2.1912577152252197 299
1762693451693 1.6054595708847046 599
1762693514542 1.5334125757217407 899
1762693577551 1.488932728767395 1199
1762693640398 1.454321265220642 1499
1762693703625 1.4241095781326294 1799
1762693766895 1.4145203828811646 2099
1762693830416 1.4000144004821777 2399
1762693893484 1.3896398544311523 2699
1762693956830 1.3610084056854248 2999
1762694020029 1.3613100051879883 3299
1762694083414 1.343442440032959 3599
1762694146630 1.3492242097854614 3899
1762694210206 1.3264468908309937 4199
1762694273473 1.3166842460632324 4499
1762694336540 1.3119409084320068 4799
1762694399887 1.3114495277404785 5099
1762694462960 1.2918970584869385 5399
1762694526572 1.2931331396102905 5699
1762694589909 1.2882617712020874 5999
1762694653233 1.2831847667694092 6299
1762694716407 1.2812292575836182 6599
1762694779701 1.2741838693618774 6899
1762694842836 1.2653363943099976 7199
1762694906406 1.2623059749603271 7499
1762694969676 1.2632874250411987 7799
1762695033066 1.2528342008590698 8099
1762695096289 1.2533570528030396 8399
1762695159630 1.249498963356018 8699
1762695222979 1.2470437288284302 8999
1762695286466 1.2412497997283936 9299
1762695349551 1.2456315755844116 9599
1762695412721 1.2369732856750488 9899
1762695475951 1.2378041744232178 10199
1762695539159 1.2376577854156494 10499
1762695602696 1.2308781147003174 10799
1762695665847 1.22170889377594 11099
1762695729090 1.2239972352981567 11399
1762695792161 1.2158393859863281 11699
1762695855537 1.2166112661361694 11999
1762695918680 1.1568834781646729 12299
1762695982300 1.1505587100982666 12599
1762696045257 1.1465907096862793 12899
1762696108140 1.1519336700439453 13199
1762696170821 1.1436944007873535 13499
1762696233506 1.1525311470031738 13799
1762696296524 1.1451935768127441 14099
1762696359984 1.1413911581039429 14399
1762696423081 1.138068675994873 14699
1762696485792 1.1384377479553223 14999
1762696548669 1.128841519355774 15299
1762696611337 1.1374446153640747 15599
1762696679514 1.1417678594589233 15899
1762696751074 1.1285169124603271 16199
1762696823200 1.1309661865234375 16499
1762696891168 1.1344112157821655 16799
1762696955994 1.1227272748947144 17099
1762697020947 1.1278736591339111 17399
1762697086293 1.1254390478134155 17699
1762697151274 1.1239404678344727 17999
1762697216153 1.1120190620422363 18299
1762697281325 1.1057912111282349 18599
1762697346454 1.1013514995574951 18899
1762697411690 1.1036357879638672 19199
1762697476598 1.101036787033081 19499
1762697541401 1.0963131189346313 19799
1762697606127 1.1005018949508667 20099
1762697671376 1.0988534688949585 20399
1762697736189 1.0976594686508179 20699
1762697801411 1.0919396877288818 20999
1762697871571 1.0992834568023682 21299
1762697941633 1.0986559391021729 21599
1762698009570 1.0899243354797363 21899
