1762693388396 1.6381064653396606 299
1762693451693 1.1489293575286865 599
1762693514542 1.0996241569519043 899
1762693577551 1.069231629371643 1199
1762693640398 1.043394923210144 1499
1762693703625 1.0217218399047852 1799
1762693766895 1.0157912969589233 2099
1762693830416 1.0033785104751587 2399
1762693893484 0.9976574778556824 2699
1762693956830 0.9751688838005066 2999
1762694020029 0.9752233028411865 3299
1762694083414 0.9610143899917603 3599
1762694146630 0.9651201367378235 3899
1762694210206 0.9489341974258423 4199
1762694273473 0.942211389541626 4499
1762694336540 0.9366309642791748 4799
1762694399887 0.9367349743843079 5099
1762694462960 0.9233931303024292 5399
1762694526572 0.9231641292572021 5699
1762694589909 0.9197160601615906 5999
1762694653233 0.9163222312927246 6299
1762694716407 0.9143300652503967 6599
1762694779701 0.9103710055351257 6899
1762694842836 0.9024848937988281 7199
1762694906406 0.8991188406944275 7499
1762694969676 0.902215838432312 7799
1762695033066 0.892761766910553 8099
1762695096289 0.8938511610031128 8399
1762695159630 0.8901061415672302 8699
1762695222979 0.8889220356941223 8999
1762695286466 0.8835148215293884 9299
1762695349551 0.88714998960495 9599
1762695412721 0.8804634213447571 9899
1762695475951 0.8807670474052429 10199
1762695539159 0.8812376260757446 10499
1762695602696 0.8754999041557312 10799
1762695665847 0.8692102432250977 11099
1762695729090 0.8715828061103821 11399
1762695792161 0.8652632832527161 11699
1762695855537 0.8659199476242065 11999
1762695918680 0.8225473761558533 12299
1762695982300 0.8183467984199524 12599
1762696045257 0.81624835729599 12899
1762696108140 0.8195075392723083 13199
1762696170821 0.8134706020355225 13499
1762696233506 0.8200181722640991 13799
1762696296524 0.8140084147453308 14099
1762696359984 0.8117597699165344 14399
1762696423081 0.8087945580482483 14699
1762696485792 0.8079214096069336 14999
1762696548669 0.8028170466423035 15299
1762696611337 0.8084267377853394 15599
1762696679514 0.8117207288742065 15899
1762696751074 0.8016802072525024 16199
1762696823200 0.8038187623023987 16499
1762696891168 0.8065444827079773 16799
1762696955994 0.7970075607299805 17099
1762697020947 0.8012886643409729 17399
1762697086293 0.8000184297561646 17699
1762697151274 0.7981890439987183 17999
1762697216153 0.7900736927986145 18299
1762697281325 0.7841931581497192 18599
1762697346454 0.7825212478637695 18899
1762697411690 0.7833302617073059 19199
1762697476598 0.7813274264335632 19499
1762697541401 0.7782151699066162 19799
1762697606127 0.780873715877533 20099
1762697671376 0.7798141837120056 20399
1762697736189 0.7793048620223999 20699
1762697801411 0.7757259011268616 20999
1762697871571 0.7801708579063416 21299
1762697941633 0.7799851894378662 21599
1762698009570 0.773917019367218 21899
