1762693388396 1.8813071250915527 299
1762693451693 1.539162516593933 599
1762693514542 1.5021635293960571 899
1762693577551 1.4865859746932983 1199
1762693640398 1.4580864906311035 1499
1762693703625 1.4501653909683228 1799
1762693766895 1.4448057413101196 2099
1762693830416 1.4246588945388794 2399
1762693893484 1.4101485013961792 2699
1762693956830 1.399410367012024 2999
1762694020029 1.4033536911010742 3299
1762694083414 1.385805606842041 3599
1762694146630 1.3811976909637451 3899
1762694210206 1.369585633277893 4199
1762694273473 1.339226484298706 4499
1762694336540 1.335564136505127 4799
1762694399887 1.3419606685638428 5099
1762694462960 1.3267905712127686 5399
1762694526572 1.3126020431518555 5699
1762694589909 1.3155514001846313 5999
1762694653233 1.2996256351470947 6299
1762694716407 1.3033976554870605 6599
1762694779701 1.2977442741394043 6899
1762694842836 1.2766307592391968 7199
1762694906406 1.2844791412353516 7499
1762694969676 1.280822992324829 7799
1762695033066 1.2762267589569092 8099
1762695096289 1.265213131904602 8399
1762695159630 1.2564665079116821 8699
1762695222979 1.25405752658844 8999
1762695286466 1.2486357688903809 9299
1762695349551 1.2500500679016113 9599
1762695412721 1.2384105920791626 9899
1762695475951 1.228371500968933 10199
1762695539159 1.2258073091506958 10499
1762695602696 1.2182561159133911 10799
1762695665847 1.2100061178207397 11099
1762695729090 1.2189528942108154 11399
1762695792161 1.1993225812911987 11699
1762695855537 1.1977438926696777 11999
1762695918680 1.1340707540512085 12299
1762695982300 1.126313328742981 12599
1762696045257 1.1279433965682983 12899
1762696108140 1.1250262260437012 13199
1762696170821 1.118653416633606 13499
1762696233506 1.1195043325424194 13799
1762696296524 1.1125166416168213 14099
1762696359984 1.104511022567749 14399
1762696423081 1.1050341129302979 14699
1762696485792 1.1013048887252808 14999
1762696548669 1.0895100831985474 15299
1762696611337 1.0864545106887817 15599
1762696679514 1.0877395868301392 15899
1762696751074 1.0810492038726807 16199
1762696823200 1.0654531717300415 16499
1762696891168 1.0795496702194214 16799
1762696955994 1.0653024911880493 17099
1762697020947 1.0670534372329712 17399
1762697086293 1.0583826303482056 17699
1762697151274 1.0542173385620117 17999
1762697216153 1.0419081449508667 18299
1762697281325 1.030906081199646 18599
1762697346454 1.037115216255188 18899
1762697411690 1.0278406143188477 19199
1762697476598 1.0277844667434692 19499
1762697541401 1.0348719358444214 19799
1762697606127 1.0281192064285278 20099
1762697671376 1.0299811363220215 20399
1762697736189 1.0225387811660767 20699
1762697801411 1.0182485580444336 20999
1762697871571 1.0157740116119385 21299
1762697941633 1.0243301391601562 21599
1762698009570 1.0201493501663208 21899
