1762337228402 0.001 49
1762337234473 0.001 99
1762337240627 0.001 149
1762337246678 0.001 199
1762337252684 0.001 249
1762337258713 0.001 299
1762337268846 0.001 349
1762337274828 0.001 399
1762337280837 0.001 449
1762337286823 0.001 499
1762337292811 0.001 549
1762337298837 0.001 599
1762337308891 0.001 649
1762337314896 0.001 699
1762337320915 0.001 749
1762337326924 0.001 799
1762337332929 0.001 849
1762337338949 0.001 899
1762337349082 0.001 949
1762337355136 0.001 999
1762337361234 0.001 1049
1762337367411 0.001 1099
1762337373556 0.001 1149
1762337379769 0.001 1199
1762337390040 0.001 1249
1762337396144 0.001 1299
1762337402224 0.001 1349
1762337408362 0.001 1399
1762337414485 0.001 1449
1762337420602 0.001 1499
1762337430756 0.001 1549
1762337436816 0.001 1599
1762337442836 0.001 1649
1762337448873 0.001 1699
1762337454913 0.001 1749
1762337460942 0.001 1799
1762337471004 0.001 1849
1762337477014 0.001 1899
1762337483134 0.001 1949
1762337489144 0.001 1999
1762337495250 0.001 2049
1762337501334 0.001 2099
1762337511663 0.001 2149
1762337517731 0.001 2199
1762337523857 0.001 2249
1762337529883 0.001 2299
1762337535950 0.001 2349
1762337542192 0.001 2399
1762337552373 0.001 2449
1762337558375 0.001 2499
1762337564368 0.001 2549
1762337570574 0.001 2599
1762337576688 0.001 2649
1762337582878 0.001 2699
1762337593592 0.001 2749
1762337599758 0.001 2799
1762337605898 0.001 2849
1762337611951 0.001 2899
1762337618039 0.001 2949
1762337624142 0.001 2999
