1762924778785 0.0 299
1762924778917 0.0 299
1762925544076 1.0 599
1762925544190 1.0 599
1762926309635 2.0 899
1762926309755 2.0 899
1762927074982 3.0 1199
1762927075010 3.0 1199
1762927840271 4.0 1499
1762927840396 4.0 1499
1762928605715 5.0 1799
1762928605743 5.0 1799
1762929370804 6.0 2099
1762929370917 6.0 2099
1762930136307 7.0 2399
1762930136339 7.0 2399
1762930916241 8.0 2699
1762930916374 8.0 2699
1762931739452 9.0 2999
1762931739482 9.0 2999
1762932566146 10.0 3299
1762932566283 10.0 3299
1762933410001 11.0 3599
1762933410030 11.0 3599
1762934264713 12.0 3899
1762934264748 12.0 3899
1762935131655 13.0 4199
1762935131687 13.0 4199
