1762924137471 0.001 49
1762924263268 0.001 99
1762924389165 0.001 149
1762924515000 0.001 199
1762924640809 0.001 249
1762924766693 0.001 299
1762924902326 0.001 349
1762925028231 0.001 399
1762925154213 0.001 449
1762925280206 0.001 499
1762925406191 0.001 549
1762925532125 0.001 599
1762925667698 0.001 649
1762925793673 0.001 699
1762925919613 0.001 749
1762926045545 0.001 799
1762926171528 0.001 849
1762926297463 0.001 899
1762926433239 0.001 949
1762926559144 0.001 999
1762926685081 0.001 1049
1762926810995 0.001 1099
1762926936944 0.001 1149
1762927062822 0.001 1199
1762927198404 0.001 1249
1762927324369 0.001 1299
1762927450323 0.001 1349
1762927576261 0.001 1399
1762927702142 0.001 1449
1762927828018 0.001 1499
1762927963936 0.001 1549
1762928089889 0.001 1599
1762928215864 0.001 1649
1762928341761 0.001 1699
1762928467686 0.001 1749
1762928593699 0.001 1799
1762928729178 0.001 1849
1762928855090 0.001 1899
1762928981039 0.001 1949
1762929106970 0.001 1999
1762929232907 0.001 2049
1762929358831 0.001 2099
1762929494283 0.001 2149
1762929620242 0.001 2199
1762929746193 0.001 2249
1762929872129 0.001 2299
1762929998076 0.001 2349
1762930124013 0.001 2399
1762930259793 0.001 2449
1762930385835 0.001 2499
1762930511758 0.001 2549
1762930637845 0.001 2599
1762930768283 0.001 2649
1762930902481 0.001 2699
1762931048012 0.001 2749
1762931182566 0.001 2799
1762931318494 0.001 2849
1762931454333 0.001 2899
1762931590258 0.001 2949
1762931725952 0.001 2999
1762931872538 0.001 3049
1762932008135 0.001 3099
1762932144486 0.001 3149
1762932281341 0.001 3199
1762932417398 0.001 3249
1762932553010 0.001 3299
1762932699395 0.001 3349
1762932835109 0.001 3399
1762932970826 0.001 3449
1762933107279 0.001 3499
1762933251024 0.001 3549
1762933395566 0.001 3599
1762933547570 0.001 3649
1762933686270 0.001 3699
1762933827547 0.001 3749
1762933967258 0.001 3799
1762934109037 0.001 3849
1762934250721 0.001 3899
1762934404913 0.001 3949
1762934542812 0.001 3999
1762934681511 0.001 4049
1762934824478 0.001 4099
1762934972026 0.001 4149
1762935119134 0.001 4199
1762935276641 0.001 4249
1762935438830 0.001 4299
