1762924778917 2.487973928451538 299
1762925544190 1.6290342807769775 599
1762926309755 1.5328539609909058 899
1762927075010 1.4688794612884521 1199
1762927840396 1.409096121788025 1499
1762928605743 1.3612947463989258 1799
1762929370917 1.3755176067352295 2099
1762930136339 1.3237931728363037 2399
1762930916374 1.318169355392456 2699
1762931739482 1.325691819190979 2999
1762932566283 1.3085461854934692 3299
1762933410030 1.2861049175262451 3599
1762934264748 1.2703250646591187 3899
1762935131687 1.2648602724075317 4199
