1762924778917 8.551407814025879 299
1762925544190 5.049863815307617 599
1762926309755 4.573716163635254 899
1762927075010 4.3035569190979 1199
1762927840396 4.124739170074463 1499
1762928605743 3.921645402908325 1799
1762929370917 3.967632532119751 2099
1762930136339 3.81221866607666 2399
1762930916374 3.7033603191375732 2699
1762931739482 3.706815719604492 2999
1762932566283 3.570010185241699 3299
1762933410030 3.539250373840332 3599
1762934264748 3.360506772994995 3899
1762935131687 3.374112606048584 4199
