1762924778917 2.073463201522827 299
1762925544190 1.351644515991211 599
1762926309755 1.2898494005203247 899
1762927075010 1.2442461252212524 1199
1762927840396 1.203742265701294 1499
1762928605743 1.1756014823913574 1799
1762929370917 1.181888461112976 2099
1762930136339 1.1519622802734375 2399
1762930916374 1.1431281566619873 2699
1762931739482 1.1409212350845337 2999
1762932566283 1.1268162727355957 3299
1762933410030 1.111648678779602 3599
1762934264748 1.0890828371047974 3899
1762935131687 1.084458589553833 4199
