1762924778917 2.2932791709899902 299
1762925544190 1.6749576330184937 599
1762926309755 1.6066510677337646 899
1762927075010 1.5821672677993774 1199
1762927840396 1.5377615690231323 1499
1762928605743 1.5230565071105957 1799
1762929370917 1.5164843797683716 2099
1762930136339 1.4964566230773926 2399
1762930916374 1.4843673706054688 2699
1762931739482 1.4811619520187378 2999
1762932566283 1.466256856918335 3299
1762933410030 1.4406535625457764 3599
1762934264748 1.4112820625305176 3899
1762935131687 1.4173437356948853 4199
