1762924778917 7.142271518707275 299
1762925544190 3.4177260398864746 599
1762926309755 2.9277267456054688 899
1762927075010 2.6945364475250244 1199
1762927840396 2.6188690662384033 1499
1762928605743 2.4244179725646973 1799
1762929370917 2.382951259613037 2099
1762930136339 2.3305492401123047 2399
1762930916374 2.2865185737609863 2699
1762931739482 2.316459894180298 2999
1762932566283 2.204336166381836 3299
1762933410030 2.1674914360046387 3599
1762934264748 2.1057798862457275 3899
1762935131687 2.1233582496643066 4199
