1762924778917 2.1252827644348145 299
1762925544190 1.0165644884109497 599
1762926309755 0.9369469881057739 899
1762927075010 0.8899878859519958 1199
1762927840396 0.8318849205970764 1499
1762928605743 0.8167636394500732 1799
1762929370917 0.8298286199569702 2099
1762930136339 0.7919753193855286 2399
1762930916374 0.8036354780197144 2699
1762931739482 0.7931550145149231 2999
1762932566283 0.7814603447914124 3299
1762933410030 0.7724797129631042 3599
1762934264748 0.7599490284919739 3899
1762935131687 0.7602968811988831 4199
