1762924778917 3.1423003673553467 299
1762925544190 2.059799909591675 599
1762926309755 1.9589345455169678 899
1762927075010 1.8937249183654785 1199
1762927840396 1.8301447629928589 1499
1762928605743 1.7826459407806396 1799
1762929370917 1.7909578084945679 2099
1762930136339 1.74778413772583 2399
1762930916374 1.7308589220046997 2699
1762931739482 1.7245748043060303 2999
1762932566283 1.6960655450820923 3299
1762933410030 1.6855876445770264 3599
1762934264748 1.6443084478378296 3899
1762935131687 1.6311486959457397 4199
