1762924778917 1.7375799417495728 299
1762925544190 1.1119623184204102 599
1762926309755 1.0451545715332031 899
1762927075010 1.0017023086547852 1199
1762927840396 0.961950957775116 1499
1762928605743 0.9304202795028687 1799
1762929370917 0.9397916197776794 2099
1762930136339 0.9037461280822754 2399
1762930916374 0.9005360007286072 2699
1762931739482 0.9032542705535889 2999
1762932566283 0.8934183120727539 3299
1762933410030 0.8770537972450256 3599
1762934264748 0.8668989539146423 3899
1762935131687 0.862449049949646 4199
