1762924778917 10.05711841583252 299
1762925544190 4.811061859130859 599
1762926309755 4.109888076782227 899
1762927075010 3.7276968955993652 1199
1762927840396 3.6527292728424072 1499
1762928605743 3.338080406188965 1799
1762929370917 3.30173659324646 2099
1762930136339 3.215082883834839 2399
1762930916374 3.1563329696655273 2699
1762931739482 3.2133069038391113 2999
1762932566283 3.052684783935547 3299
1762933410030 3.0059115886688232 3599
1762934264748 2.8954570293426514 3899
1762935131687 2.943202257156372 4199
