1762924778917 13.927911758422852 299
1762925544190 9.046110153198242 599
1762926309755 8.17076301574707 899
1762927075010 7.954458236694336 1199
1762927840396 7.5003662109375 1499
1762928605743 7.375939846038818 1799
1762929370917 7.374705791473389 2099
1762930136339 7.140374660491943 2399
1762930916374 6.983898639678955 2699
1762931739482 6.821567535400391 2999
1762932566283 6.730225563049316 3299
1762933410030 6.553643703460693 3599
1762934264748 6.286498546600342 3899
1762935131687 6.261916160583496 4199
