1762924778917 2.7224700450897217 299
1762925544190 1.7143619060516357 599
1762926309755 1.6043484210968018 899
1762927075010 1.5341508388519287 1199
1762927840396 1.4728063344955444 1499
1762928605743 1.4201021194458008 1799
1762929370917 1.4340230226516724 2099
1762930136339 1.3813059329986572 2399
1762930916374 1.3740679025650024 2699
1762931739482 1.3817369937896729 2999
1762932566283 1.3628826141357422 3299
1762933410030 1.3391525745391846 3599
1762934264748 1.3224164247512817 3899
1762935131687 1.3178377151489258 4199
