1762924778917 9.438158988952637 299
1762925544190 2.9185450077056885 599
1762926309755 2.5423026084899902 899
1762927075010 2.2182371616363525 1199
1762927840396 2.062408685684204 1499
1762928605743 1.9768317937850952 1799
1762929370917 1.8960074186325073 2099
1762930136339 1.8447184562683105 2399
1762930916374 1.9338704347610474 2699
1762931739482 1.853136658668518 2999
1762932566283 1.786786675453186 3299
1762933410030 1.7134764194488525 3599
1762934264748 1.719955325126648 3899
1762935131687 1.708996295928955 4199
