1762924778917 1.6193467378616333 299
1762925544190 0.7177764773368835 599
1762926309755 0.6605499982833862 899
1762927075010 0.6251537799835205 1199
1762927840396 0.5860053896903992 1499
1762928605743 0.5742221474647522 1799
1762929370917 0.5837851166725159 2099
1762930136339 0.5585024356842041 2399
1762930916374 0.5676209926605225 2699
1762931739482 0.5561898946762085 2999
1762932566283 0.5514113306999207 3299
1762933410030 0.5433594584465027 3599
1762934264748 0.5354870557785034 3899
1762935131687 0.5344447493553162 4199
