1762924778917 1.9683250188827515 299
1762925544190 1.312455415725708 599
1762926309755 1.253311038017273 899
1762927075010 1.2146567106246948 1199
1762927840396 1.1742178201675415 1499
1762928605743 1.148685336112976 1799
1762929370917 1.1513041257858276 2099
1762930136339 1.1239763498306274 2399
1762930916374 1.1140999794006348 2699
1762931739482 1.10844886302948 2999
1762932566283 1.093762993812561 3299
1762933410030 1.0870568752288818 3599
1762934264748 1.062701940536499 3899
1762935131687 1.05106782913208 4199
