1762924778917 1.9102035760879517 299
1762925544190 1.1739164590835571 599
1762926309755 1.097699761390686 899
1762927075010 1.0501081943511963 1199
1762927840396 1.0091303586959839 1499
1762928605743 0.9741030931472778 1799
1762929370917 0.9826784133911133 2099
1762930136339 0.9458519816398621 2399
1762930916374 0.9417738318443298 2699
1762931739482 0.944974958896637 2999
1762932566283 0.9330251216888428 3299
1762933410030 0.9161507487297058 3599
1762934264748 0.9050338268280029 3899
1762935131687 0.9010618925094604 4199
