1762924778917 2.8708622455596924 299
1762925544190 2.091331720352173 599
1762926309755 2.046894073486328 899
1762927075010 1.966064691543579 1199
1762927840396 1.9231069087982178 1499
1762928605743 1.8852156400680542 1799
1762929370917 1.898154377937317 2099
1762930136339 1.8559949398040771 2399
1762930916374 1.839967131614685 2699
1762931739482 1.8397774696350098 2999
1762932566283 1.8137809038162231 3299
1762933410030 1.7970476150512695 3599
1762934264748 1.753451943397522 3899
1762935131687 1.7455990314483643 4199
