1762924778917 1.9897692203521729 299
1762925544190 1.4221564531326294 599
1762926309755 1.393080711364746 899
1762927075010 1.3360631465911865 1199
1762927840396 1.3048450946807861 1499
1762928605743 1.2816143035888672 1799
1762929370917 1.2898916006088257 2099
1762930136339 1.2610729932785034 2399
1762930916374 1.250246524810791 2699
1762931739482 1.2482420206069946 2999
1762932566283 1.2323766946792603 3299
1762933410030 1.219164490699768 3599
1762934264748 1.191286325454712 3899
1762935131687 1.1857575178146362 4199
