1762924778917 3.180906295776367 299
1762925544190 2.4441757202148438 599
1762926309755 2.347670316696167 899
1762927075010 2.314356565475464 1199
1762927840396 2.251410722732544 1499
1762928605743 2.229094982147217 1799
1762929370917 2.223527431488037 2099
1762930136339 2.195082902908325 2399
1762930916374 2.17635440826416 2699
1762931739482 2.1743404865264893 2999
1762932566283 2.1520369052886963 3299
1762933410030 2.1164281368255615 3599
1762934264748 2.067962646484375 3899
1762935131687 2.0822927951812744 4199
