1762924778917 5.745680809020996 299
1762925544190 1.1866542100906372 599
1762926309755 0.9299206733703613 899
1762927075010 0.825352668762207 1199
1762927840396 0.7217980027198792 1499
1762928605743 0.700744092464447 1799
1762929370917 0.6647904515266418 2099
1762930136339 0.6602312922477722 2399
1762930916374 0.7083295583724976 2699
1762931739482 0.6182850003242493 2999
1762932566283 0.6219701170921326 3299
1762933410030 0.5834364295005798 3599
1762934264748 0.5867473483085632 3899
1762935131687 0.5908260941505432 4199
