1762924778917 8.439624786376953 299
1762925544190 4.816767692565918 599
1762926309755 4.3475422859191895 899
1762927075010 4.143718719482422 1199
1762927840396 3.949333906173706 1499
1762928605743 3.814175605773926 1799
1762929370917 3.7722790241241455 2099
1762930136339 3.6725988388061523 2399
1762930916374 3.6305277347564697 2699
1762931739482 3.590121030807495 2999
1762932566283 3.5036981105804443 3299
1762933410030 3.4313712120056152 3599
1762934264748 3.3024344444274902 3899
1762935131687 3.314901828765869 4199
