1762924778917 2.176560640335083 299
1762925544190 1.4070504903793335 599
1762926309755 1.3387703895568848 899
1762927075010 1.294726848602295 1199
1762927840396 1.250441312789917 1499
1762928605743 1.2207359075546265 1799
1762929370917 1.2240471839904785 2099
1762930136339 1.1938878297805786 2399
1762930916374 1.1817708015441895 2699
1762931739482 1.1763677597045898 2999
1762932566283 1.158921480178833 3299
1762933410030 1.1519653797149658 3599
1762934264748 1.1237106323242188 3899
1762935131687 1.1121883392333984 4199
