1762924778917 1.8702409267425537 299
1762925544190 1.2583906650543213 599
1762926309755 1.2064005136489868 899
1762927075010 1.16482412815094 1199
1762927840396 1.1286511421203613 1499
1762928605743 1.1032657623291016 1799
1762929370917 1.110573410987854 2099
1762930136339 1.0825132131576538 2399
1762930916374 1.0746939182281494 2699
1762931739482 1.073159098625183 2999
1762932566283 1.0607982873916626 3299
1762933410030 1.0472270250320435 3599
1762934264748 1.02764093875885 3899
1762935131687 1.022550344467163 4199
