1762924778917 12.031314849853516 299
1762925544190 6.899252414703369 599
1762926309755 6.216742515563965 899
1762927075010 5.898758411407471 1199
1762927840396 5.617375373840332 1499
1762928605743 5.42387580871582 1799
1762929370917 5.373351573944092 2099
1762930136339 5.23417854309082 2399
1762930916374 5.162998199462891 2699
1762931739482 5.105062484741211 2999
1762932566283 4.987823963165283 3299
1762933410030 4.868603229522705 3599
1762934264748 4.688995361328125 3899
1762935131687 4.717976093292236 4199
