1762924778917 12.286714553833008 299
1762925544190 7.243081092834473 599
1762926309755 6.545767784118652 899
1762927075010 6.12847900390625 1199
1762927840396 5.853212833404541 1499
1762928605743 5.5667948722839355 1799
1762929370917 5.636875629425049 2099
1762930136339 5.397549152374268 2399
1762930916374 5.231805801391602 2699
1762931739482 5.259942531585693 2999
1762932566283 5.065881729125977 3299
1762933410030 4.9898505210876465 3599
1762934264748 4.759079456329346 3899
1762935131687 4.781903266906738 4199
