1762924778917 13.984410285949707 299
1762925544190 10.359642028808594 599
1762926309755 9.646916389465332 899
1762927075010 9.36593246459961 1199
1762927840396 8.860895156860352 1499
1762928605743 8.787178039550781 1799
1762929370917 8.587017059326172 2099
1762930136339 8.540760040283203 2399
1762930916374 8.538580894470215 2699
1762931739482 8.345100402832031 2999
1762932566283 8.268180847167969 3299
1762933410030 8.058801651000977 3599
1762934264748 7.797815799713135 3899
1762935131687 7.8171868324279785 4199
