1762924778917 1.513039231300354 299
1762925544190 0.6956426501274109 599
1762926309755 0.6423820853233337 899
1762927075010 0.6085342168807983 1199
1762927840396 0.5708150863647461 1499
1762928605743 0.5592621564865112 1799
1762929370917 0.5694354176521301 2099
1762930136339 0.5441457629203796 2399
1762930916374 0.5526347160339355 2699
1762931739482 0.5425195693969727 2999
1762932566283 0.5377399921417236 3299
1762933410030 0.5299241542816162 3599
1762934264748 0.5220928192138672 3899
1762935131687 0.5209336280822754 4199
