1762924778917 2.4951999187469482 299
1762925544190 1.3623838424682617 599
1762926309755 1.2754160165786743 899
1762927075010 1.2181466817855835 1199
1762927840396 1.1499271392822266 1499
1762928605743 1.1305583715438843 1799
1762929370917 1.1449795961380005 2099
1762930136339 1.0976582765579224 2399
1762930916374 1.1025609970092773 2699
1762931739482 1.0943294763565063 2999
1762932566283 1.0830720663070679 3299
1762933410030 1.0640223026275635 3599
1762934264748 1.0567035675048828 3899
1762935131687 1.0529934167861938 4199
