1762924778917 3.178238868713379 299
1762925544190 2.2613751888275146 599
1762926309755 2.199016809463501 899
1762927075010 2.1121408939361572 1199
1762927840396 2.059678077697754 1499
1762928605743 2.019038200378418 1799
1762929370917 2.0318257808685303 2099
1762930136339 1.9859917163848877 2399
1762930916374 1.9670768976211548 2699
1762931739482 1.9637433290481567 2999
1762932566283 1.9368618726730347 3299
1762933410030 1.9154497385025024 3599
1762934264748 1.865898609161377 3899
1762935131687 1.8582943677902222 4199
