1762924778917 8.194685935974121 299
1762925544190 1.5888564586639404 599
1762926309755 1.2301034927368164 899
1762927075010 1.0689971446990967 1199
1762927840396 0.9293167591094971 1499
1762928605743 0.9036644101142883 1799
1762929370917 0.8508031368255615 2099
1762930136339 0.8537973761558533 2399
1762930916374 0.9208706617355347 2699
1762931739482 0.7944981455802917 2999
1762932566283 0.7969058156013489 3299
1762933410030 0.7533097863197327 3599
1762934264748 0.7468451857566833 3899
1762935131687 0.7658473253250122 4199
