1762924778917 2.9441561698913574 299
1762925544190 1.9693565368652344 599
1762926309755 1.8807371854782104 899
1762927075010 1.815798044204712 1199
1762927840396 1.7572214603424072 1499
1762928605743 1.7150464057922363 1799
1762929370917 1.7262060642242432 2099
1762930136339 1.6831848621368408 2399
1762930916374 1.6703500747680664 2699
1762931739482 1.6690423488616943 2999
1762932566283 1.6467955112457275 3299
1762933410030 1.6262661218643188 3599
1762934264748 1.5919206142425537 3899
1762935131687 1.5873944759368896 4199
