1762924778917 2.2640271186828613 299
1762925544190 1.047821283340454 599
1762926309755 0.9625362753868103 899
1762927075010 0.9134519100189209 1199
1762927840396 0.852865993976593 1499
1762928605743 0.8382161259651184 1799
1762929370917 0.8496593832969666 2099
1762930136339 0.81266188621521 2399
1762930916374 0.8263159990310669 2699
1762931739482 0.8119238615036011 2999
1762932566283 0.8004958629608154 3299
1762933410030 0.7905089855194092 3599
1762934264748 0.7790915369987488 3899
1762935131687 0.7795037627220154 4199
