1762924778917 10.0257568359375 299
1762925544190 7.166153907775879 599
1762926309755 6.6543145179748535 899
1762927075010 6.46050500869751 1199
1762927840396 6.132776260375977 1499
1762928605743 6.088995933532715 1799
1762929370917 5.935446262359619 2099
1762930136339 5.870445728302002 2399
1762930916374 5.879395008087158 2699
1762931739482 5.772450923919678 2999
1762932566283 5.699583530426025 3299
1762933410030 5.568236827850342 3599
1762934264748 5.382228851318359 3899
1762935131687 5.385159969329834 4199
