1762924778917 1.591597080230713 299
1762925544190 0.8963224291801453 599
1762926309755 0.843383252620697 899
1762927075010 0.8046292662620544 1199
1762927840396 0.7619057893753052 1499
1762928605743 0.7499483227729797 1799
1762929370917 0.7600765228271484 2099
1762930136339 0.7288094758987427 2399
1762930916374 0.7303288578987122 2699
1762931739482 0.7258940935134888 2999
1762932566283 0.7208024859428406 3299
1762933410030 0.706121563911438 3599
1762934264748 0.7011321783065796 3899
1762935131687 0.6979634761810303 4199
