1762924778917 6.7417755126953125 299
1762925544190 2.116945743560791 599
1762926309755 1.834621787071228 899
1762927075010 1.644756555557251 1199
1762927840396 1.521541714668274 1499
1762928605743 1.463843584060669 1799
1762929370917 1.4094940423965454 2099
1762930136339 1.36686110496521 2399
1762930916374 1.4359360933303833 2699
1762931739482 1.3738588094711304 2999
1762932566283 1.3265784978866577 3299
1762933410030 1.2785425186157227 3599
1762934264748 1.2742654085159302 3899
1762935131687 1.2606713771820068 4199
