1762924778917 2.8449440002441406 299
1762925544190 1.9289337396621704 599
1762926309755 1.8418188095092773 899
1762927075010 1.7845350503921509 1199
1762927840396 1.7263600826263428 1499
1762928605743 1.6848419904708862 1799
1762929370917 1.6918917894363403 2099
1762930136339 1.6521004438400269 2399
1762930916374 1.6384577751159668 2699
1762931739482 1.6313966512680054 2999
1762932566283 1.6059625148773193 3299
1762933410030 1.596954584121704 3599
1762934264748 1.5603214502334595 3899
1762935131687 1.5466920137405396 4199
