1762924778917 2.667020082473755 299
1762925544190 1.841810703277588 599
1762926309755 1.7668180465698242 899
1762927075010 1.7079641819000244 1199
1762927840396 1.6551860570907593 1499
1762928605743 1.6165499687194824 1799
1762929370917 1.6285068988800049 2099
1762930136339 1.5874608755111694 2399
1762930916374 1.5760948657989502 2699
1762931739482 1.5764037370681763 2999
1762932566283 1.5559849739074707 3299
1762933410030 1.5381168127059937 3599
1762934264748 1.5073474645614624 3899
1762935131687 1.5021741390228271 4199
