1762924778917 2.239896297454834 299
1762925544190 1.3108105659484863 599
1762926309755 1.2308838367462158 899
1762927075010 1.1775436401367188 1199
1762927840396 1.1113940477371216 1499
1762928605743 1.0929368734359741 1799
1762929370917 1.1085649728775024 2099
1762930136339 1.061848521232605 2399
1762930916374 1.0647714138031006 2699
1762931739482 1.0595804452896118 2999
1762932566283 1.0491975545883179 3299
1762933410030 1.031943917274475 3599
1762934264748 1.0228934288024902 3899
1762935131687 1.0197252035140991 4199
