1762924778917 2.073573112487793 299
1762925544190 1.3516552448272705 599
1762926309755 1.289850115776062 899
1762927075010 1.2442543506622314 1199
1762927840396 1.203747272491455 1499
1762928605743 1.1756067276000977 1799
1762929370917 1.1818830966949463 2099
1762930136339 1.1519668102264404 2399
1762930916374 1.1431338787078857 2699
1762931739482 1.1409245729446411 2999
1762932566283 1.126829743385315 3299
1762933410030 1.111656665802002 3599
1762934264748 1.0890867710113525 3899
1762935131687 1.0844634771347046 4199
