1762924778917 2.060138463973999 299
1762925544190 1.5269253253936768 599
1762926309755 1.4707074165344238 899
1762927075010 1.4504148960113525 1199
1762927840396 1.4146928787231445 1499
1762928605743 1.4013192653656006 1799
1762929370917 1.3987723588943481 2099
1762930136339 1.3800582885742188 2399
1762930916374 1.3679341077804565 2699
1762931739482 1.3670274019241333 2999
1762932566283 1.3536144495010376 3299
1762933410030 1.3313976526260376 3599
1762934264748 1.3071378469467163 3899
1762935131687 1.3128448724746704 4199
