1762924778917 2.8761074542999268 299
1762925544190 2.2443525791168213 599
1762926309755 2.1632654666900635 899
1762927075010 2.1361820697784424 1199
1762927840396 2.084108829498291 1499
1762928605743 2.0632057189941406 1799
1762929370917 2.061638832092285 2099
1762930136339 2.0341410636901855 2399
1762930916374 2.015261173248291 2699
1762931739482 2.01749849319458 2999
1762932566283 1.997593879699707 3299
1762933410030 1.966845154762268 3599
1762934264748 1.9241582155227661 3899
1762935131687 1.938676357269287 4199
