1762924778917 18.61125946044922 299
1762925544190 6.626514434814453 599
1762926309755 6.11622953414917 899
1762927075010 5.737391471862793 1199
1762927840396 5.397841453552246 1499
1762928605743 5.1803131103515625 1799
1762929370917 5.222842216491699 2099
1762930136339 5.006453037261963 2399
1762930916374 4.927281379699707 2699
1762931739482 4.922118186950684 2999
1762932566283 4.805497646331787 3299
1762933410030 4.684116363525391 3599
1762934264748 4.496643543243408 3899
1762935131687 4.470840930938721 4199
