1762924778917 1.7777982950210571 299
1762925544190 0.9344301223754883 599
1762926309755 0.8763719797134399 899
1762927075010 0.8346537351608276 1199
1762927840396 0.7902106046676636 1499
1762928605743 0.7771252989768982 1799
1762929370917 0.7862203121185303 2099
1762930136339 0.7545618414878845 2399
1762930916374 0.7568721175193787 2699
1762931739482 0.7516651749610901 2999
1762932566283 0.74568772315979 3299
1762933410030 0.7303619384765625 3599
1762934264748 0.7254205346107483 3899
1762935131687 0.7219984531402588 4199
