1762924778917 2.218065023422241 299
1762925544190 1.5462769269943237 599
1762926309755 1.50444495677948 899
1762927075010 1.4435429573059082 1199
1762927840396 1.4053195714950562 1499
1762928605743 1.3797681331634521 1799
1762929370917 1.3873636722564697 2099
1762930136339 1.3552058935165405 2399
1762930916374 1.3430366516113281 2699
1762931739482 1.3387508392333984 2999
1762932566283 1.3214057683944702 3299
1762933410030 1.3051623106002808 3599
1762934264748 1.2729260921478271 3899
1762935131687 1.2680692672729492 4199
