1762924778917 9.64443588256836 299
1762925544190 6.2491254806518555 599
1762926309755 5.665591716766357 899
1762927075010 5.512012481689453 1199
1762927840396 5.226259708404541 1499
1762928605743 5.120342254638672 1799
1762929370917 5.099944591522217 2099
1762930136339 4.9339680671691895 2399
1762930916374 4.876808166503906 2699
1762931739482 4.750226974487305 2999
1762932566283 4.681460857391357 3299
1762933410030 4.57264518737793 3599
1762934264748 4.384146213531494 3899
1762935131687 4.389246940612793 4199
