1762345677338 0.0 299
1762345677408 0.0 299
1762345752234 1.0 599
1762345752287 1.0 599
1762345826547 2.0 899
1762345826596 2.0 899
1762345902755 3.0 1199
1762345902811 3.0 1199
1762345979704 4.0 1499
1762345979736 4.0 1499
1762346059904 5.0 1799
1762346059961 5.0 1799
1762346136030 6.0 2099
1762346136063 6.0 2099
1762346212018 7.0 2399
1762346212076 7.0 2399
1762346288291 8.0 2699
1762346288321 8.0 2699
1762346364487 9.0 2999
1762346364516 9.0 2999
1762346440062 10.0 3299
1762346440117 10.0 3299
1762346515084 11.0 3599
1762346515116 11.0 3599
1762346589855 12.0 3899
1762346589881 12.0 3899
1762346664613 13.0 4199
1762346664639 13.0 4199
1762346739731 14.0 4499
1762346739765 14.0 4499
1762346815195 15.0 4799
1762346815226 15.0 4799
1762346890491 16.0 5099
1762346890550 16.0 5099
1762346965306 17.0 5399
1762346965335 17.0 5399
1762347040284 18.0 5699
1762347040339 18.0 5699
1762347115685 19.0 5999
1762347115717 19.0 5999
1762347190844 20.0 6299
1762347190872 20.0 6299
1762347265870 21.0 6599
1762347265900 21.0 6599
1762347340986 22.0 6899
1762347341015 22.0 6899
1762347416013 23.0 7199
1762347416042 23.0 7199
1762347491488 24.0 7499
1762347491520 24.0 7499
1762347566964 25.0 7799
1762347566991 25.0 7799
1762347642090 26.0 8099
1762347642146 26.0 8099
1762347717536 27.0 8399
1762347717563 27.0 8399
1762347792670 28.0 8699
1762347792698 28.0 8699
1762347868497 29.0 8999
1762347868524 29.0 8999
1762347944007 30.0 9299
1762347944036 30.0 9299
1762348019276 31.0 9599
1762348019303 31.0 9599
1762348094484 32.0 9899
1762348094517 32.0 9899
1762348169927 33.0 10199
1762348169959 33.0 10199
1762348245618 34.0 10499
1762348245646 34.0 10499
1762348320905 35.0 10799
1762348320938 35.0 10799
1762348396379 36.0 11099
1762348396406 36.0 11099
1762348471927 37.0 11399
1762348471955 37.0 11399
1762348547528 38.0 11699
1762348547557 38.0 11699
1762348623278 39.0 11999
1762348623307 39.0 11999
1762348698570 40.0 12299
1762348698602 40.0 12299
1762348773650 41.0 12599
1762348773679 41.0 12599
1762348848847 42.0 12899
1762348848877 42.0 12899
1762348924573 43.0 13199
1762348924605 43.0 13199
1762349000332 44.0 13499
1762349000362 44.0 13499
1762349075729 45.0 13799
1762349075757 45.0 13799
1762349151100 46.0 14099
1762349151131 46.0 14099
1762349226133 47.0 14399
1762349226161 47.0 14399
1762349302018 48.0 14699
1762349302048 48.0 14699
1762349377609 49.0 14999
1762349377640 49.0 14999
1762349452905 50.0 15299
1762349452934 50.0 15299
1762349528390 51.0 15599
1762349528421 51.0 15599
1762349603526 52.0 15899
1762349603555 52.0 15899
1762349686448 53.0 16199
1762349686479 53.0 16199
1762349771570 54.0 16499
1762349771598 54.0 16499
1762349855263 55.0 16799
1762349855291 55.0 16799
1762349948435 56.0 17099
1762349948463 56.0 17099
1762350030969 57.0 17399
1762350031001 57.0 17399
1762350118328 58.0 17699
1762350118360 58.0 17699
1762350224033 59.0 17999
1762350224061 59.0 17999
1762350325187 60.0 18299
1762350325220 60.0 18299
1762350430141 61.0 18599
1762350430171 61.0 18599
1762350524870 62.0 18899
1762350524901 62.0 18899
1762350603057 63.0 19199
1762350603087 63.0 19199
1762350687187 64.0 19499
1762350687215 64.0 19499
1762350785204 65.0 19799
1762350785234 65.0 19799
1762350863633 66.0 20099
1762350863662 66.0 20099
1762360211684 67.0 20100
