1762345614621 0.001 49
1762345625589 0.001 99
1762345636633 0.001 149
1762345647879 0.001 199
1762345659065 0.001 249
1762345670260 0.001 299
1762345688571 0.001 349
1762345699757 0.001 399
1762345711586 0.001 449
1762345723087 0.001 499
1762345734149 0.001 549
1762345745190 0.001 599
1762345763284 0.001 649
1762345774419 0.001 699
1762345785512 0.001 749
1762345796625 0.001 799
1762345807729 0.001 849
1762345819512 0.001 899
1762345837553 0.001 949
1762345848617 0.001 999
1762345859670 0.001 1049
1762345872013 0.001 1099
1762345883887 0.001 1149
1762345895524 0.001 1199
1762345914293 0.001 1249
1762345925503 0.001 1299
1762345936738 0.001 1349
1762345947990 0.001 1399
1762345960074 0.001 1449
1762345972265 0.001 1499
1762345992078 0.001 1549
1762346005046 0.001 1599
1762346016883 0.001 1649
1762346028853 0.001 1699
1762346040804 0.001 1749
1762346052467 0.001 1799
1762346071367 0.001 1849
1762346082971 0.001 1899
1762346094414 0.001 1949
1762346105809 0.001 1999
1762346117227 0.001 2049
1762346128646 0.001 2099
1762346147410 0.001 2149
1762346158861 0.001 2199
1762346170296 0.001 2249
1762346181831 0.001 2299
1762346193282 0.001 2349
1762346204755 0.001 2399
1762346223390 0.001 2449
1762346234795 0.001 2499
1762346246267 0.001 2549
1762346257761 0.001 2599
1762346269353 0.001 2649
1762346280825 0.001 2699
1762346299689 0.001 2749
1762346311168 0.001 2799
1762346322717 0.001 2849
1762346334100 0.001 2899
1762346345830 0.001 2949
1762346357066 0.001 2999
1762346375717 0.001 3049
1762346387104 0.001 3099
1762346398474 0.001 3149
1762346409870 0.001 3199
1762346421246 0.001 3249
1762346432677 0.001 3299
1762346451234 0.001 3349
1762346462460 0.001 3399
1762346473699 0.001 3449
1762346485009 0.001 3499
1762346496317 0.001 3549
1762346507704 0.001 3599
1762346526247 0.001 3649
1762346537509 0.001 3699
1762346548772 0.001 3749
1762346560102 0.001 3799
1762346571364 0.001 3849
1762346582587 0.001 3899
1762346601058 0.001 3949
1762346612294 0.001 3999
1762346623615 0.001 4049
1762346634871 0.001 4099
1762346646107 0.001 4149
1762346657363 0.001 4199
1762346675797 0.001 4249
1762346687091 0.001 4299
1762346698363 0.001 4349
1762346709574 0.001 4399
1762346720900 0.001 4449
1762346732274 0.001 4499
1762346750942 0.001 4549
1762346762344 0.001 4599
1762346773772 0.001 4649
1762346785169 0.001 4699
1762346796528 0.001 4749
1762346807883 0.001 4799
1762346826306 0.001 4849
1762346837608 0.001 4899
1762346849007 0.001 4949
1762346860431 0.001 4999
1762346871822 0.001 5049
1762346883107 0.001 5099
1762346901741 0.001 5149
1762346912988 0.001 5199
1762346924284 0.001 5249
1762346935526 0.001 5299
1762346946733 0.001 5349
1762346958000 0.001 5399
1762346976546 0.001 5449
1762346987916 0.001 5499
1762346999184 0.001 5549
1762347010461 0.001 5599
1762347021763 0.001 5649
1762347033034 0.001 5699
1762347051452 0.001 5749
1762347062696 0.001 5799
1762347073927 0.001 5849
1762347085408 0.001 5899
1762347096868 0.001 5949
1762347108309 0.001 5999
1762347126863 0.001 6049
1762347138239 0.001 6099
1762347149605 0.001 6149
1762347161003 0.001 6199
1762347172308 0.001 6249
1762347183537 0.001 6299
1762347202075 0.001 6349
1762347213358 0.001 6399
1762347224697 0.001 6449
1762347235936 0.001 6499
1762347247228 0.001 6549
1762347258607 0.001 6599
1762347277069 0.001 6649
1762347288374 0.001 6699
1762347299653 0.001 6749
1762347310917 0.001 6799
1762347322242 0.001 6849
1762347333596 0.001 6899
1762347352188 0.001 6949
1762347363491 0.001 6999
1762347374808 0.001 7049
1762347386166 0.001 7099
1762347397458 0.001 7149
1762347408752 0.001 7199
1762347427122 0.001 7249
1762347438500 0.001 7299
1762347449952 0.001 7349
1762347461398 0.001 7399
1762347472768 0.001 7449
1762347484118 0.001 7499
1762347502807 0.001 7549
1762347514197 0.001 7599
1762347525601 0.001 7649
1762347536889 0.001 7699
1762347548182 0.001 7749
1762347559595 0.001 7799
1762347578277 0.001 7849
1762347589671 0.001 7899
1762347600953 0.001 7949
1762347612243 0.001 7999
1762347623527 0.001 8049
1762347634809 0.001 8099
1762347653251 0.001 8149
1762347664480 0.001 8199
1762347675783 0.001 8249
1762347687286 0.001 8299
1762347698756 0.001 8349
1762347710173 0.001 8399
1762347728733 0.001 8449
1762347740100 0.001 8499
1762347751457 0.001 8549
1762347762762 0.001 8599
1762347774069 0.001 8649
1762347785360 0.001 8699
1762347803987 0.001 8749
1762347815502 0.001 8799
1762347826952 0.001 8849
1762347838340 0.001 8899
1762347849718 0.001 8949
1762347861109 0.001 8999
1762347879769 0.001 9049
1762347891097 0.001 9099
1762347902380 0.001 9149
1762347913668 0.001 9199
1762347925170 0.001 9249
1762347936592 0.001 9299
1762347955195 0.001 9349
1762347966480 0.001 9399
1762347977877 0.001 9449
1762347989242 0.001 9499
1762348000667 0.001 9549
1762348011968 0.001 9599
1762348030410 0.001 9649
1762348041845 0.001 9699
1762348053204 0.001 9749
1762348064571 0.001 9799
1762348075880 0.001 9849
1762348087181 0.001 9899
1762348105749 0.001 9949
1762348117115 0.001 9999
1762348128477 0.001 10049
1762348139739 0.001 10099
1762348151062 0.001 10149
1762348162481 0.001 10199
1762348181172 0.001 10249
1762348192596 0.001 10299
1762348204001 0.001 10349
1762348215398 0.001 10399
1762348226819 0.001 10449
1762348238221 0.001 10499
1762348256759 0.001 10549
1762348268043 0.001 10599
1762348279466 0.001 10649
1762348290878 0.001 10699
1762348302239 0.001 10749
1762348313586 0.001 10799
1762348332079 0.001 10849
1762348343494 0.001 10899
1762348354886 0.001 10949
1762348366273 0.001 10999
1762348377574 0.001 11049
1762348388994 0.001 11099
1762348407631 0.001 11149
1762348419066 0.001 11199
1762348430417 0.001 11249
1762348441855 0.001 11299
1762348453217 0.001 11349
1762348464588 0.001 11399
1762348483096 0.001 11449
1762348494418 0.001 11499
1762348505741 0.001 11549
1762348517104 0.001 11599
1762348528580 0.001 11649
1762348540131 0.001 11699
1762348558782 0.001 11749
1762348570224 0.001 11799
1762348581652 0.001 11849
1762348593146 0.001 11899
1762348604578 0.001 11949
1762348615886 0.001 11999
1762348634405 0.0003 12049
1762348645792 0.0003 12099
1762348657227 0.0003 12149
1762348668686 0.0003 12199
1762348679986 0.0003 12249
1762348691302 0.0003 12299
1762348709725 0.0003 12349
1762348721059 0.0003 12399
1762348732329 0.0003 12449
1762348743639 0.0003 12499
1762348754922 0.0003 12549
1762348766334 0.0003 12599
1762348784844 0.0003 12649
1762348796178 0.0003 12699
1762348807492 0.0003 12749
1762348818828 0.0003 12799
1762348830181 0.0003 12849
1762348841601 0.0003 12899
1762348859985 0.0003 12949
1762348871248 0.0003 12999
1762348882694 0.0003 13049
1762348894213 0.0003 13099
1762348905743 0.0003 13149
1762348917163 0.0003 13199
1762348935859 0.0003 13249
1762348947356 0.0003 13299
1762348958902 0.0003 13349
1762348970288 0.0003 13399
1762348981610 0.0003 13449
1762348992896 0.0003 13499
1762349011649 0.0003 13549
1762349023101 0.0003 13599
1762349034496 0.0003 13649
1762349045881 0.0003 13699
1762349057181 0.0003 13749
1762349068489 0.0003 13799
1762349086941 0.0003 13849
1762349098206 0.0003 13899
1762349109479 0.0003 13949
1762349120904 0.0003 13999
1762349132329 0.0003 14049
1762349143818 0.0003 14099
1762349162292 0.0003 14149
1762349173599 0.0003 14199
1762349184943 0.0003 14249
1762349196284 0.0003 14299
1762349207619 0.0003 14349
1762349218888 0.0003 14399
1762349237322 0.0003 14449
1762349248788 0.0003 14499
1762349260330 0.0003 14549
1762349271785 0.0003 14599
1762349283168 0.0003 14649
1762349294569 0.0003 14699
1762349313348 0.0003 14749
1762349324747 0.0003 14799
1762349336062 0.0003 14849
1762349347363 0.0003 14899
1762349358747 0.0003 14949
1762349370240 0.0003 14999
1762349388842 0.0003 15049
1762349400194 0.0003 15099
1762349411530 0.0003 15149
1762349422930 0.0003 15199
1762349434267 0.0003 15249
1762349445597 0.0003 15299
1762349464078 0.0003 15349
1762349475409 0.0003 15399
1762349486846 0.0003 15449
1762349498334 0.0003 15499
1762349509760 0.0003 15549
1762349521090 0.0003 15599
1762349539557 0.0003 15649
1762349550848 0.0003 15699
1762349562193 0.0003 15749
1762349573492 0.0003 15799
1762349584764 0.0003 15849
1762349596092 0.0003 15899
1762349614832 0.0003 15949
1762349627256 0.0003 15999
1762349638919 0.0003 16049
1762349651556 0.0003 16099
1762349665414 0.0003 16149
1762349678493 0.0003 16199
1762349699147 0.0003 16249
1762349712171 0.0003 16299
1762349725037 0.0003 16349
1762349737842 0.0003 16399
1762349750680 0.0003 16449
1762349763548 0.0003 16499
1762349784411 0.0003 16549
1762349797501 0.0003 16599
1762349809813 0.0003 16649
1762349821176 0.0003 16699
1762349834150 0.0003 16749
1762349847201 0.0003 16799
1762349868494 0.0003 16849
1762349883562 0.0003 16899
1762349897825 0.0003 16949
1762349911849 0.0003 16999
1762349925755 0.0003 17049
1762349939966 0.0003 17099
1762349962439 0.0003 17149
1762349976079 0.0003 17199
1762349988728 0.0003 17249
1762350000329 0.0003 17299
1762350012049 0.0003 17349
1762350023551 0.0003 17399
1762350042388 0.0003 17449
1762350054038 0.0003 17499
1762350067303 0.0003 17549
1762350081704 0.0003 17599
1762350095026 0.0003 17649
1762350109390 0.0003 17699
1762350133939 0.0003 17749
1762350149430 0.0003 17799
1762350166459 0.0003 17849
1762350182506 0.0003 17899
1762350198975 0.0003 17949
1762350215274 0.0003 17999
1762350239257 8.999999999999999e-05 18049
1762350254609 8.999999999999999e-05 18099
1762350270142 8.999999999999999e-05 18149
1762350285428 8.999999999999999e-05 18199
1762350300951 8.999999999999999e-05 18249
1762350316244 8.999999999999999e-05 18299
1762350340377 8.999999999999999e-05 18349
1762350356027 8.999999999999999e-05 18399
1762350372604 8.999999999999999e-05 18449
1762350389192 8.999999999999999e-05 18499
1762350404722 8.999999999999999e-05 18549
1762350420729 8.999999999999999e-05 18599
1762350446675 8.999999999999999e-05 18649
1762350462445 8.999999999999999e-05 18699
1762350477893 8.999999999999999e-05 18749
1762350492842 8.999999999999999e-05 18799
1762350505672 8.999999999999999e-05 18849
1762350517499 8.999999999999999e-05 18899
1762350536490 8.999999999999999e-05 18949
1762350548476 8.999999999999999e-05 18999
1762350560254 8.999999999999999e-05 19049
1762350572054 8.999999999999999e-05 19099
1762350583797 8.999999999999999e-05 19149
1762350595580 8.999999999999999e-05 19199
1762350614702 8.999999999999999e-05 19249
1762350626494 8.999999999999999e-05 19299
1762350638286 8.999999999999999e-05 19349
1762350650018 8.999999999999999e-05 19399
1762350664485 8.999999999999999e-05 19449
1762350678862 8.999999999999999e-05 19499
1762350702156 8.999999999999999e-05 19549
1762350717007 8.999999999999999e-05 19599
1762350731421 8.999999999999999e-05 19649
1762350746210 8.999999999999999e-05 19699
1762350760922 8.999999999999999e-05 19749
1762350776161 8.999999999999999e-05 19799
1762350797718 8.999999999999999e-05 19849
1762350809430 8.999999999999999e-05 19899
1762350821212 8.999999999999999e-05 19949
1762350832888 8.999999999999999e-05 19999
1762350844559 8.999999999999999e-05 20049
1762350856230 8.999999999999999e-05 20099
