1762345677408 2.0112364292144775 299
1762345752287 1.3332796096801758 599
1762345826596 1.248923420906067 899
1762345902811 1.209228277206421 1199
1762345979736 1.178022027015686 1499
1762346059961 1.1531875133514404 1799
1762346136063 1.1477789878845215 2099
1762346212076 1.150121808052063 2399
1762346288321 1.1194299459457397 2699
1762346364516 1.1199718713760376 2999
1762346440117 1.1135014295578003 3299
1762346515116 1.0960047245025635 3599
1762346589881 1.1099406480789185 3899
1762346664639 1.0922024250030518 4199
1762346739765 1.0950299501419067 4499
1762346815226 1.0824204683303833 4799
1762346890550 1.0719478130340576 5099
1762346965335 1.0724557638168335 5399
1762347040339 1.0762426853179932 5699
1762347115717 1.0663622617721558 5999
1762347190872 1.066963791847229 6299
1762347265900 1.0658628940582275 6599
1762347341015 1.0597496032714844 6899
1762347416042 1.0499461889266968 7199
1762347491520 1.0499454736709595 7499
1762347566991 1.0596511363983154 7799
1762347642146 1.0580357313156128 8099
1762347717563 1.0437970161437988 8399
1762347792698 1.0546846389770508 8699
1762347868524 1.0443867444992065 8999
1762347944036 1.042344331741333 9299
1762348019303 1.042348027229309 9599
1762348094517 1.0408602952957153 9899
1762348169959 1.0305925607681274 10199
1762348245646 1.0344219207763672 10499
1762348320938 1.032380223274231 10799
1762348396406 1.0314027070999146 11099
1762348471955 1.0293580293655396 11399
1762348547557 1.027815580368042 11699
1762348623307 1.0283527374267578 11999
1762348698602 0.9836041927337646 12299
1762348773679 0.9816495180130005 12599
1762348848877 0.9819329977035522 12899
1762348924605 0.9751321077346802 13199
1762349000362 0.9794195294380188 13499
1762349075757 0.9767276644706726 13799
1762349151131 0.9779478907585144 14099
1762349226161 0.975934624671936 14399
1762349302048 0.9768601655960083 14699
1762349377640 0.9818750619888306 14999
1762349452934 0.9828092455863953 15299
1762349528421 0.9783550500869751 15599
1762349603555 0.9799069762229919 15899
1762349686479 0.9778743982315063 16199
1762349771598 0.97874516248703 16499
1762349855291 0.9800098538398743 16799
1762349948463 0.9733802676200867 17099
1762350031001 0.9797687530517578 17399
1762350118360 0.9721450805664062 17699
1762350224061 0.9699221849441528 17999
1762350325220 0.9620320796966553 18299
1762350430171 0.9577769637107849 18599
1762350524901 0.9572128057479858 18899
1762350603087 0.9587602615356445 19199
1762350687215 0.9604890942573547 19499
1762350785234 0.9573364853858948 19799
1762350863662 0.9572539329528809 20099
