1762345677408 1.412919044494629 299
1762345752287 0.8402320146560669 599
1762345826596 0.7732844352722168 899
1762345902811 0.7497180104255676 1199
1762345979736 0.7336426973342896 1499
1762346059961 0.7200927138328552 1799
1762346136063 0.71339350938797 2099
1762346212076 0.7228049039840698 2399
1762346288321 0.7000094056129456 2699
1762346364516 0.7079470157623291 2999
1762346440117 0.7034965753555298 3299
1762346515116 0.6929708123207092 3599
1762346589881 0.702980637550354 3899
1762346664639 0.69184410572052 4199
1762346739765 0.698602020740509 4499
1762346815226 0.6853782534599304 4799
1762346890550 0.6793560981750488 5099
1762346965335 0.6853782534599304 5399
1762347040339 0.689275860786438 5699
1762347115717 0.6772354245185852 5999
1762347190872 0.6827789545059204 6299
1762347265900 0.6803622841835022 6599
1762347341015 0.6761302351951599 6899
1762347416042 0.673981249332428 7199
1762347491520 0.6750381588935852 7499
1762347566991 0.6819124817848206 7799
1762347642146 0.6813255548477173 8099
1762347717563 0.6709541082382202 8399
1762347792698 0.6794888377189636 8699
1762347868524 0.6761837005615234 8999
1762347944036 0.6715523600578308 9299
1762348019303 0.6749820113182068 9599
1762348094517 0.672666609287262 9899
1762348169959 0.6654018759727478 10199
1762348245646 0.6704577207565308 10499
1762348320938 0.6700795888900757 10799
1762348396406 0.6674413681030273 11099
1762348471955 0.6666959524154663 11399
1762348547557 0.6703618764877319 11699
1762348623307 0.6678054332733154 11999
1762348698602 0.6324734687805176 12299
1762348773679 0.6331414580345154 12599
1762348848877 0.6292510032653809 12899
1762348924605 0.6283553838729858 13199
1762349000362 0.630912721157074 13499
1762349075757 0.6268603801727295 13799
1762349151131 0.6292697191238403 14099
1762349226161 0.6301586627960205 14399
1762349302048 0.6287915706634521 14699
1762349377640 0.6308029294013977 14999
1762349452934 0.6312788128852844 15299
1762349528421 0.6298450827598572 15599
1762349603555 0.6318049430847168 15899
1762349686479 0.6310553550720215 16199
1762349771598 0.6322169899940491 16499
1762349855291 0.6322930455207825 16799
1762349948463 0.6284531950950623 17099
1762350031001 0.6297059059143066 17399
1762350118360 0.6302239298820496 17699
1762350224061 0.6268851161003113 17999
1762350325220 0.6195809245109558 18299
1762350430171 0.6185297966003418 18599
1762350524901 0.6177545785903931 18899
1762350603087 0.6183363199234009 19199
1762350687215 0.6191569566726685 19499
1762350785234 0.6194815635681152 19799
1762350863662 0.6194379329681396 20099
