1762345677408 2.022252321243286 299
1762345752287 1.6528406143188477 599
1762345826596 1.5897419452667236 899
1762345902811 1.5604325532913208 1199
1762345979736 1.5256969928741455 1499
1762346059961 1.5149405002593994 1799
1762346136063 1.5049967765808105 2099
1762346212076 1.502943754196167 2399
1762346288321 1.484660029411316 2699
1762346364516 1.4796336889266968 2999
1762346440117 1.480923056602478 3299
1762346515116 1.4632291793823242 3599
1762346589881 1.4546862840652466 3899
1762346664639 1.4551995992660522 4199
1762346739765 1.4499123096466064 4499
1762346815226 1.4357277154922485 4799
1762346890550 1.424761176109314 5099
1762346965335 1.4279756546020508 5399
1762347040339 1.4264103174209595 5699
1762347115717 1.4114934206008911 5999
1762347190872 1.4074963331222534 6299
1762347265900 1.4029695987701416 6599
1762347341015 1.4003900289535522 6899
1762347416042 1.395635962486267 7199
1762347491520 1.3887004852294922 7499
1762347566991 1.3959063291549683 7799
1762347642146 1.39436674118042 8099
1762347717563 1.3770601749420166 8399
1762347792698 1.3895580768585205 8699
1762347868524 1.3786674737930298 8999
1762347944036 1.3732668161392212 9299
1762348019303 1.3743845224380493 9599
1762348094517 1.362566351890564 9899
1762348169959 1.3565977811813354 10199
1762348245646 1.3535332679748535 10499
1762348320938 1.3537282943725586 10799
1762348396406 1.3477988243103027 11099
1762348471955 1.3496040105819702 11399
1762348547557 1.3454035520553589 11699
1762348623307 1.3376128673553467 11999
1762348698602 1.3035215139389038 12299
1762348773679 1.3008455038070679 12599
1762348848877 1.2983165979385376 12899
1762348924605 1.291435718536377 13199
1762349000362 1.2922276258468628 13499
1762349075757 1.2909836769104004 13799
1762349151131 1.2928433418273926 14099
1762349226161 1.2860288619995117 14399
1762349302048 1.2903786897659302 14699
1762349377640 1.2849701642990112 14999
1762349452934 1.2887600660324097 15299
1762349528421 1.285982370376587 15599
1762349603555 1.286993384361267 15899
1762349686479 1.2769421339035034 16199
1762349771598 1.2781569957733154 16499
1762349855291 1.2734317779541016 16799
1762349948463 1.2669707536697388 17099
1762350031001 1.2716522216796875 17399
1762350118360 1.2683024406433105 17699
1762350224061 1.2634363174438477 17999
1762350325220 1.2522705793380737 18299
1762350430171 1.2495384216308594 18599
1762350524901 1.2481353282928467 18899
1762350603087 1.2489233016967773 19199
1762350687215 1.2472825050354004 19499
1762350785234 1.2444171905517578 19799
1762350863662 1.2456648349761963 20099
