1762345677408 23.609333038330078 299
1762345752287 20.775680541992188 599
1762345826596 20.03182601928711 899
1762345902811 20.136241912841797 1199
1762345979736 19.886159896850586 1499
1762346059961 20.038471221923828 1799
1762346136063 19.755207061767578 2099
1762346212076 19.63892364501953 2399
1762346288321 19.87449073791504 2699
1762346364516 19.417221069335938 2999
1762346440117 19.522022247314453 3299
1762346515116 19.455522537231445 3599
1762346589881 19.264751434326172 3899
1762346664639 19.63646125793457 4199
1762346739765 19.112266540527344 4499
1762346815226 19.273893356323242 4799
1762346890550 18.8834171295166 5099
1762346965335 18.885807037353516 5399
1762347040339 18.804119110107422 5699
1762347115717 18.434932708740234 5999
1762347190872 18.530662536621094 6299
1762347265900 18.396484375 6599
1762347341015 18.238630294799805 6899
1762347416042 18.3350887298584 7199
1762347491520 18.166961669921875 7499
1762347566991 18.247129440307617 7799
1762347642146 18.23517417907715 8099
1762347717563 18.07449722290039 8399
1762347792698 18.09930419921875 8699
1762347868524 18.115249633789062 8999
1762347944036 18.026472091674805 9299
1762348019303 17.91183853149414 9599
1762348094517 17.836889266967773 9899
1762348169959 17.959383010864258 10199
1762348245646 17.800703048706055 10499
1762348320938 17.520431518554688 10799
1762348396406 17.4056339263916 11099
1762348471955 17.69464874267578 11399
1762348547557 17.606016159057617 11699
1762348623307 17.22825813293457 11999
1762348698602 17.083250045776367 12299
1762348773679 17.007253646850586 12599
1762348848877 16.992929458618164 12899
1762348924605 16.75529670715332 13199
1762349000362 16.711820602416992 13499
1762349075757 16.72344398498535 13799
1762349151131 16.889101028442383 14099
1762349226161 16.65711784362793 14399
1762349302048 16.81308937072754 14699
1762349377640 16.794336318969727 14999
1762349452934 16.62293243408203 15299
1762349528421 16.56706428527832 15599
1762349603555 16.598812103271484 15899
1762349686479 16.660568237304688 16199
1762349771598 16.622596740722656 16499
1762349855291 16.439367294311523 16799
1762349948463 16.479215621948242 17099
1762350031001 16.342565536499023 17399
1762350118360 16.323951721191406 17699
1762350224061 16.173463821411133 17999
1762350325220 16.29086685180664 18299
1762350430171 16.00372886657715 18599
1762350524901 16.056028366088867 18899
1762350603087 15.912247657775879 19199
1762350687215 15.879487991333008 19499
1762350785234 16.053890228271484 19799
1762350863662 15.95102310180664 20099
