1762345677408 1.7579306364059448 299
1762345752287 1.515783667564392 599
1762345826596 1.4937384128570557 899
1762345902811 1.4829994440078735 1199
1762345979736 1.460534691810608 1499
1762346059961 1.459059715270996 1799
1762346136063 1.4574065208435059 2099
1762346212076 1.4469883441925049 2399
1762346288321 1.4350727796554565 2699
1762346364516 1.436040997505188 2999
1762346440117 1.4351059198379517 3299
1762346515116 1.4157050848007202 3599
1762346589881 1.4118614196777344 3899
1762346664639 1.407889485359192 4199
1762346739765 1.3989555835723877 4499
1762346815226 1.3785494565963745 4799
1762346890550 1.371236801147461 5099
1762346965335 1.3634700775146484 5399
1762347040339 1.3739594221115112 5699
1762347115717 1.3542683124542236 5999
1762347190872 1.352999210357666 6299
1762347265900 1.350580096244812 6599
1762347341015 1.350165605545044 6899
1762347416042 1.3418596982955933 7199
1762347491520 1.339521050453186 7499
1762347566991 1.3433500528335571 7799
1762347642146 1.3345462083816528 8099
1762347717563 1.3199996948242188 8399
1762347792698 1.332308292388916 8699
1762347868524 1.3174948692321777 8999
1762347944036 1.3140109777450562 9299
1762348019303 1.3183765411376953 9599
1762348094517 1.3028773069381714 9899
1762348169959 1.2968239784240723 10199
1762348245646 1.2876973152160645 10499
1762348320938 1.2890969514846802 10799
1762348396406 1.2933176755905151 11099
1762348471955 1.2811788320541382 11399
1762348547557 1.2823377847671509 11699
1762348623307 1.2785958051681519 11999
1762348698602 1.2481000423431396 12299
1762348773679 1.2408344745635986 12599
1762348848877 1.2424864768981934 12899
1762348924605 1.2283117771148682 13199
1762349000362 1.2353551387786865 13499
1762349075757 1.2265154123306274 13799
1762349151131 1.233473777770996 14099
1762349226161 1.2158702611923218 14399
1762349302048 1.227919101715088 14699
1762349377640 1.223677396774292 14999
1762349452934 1.2195426225662231 15299
1762349528421 1.2104072570800781 15599
1762349603555 1.2194308042526245 15899
1762349686479 1.205783486366272 16199
1762349771598 1.2093580961227417 16499
1762349855291 1.2076172828674316 16799
1762349948463 1.195576548576355 17099
1762350031001 1.1993210315704346 17399
1762350118360 1.196729302406311 17699
1762350224061 1.1923235654830933 17999
1762350325220 1.1777945756912231 18299
1762350430171 1.1820827722549438 18599
1762350524901 1.1797704696655273 18899
1762350603087 1.1713993549346924 19199
1762350687215 1.1795778274536133 19499
1762350785234 1.1738080978393555 19799
1762350863662 1.1613962650299072 20099
