1762345677408 1.5967214107513428 299
1762345752287 1.140252947807312 599
1762345826596 1.0892598628997803 899
1762345902811 1.0614240169525146 1199
1762345979736 1.0326086282730103 1499
1762346059961 1.0160049200057983 1799
1762346136063 1.00925874710083 2099
1762346212076 1.0004321336746216 2399
1762346288321 0.9840644001960754 2699
1762346364516 0.9823324084281921 2999
1762346440117 0.9757476449012756 3299
1762346515116 0.964722216129303 3599
1762346589881 0.9680478572845459 3899
1762346664639 0.9588212370872498 4199
1762346739765 0.9574928879737854 4499
1762346815226 0.9485606551170349 4799
1762346890550 0.9409948587417603 5099
1762346965335 0.9374204277992249 5399
1762347040339 0.9382254481315613 5699
1762347115717 0.9330140352249146 5999
1762347190872 0.9284647703170776 6299
1762347265900 0.9258583784103394 6599
1762347341015 0.9237926006317139 6899
1762347416042 0.9146789312362671 7199
1762347491520 0.9135173559188843 7499
1762347566991 0.9226361513137817 7799
1762347642146 0.919279158115387 8099
1762347717563 0.9106613397598267 8399
1762347792698 0.9145019054412842 8699
1762347868524 0.9070990681648254 8999
1762347944036 0.9066982269287109 9299
1762348019303 0.9047987461090088 9599
1762348094517 0.9028589725494385 9899
1762348169959 0.8947024941444397 10199
1762348245646 0.8925342559814453 10499
1762348320938 0.8904664516448975 10799
1762348396406 0.8909634351730347 11099
1762348471955 0.8928712606430054 11399
1762348547557 0.8882297277450562 11699
1762348623307 0.8839601278305054 11999
1762348698602 0.8517298698425293 12299
1762348773679 0.8508192896842957 12599
1762348848877 0.8500551581382751 12899
1762348924605 0.8441009521484375 13199
1762349000362 0.8472803235054016 13499
1762349075757 0.8450779914855957 13799
1762349151131 0.8444370627403259 14099
1762349226161 0.8428080677986145 14399
1762349302048 0.8471630215644836 14699
1762349377640 0.8447893857955933 14999
1762349452934 0.8504030108451843 15299
1762349528421 0.8487691283226013 15599
1762349603555 0.8457903265953064 15899
1762349686479 0.845505952835083 16199
1762349771598 0.8412163853645325 16499
1762349855291 0.8412498235702515 16799
1762349948463 0.834021806716919 17099
1762350031001 0.8421505093574524 17399
1762350118360 0.8348625898361206 17699
1762350224061 0.8338417410850525 17999
1762350325220 0.8284397125244141 18299
1762350430171 0.8184455633163452 18599
1762350524901 0.821299135684967 18899
1762350603087 0.823021650314331 19199
1762350687215 0.8242831230163574 19499
1762350785234 0.8195729851722717 19799
1762350863662 0.820041835308075 20099
