1762345677408 2.1569201946258545 299
1762345752287 1.8668453693389893 599
1762345826596 1.8128082752227783 899
1762345902811 1.7881571054458618 1199
1762345979736 1.7480103969573975 1499
1762346059961 1.742414951324463 1799
1762346136063 1.7349367141723633 2099
1762346212076 1.73764967918396 2399
1762346288321 1.718178153038025 2699
1762346364516 1.7079840898513794 2999
1762346440117 1.7176234722137451 3299
1762346515116 1.6898274421691895 3599
1762346589881 1.6745505332946777 3899
1762346664639 1.6810647249221802 4199
1762346739765 1.6745551824569702 4499
1762346815226 1.654349684715271 4799
1762346890550 1.640576958656311 5099
1762346965335 1.6490592956542969 5399
1762347040339 1.6464518308639526 5699
1762347115717 1.6251181364059448 5999
1762347190872 1.614683747291565 6299
1762347265900 1.6124768257141113 6599
1762347341015 1.6109057664871216 6899
1762347416042 1.614098310470581 7199
1762347491520 1.5979994535446167 7499
1762347566991 1.601642370223999 7799
1762347642146 1.6023170948028564 8099
1762347717563 1.5774661302566528 8399
1762347792698 1.5994144678115845 8699
1762347868524 1.5808191299438477 8999
1762347944036 1.5776453018188477 9299
1762348019303 1.578732967376709 9599
1762348094517 1.5605237483978271 9899
1762348169959 1.5510423183441162 10199
1762348245646 1.55117666721344 10499
1762348320938 1.5469242334365845 10799
1762348396406 1.5402700901031494 11099
1762348471955 1.5428894758224487 11399
1762348547557 1.535268783569336 11699
1762348623307 1.5270010232925415 11999
1762348698602 1.4926817417144775 12299
1762348773679 1.4851797819137573 12599
1762348848877 1.4846712350845337 12899
1762348924605 1.4777534008026123 13199
1762349000362 1.4725968837738037 13499
1762349075757 1.4755910634994507 13799
1762349151131 1.4790619611740112 14099
1762349226161 1.4661836624145508 14399
1762349302048 1.4734175205230713 14699
1762349377640 1.4613142013549805 14999
1762349452934 1.4656888246536255 15299
1762349528421 1.4654929637908936 15599
1762349603555 1.463874101638794 15899
1762349686479 1.4484771490097046 16199
1762349771598 1.4523661136627197 16499
1762349855291 1.4415448904037476 16799
1762349948463 1.4355796575546265 17099
1762350031001 1.4414347410202026 17399
1762350118360 1.43728506565094 17699
1762350224061 1.4324314594268799 17999
1762350325220 1.418509602546692 18299
1762350430171 1.4188543558120728 18599
1762350524901 1.4133448600769043 18899
1762350603087 1.416581392288208 19199
1762350687215 1.4094150066375732 19499
1762350785234 1.4093328714370728 19799
1762350863662 1.4093613624572754 20099
