1762345677408 2.4776618480682373 299
1762345752287 2.1572184562683105 599
1762345826596 2.1126976013183594 899
1762345902811 2.10010027885437 1199
1762345979736 2.0713868141174316 1499
1762346059961 2.071291208267212 1799
1762346136063 2.060697555541992 2099
1762346212076 2.0478665828704834 2399
1762346288321 2.0400259494781494 2699
1762346364516 2.0310237407684326 2999
1762346440117 2.0362730026245117 3299
1762346515116 2.010082721710205 3599
1762346589881 2.0001864433288574 3899
1762346664639 2.0017902851104736 4199
1762346739765 1.9900529384613037 4499
1762346815226 1.9646724462509155 4799
1762346890550 1.9509782791137695 5099
1762346965335 1.9457741975784302 5399
1762347040339 1.9566850662231445 5699
1762347115717 1.9278219938278198 5999
1762347190872 1.9259167909622192 6299
1762347265900 1.9239221811294556 6599
1762347341015 1.9187757968902588 6899
1762347416042 1.9095070362091064 7199
1762347491520 1.9009931087493896 7499
1762347566991 1.910581111907959 7799
1762347642146 1.9031784534454346 8099
1762347717563 1.8820528984069824 8399
1762347792698 1.8951823711395264 8699
1762347868524 1.8767560720443726 8999
1762347944036 1.8750665187835693 9299
1762348019303 1.8766213655471802 9599
1762348094517 1.8615138530731201 9899
1762348169959 1.852245569229126 10199
1762348245646 1.8406329154968262 10499
1762348320938 1.8380234241485596 10799
1762348396406 1.838269591331482 11099
1762348471955 1.8320807218551636 11399
1762348547557 1.8280056715011597 11699
1762348623307 1.8204543590545654 11999
1762348698602 1.7869280576705933 12299
1762348773679 1.7766529321670532 12599
1762348848877 1.7769628763198853 12899
1762348924605 1.7596917152404785 13199
1762349000362 1.7635899782180786 13499
1762349075757 1.7541755437850952 13799
1762349151131 1.766067385673523 14099
1762349226161 1.742228388786316 14399
1762349302048 1.7615286111831665 14699
1762349377640 1.7541539669036865 14999
1762349452934 1.7478543519973755 15299
1762349528421 1.735637903213501 15599
1762349603555 1.7454211711883545 15899
1762349686479 1.730751872062683 16199
1762349771598 1.7331061363220215 16499
1762349855291 1.7299919128417969 16799
1762349948463 1.7147796154022217 17099
1762350031001 1.720121145248413 17399
1762350118360 1.7154237031936646 17699
1762350224061 1.7128046751022339 17999
1762350325220 1.6907650232315063 18299
1762350430171 1.6953269243240356 18599
1762350524901 1.6915607452392578 18899
1762350603087 1.682237148284912 19199
1762350687215 1.6886979341506958 19499
1762350785234 1.6890281438827515 19799
1762350863662 1.6718413829803467 20099
