1762345677408 18.583288192749023 299
1762345752287 15.235973358154297 599
1762345826596 14.378643035888672 899
1762345902811 14.185051918029785 1199
1762345979736 13.966577529907227 1499
1762346059961 13.86887264251709 1799
1762346136063 13.58578872680664 2099
1762346212076 13.683079719543457 2399
1762346288321 13.455470085144043 2699
1762346364516 13.325395584106445 2999
1762346440117 13.41718578338623 3299
1762346515116 13.300259590148926 3599
1762346589881 13.228463172912598 3899
1762346664639 13.436567306518555 4199
1762346739765 13.103633880615234 4499
1762346815226 13.143550872802734 4799
1762346890550 12.963919639587402 5099
1762346965335 12.906893730163574 5399
1762347040339 12.807475090026855 5699
1762347115717 12.627696990966797 5999
1762347190872 12.743985176086426 6299
1762347265900 12.695387840270996 6599
1762347341015 12.58432674407959 6899
1762347416042 12.58787727355957 7199
1762347491520 12.561452865600586 7499
1762347566991 12.545374870300293 7799
1762347642146 12.622177124023438 8099
1762347717563 12.529335975646973 8399
1762347792698 12.473550796508789 8699
1762347868524 12.462016105651855 8999
1762347944036 12.46969223022461 9299
1762348019303 12.342194557189941 9599
1762348094517 12.27881145477295 9899
1762348169959 12.415651321411133 10199
1762348245646 12.436357498168945 10499
1762348320938 12.227283477783203 10799
1762348396406 12.08558177947998 11099
1762348471955 12.228517532348633 11399
1762348547557 12.228760719299316 11699
1762348623307 11.918704986572266 11999
1762348698602 11.842352867126465 12299
1762348773679 11.918960571289062 12599
1762348848877 11.80368709564209 12899
1762348924605 11.627182960510254 13199
1762349000362 11.614014625549316 13499
1762349075757 11.610411643981934 13799
1762349151131 11.714927673339844 14099
1762349226161 11.615159034729004 14399
1762349302048 11.690092086791992 14699
1762349377640 11.533708572387695 14999
1762349452934 11.637898445129395 15299
1762349528421 11.646686553955078 15599
1762349603555 11.666769981384277 15899
1762349686479 11.572551727294922 16199
1762349771598 11.695703506469727 16499
1762349855291 11.507305145263672 16799
1762349948463 11.51707649230957 17099
1762350031001 11.501290321350098 17399
1762350118360 11.425227165222168 17699
1762350224061 11.35098648071289 17999
1762350325220 11.45803165435791 18299
1762350430171 11.247864723205566 18599
1762350524901 11.323009490966797 18899
1762350603087 11.261812210083008 19199
1762350687215 11.165035247802734 19499
1762350785234 11.261783599853516 19799
1762350863662 11.210674285888672 20099
