1762345677408 1.966903805732727 299
1762345752287 1.3280707597732544 599
1762345826596 1.2506263256072998 899
1762345902811 1.2088114023208618 1199
1762345979736 1.183559536933899 1499
1762346059961 1.1656485795974731 1799
1762346136063 1.1562186479568481 2099
1762346212076 1.15791654586792 2399
1762346288321 1.1320909261703491 2699
1762346364516 1.1340606212615967 2999
1762346440117 1.1283719539642334 3299
1762346515116 1.1149436235427856 3599
1762346589881 1.122607946395874 3899
1762346664639 1.1119861602783203 4199
1762346739765 1.1136727333068848 4499
1762346815226 1.1017974615097046 4799
1762346890550 1.0929138660430908 5099
1762346965335 1.093990445137024 5399
1762347040339 1.0967991352081299 5699
1762347115717 1.0875272750854492 5999
1762347190872 1.0898743867874146 6299
1762347265900 1.087075114250183 6599
1762347341015 1.0827945470809937 6899
1762347416042 1.0765767097473145 7199
1762347491520 1.07253897190094 7499
1762347566991 1.0831270217895508 7799
1762347642146 1.0812245607376099 8099
1762347717563 1.0685428380966187 8399
1762347792698 1.0767607688903809 8699
1762347868524 1.071985125541687 8999
1762347944036 1.0661962032318115 9299
1762348019303 1.067622184753418 9599
1762348094517 1.0634230375289917 9899
1762348169959 1.0580151081085205 10199
1762348245646 1.0578845739364624 10499
1762348320938 1.0609673261642456 10799
1762348396406 1.0553183555603027 11099
1762348471955 1.0538607835769653 11399
1762348547557 1.0549951791763306 11699
1762348623307 1.0531466007232666 11999
1762348698602 1.019675850868225 12299
1762348773679 1.0210583209991455 12599
1762348848877 1.018609881401062 12899
1762348924605 1.0132379531860352 13199
1762349000362 1.0165759325027466 13499
1762349075757 1.0125082731246948 13799
1762349151131 1.0147148370742798 14099
1762349226161 1.0126328468322754 14399
1762349302048 1.0139837265014648 14699
1762349377640 1.0186740159988403 14999
1762349452934 1.018654227256775 15299
1762349528421 1.0149277448654175 15599
1762349603555 1.0180813074111938 15899
1762349686479 1.0161986351013184 16199
1762349771598 1.0158239603042603 16499
1762349855291 1.0163511037826538 16799
1762349948463 1.0100483894348145 17099
1762350031001 1.0171434879302979 17399
1762350118360 1.0107786655426025 17699
1762350224061 1.0094767808914185 17999
1762350325220 1.0021145343780518 18299
1762350430171 0.998293399810791 18599
1762350524901 0.9983772039413452 18899
1762350603087 0.9996241927146912 19199
1762350687215 0.999721884727478 19499
1762350785234 0.9990211129188538 19799
1762350863662 0.9975111484527588 20099
