1762345677408 2.3155136108398438 299
1762345752287 1.8287010192871094 599
1762345826596 1.7616609334945679 899
1762345902811 1.7309434413909912 1199
1762345979736 1.6920455694198608 1499
1762346059961 1.6798648834228516 1799
1762346136063 1.6688628196716309 2099
1762346212076 1.6663339138031006 2399
1762346288321 1.6440175771713257 2699
1762346364516 1.6390941143035889 2999
1762346440117 1.640533685684204 3299
1762346515116 1.6189452409744263 3599
1762346589881 1.6088308095932007 3899
1762346664639 1.610557198524475 4199
1762346739765 1.6030491590499878 4499
1762346815226 1.5870378017425537 4799
1762346890550 1.5740501880645752 5099
1762346965335 1.577020287513733 5399
1762347040339 1.5750776529312134 5699
1762347115717 1.5581142902374268 5999
1762347190872 1.5543636083602905 6299
1762347265900 1.5493910312652588 6599
1762347341015 1.5449128150939941 6899
1762347416042 1.54087495803833 7199
1762347491520 1.5330848693847656 7499
1762347566991 1.5395835638046265 7799
1762347642146 1.5381594896316528 8099
1762347717563 1.5203381776809692 8399
1762347792698 1.532889723777771 8699
1762347868524 1.5207637548446655 8999
1762347944036 1.5150991678237915 9299
1762348019303 1.5154658555984497 9599
1762348094517 1.5020332336425781 9899
1762348169959 1.4962363243103027 10199
1762348245646 1.492902159690857 10499
1762348320938 1.49187433719635 10799
1762348396406 1.4848589897155762 11099
1762348471955 1.4874218702316284 11399
1762348547557 1.4823139905929565 11699
1762348623307 1.4728115797042847 11999
1762348698602 1.4339087009429932 12299
1762348773679 1.4305366277694702 12599
1762348848877 1.4284361600875854 12899
1762348924605 1.4195762872695923 13199
1762349000362 1.420498013496399 13499
1762349075757 1.418674111366272 13799
1762349151131 1.4213732481002808 14099
1762349226161 1.4136897325515747 14399
1762349302048 1.4189155101776123 14699
1762349377640 1.4123224020004272 14999
1762349452934 1.415312647819519 15299
1762349528421 1.413021206855774 15599
1762349603555 1.4133249521255493 15899
1762349686479 1.4020999670028687 16199
1762349771598 1.4033249616622925 16499
1762349855291 1.3978904485702515 16799
1762349948463 1.3909751176834106 17099
1762350031001 1.395563006401062 17399
1762350118360 1.3920468091964722 17699
1762350224061 1.386771559715271 17999
1762350325220 1.3742657899856567 18299
1762350430171 1.3702163696289062 18599
1762350524901 1.3690054416656494 18899
1762350603087 1.369597315788269 19199
1762350687215 1.3679569959640503 19499
1762350785234 1.3646456003189087 19799
1762350863662 1.3653817176818848 20099
