1762345677408 14.274906158447266 299
1762345752287 7.739480972290039 599
1762345826596 7.136619567871094 899
1762345902811 6.991739749908447 1199
1762345979736 6.8207173347473145 1499
1762346059961 6.803269386291504 1799
1762346136063 6.6661152839660645 2099
1762346212076 6.760056495666504 2399
1762346288321 6.598319053649902 2699
1762346364516 6.580029487609863 2999
1762346440117 6.589687347412109 3299
1762346515116 6.53838586807251 3599
1762346589881 6.57348108291626 3899
1762346664639 6.626846790313721 4199
1762346739765 6.586391448974609 4499
1762346815226 6.548658847808838 4799
1762346890550 6.438560962677002 5099
1762346965335 6.464084625244141 5399
1762347040339 6.511169910430908 5699
1762347115717 6.370899200439453 5999
1762347190872 6.449803829193115 6299
1762347265900 6.432075023651123 6599
1762347341015 6.341137886047363 6899
1762347416042 6.396723747253418 7199
1762347491520 6.404141902923584 7499
1762347566991 6.395931720733643 7799
1762347642146 6.432231426239014 8099
1762347717563 6.3750529289245605 8399
1762347792698 6.42657995223999 8699
1762347868524 6.473193645477295 8999
1762347944036 6.374880313873291 9299
1762348019303 6.393103122711182 9599
1762348094517 6.347672462463379 9899
1762348169959 6.395145893096924 10199
1762348245646 6.385794639587402 10499
1762348320938 6.343404769897461 10799
1762348396406 6.271547317504883 11099
1762348471955 6.385969161987305 11399
1762348547557 6.434042453765869 11699
1762348623307 6.286198616027832 11999
1762348698602 6.080076217651367 12299
1762348773679 6.138981342315674 12599
1762348848877 6.100562572479248 12899
1762348924605 6.043674945831299 13199
1762349000362 6.056450843811035 13499
1762349075757 6.028266429901123 13799
1762349151131 6.070693016052246 14099
1762349226161 6.068667888641357 14399
1762349302048 6.053408622741699 14699
1762349377640 6.068487644195557 14999
1762349452934 6.0825605392456055 15299
1762349528421 6.08151912689209 15599
1762349603555 6.088752269744873 15899
1762349686479 6.11478328704834 16199
1762349771598 6.166764736175537 16499
1762349855291 6.090599060058594 16799
1762349948463 6.137796401977539 17099
1762350031001 6.06716251373291 17399
1762350118360 6.063878536224365 17699
1762350224061 6.009133815765381 17999
1762350325220 6.061707496643066 18299
1762350430171 5.978470325469971 18599
1762350524901 6.010427474975586 18899
1762350603087 5.984855651855469 19199
1762350687215 5.966170310974121 19499
1762350785234 6.022552013397217 19799
1762350863662 5.991354465484619 20099
