1762345677408 1.7027556896209717 299
1762345752287 1.1998176574707031 599
1762345826596 1.1278241872787476 899
1762345902811 1.089754581451416 1199
1762345979736 1.067966103553772 1499
1762346059961 1.050944209098816 1799
1762346136063 1.0434499979019165 2099
1762346212076 1.045641541481018 2399
1762346288321 1.0221489667892456 2699
1762346364516 1.0251851081848145 2999
1762346440117 1.019200086593628 3299
1762346515116 1.0076706409454346 3599
1762346589881 1.0155309438705444 3899
1762346664639 1.0064879655838013 4199
1762346739765 1.0079257488250732 4499
1762346815226 0.9974080324172974 4799
1762346890550 0.9890531897544861 5099
1762346965335 0.9911147952079773 5399
1762347040339 0.993593156337738 5699
1762347115717 0.9849298596382141 5999
1762347190872 0.9872884750366211 6299
1762347265900 0.9854104518890381 6599
1762347341015 0.9809356331825256 6899
1762347416042 0.9748013615608215 7199
1762347491520 0.9722505211830139 7499
1762347566991 0.9810342192649841 7799
1762347642146 0.9803466200828552 8099
1762347717563 0.9684749245643616 8399
1762347792698 0.9758704900741577 8699
1762347868524 0.9711242914199829 8999
1762347944036 0.9664011001586914 9299
1762348019303 0.9687750339508057 9599
1762348094517 0.9648197889328003 9899
1762348169959 0.9597333669662476 10199
1762348245646 0.959753692150116 10499
1762348320938 0.9628570675849915 10799
1762348396406 0.9584115743637085 11099
1762348471955 0.9558002352714539 11399
1762348547557 0.9575579166412354 11699
1762348623307 0.955616295337677 11999
1762348698602 0.9251539707183838 12299
1762348773679 0.9263589978218079 12599
1762348848877 0.9240500330924988 12899
1762348924605 0.9196149706840515 13199
1762349000362 0.9225696325302124 13499
1762349075757 0.9181896448135376 13799
1762349151131 0.921094536781311 14099
1762349226161 0.9186972379684448 14399
1762349302048 0.9197267293930054 14699
1762349377640 0.9246114492416382 14999
1762349452934 0.9250158667564392 15299
1762349528421 0.9213225245475769 15599
1762349603555 0.9244803190231323 15899
1762349686479 0.9227777123451233 16199
1762349771598 0.9229905009269714 16499
1762349855291 0.923406720161438 16799
1762349948463 0.9181872010231018 17099
1762350031001 0.9238022565841675 17399
1762350118360 0.9183427691459656 17699
1762350224061 0.9170976281166077 17999
1762350325220 0.9096320867538452 18299
1762350430171 0.9063977599143982 18599
1762350524901 0.9063719511032104 18899
1762350603087 0.9081664085388184 19199
1762350687215 0.9082213044166565 19499
1762350785234 0.9075090289115906 19799
1762350863662 0.9067475199699402 20099
