1762345677408 2.4567971229553223 299
1762345752287 2.0669748783111572 599
1762345826596 2.0093352794647217 899
1762345902811 1.9858708381652832 1199
1762345979736 1.9399586915969849 1499
1762346059961 1.9328889846801758 1799
1762346136063 1.9251540899276733 2099
1762346212076 1.9277300834655762 2399
1762346288321 1.903615117073059 2699
1762346364516 1.8939638137817383 2999
1762346440117 1.9048806428909302 3299
1762346515116 1.871291160583496 3599
1762346589881 1.8529353141784668 3899
1762346664639 1.8622963428497314 4199
1762346739765 1.8521249294281006 4499
1762346815226 1.8300490379333496 4799
1762346890550 1.813799262046814 5099
1762346965335 1.8233842849731445 5399
1762347040339 1.8190830945968628 5699
1762347115717 1.794511318206787 5999
1762347190872 1.7843687534332275 6299
1762347265900 1.7820361852645874 6599
1762347341015 1.7778313159942627 6899
1762347416042 1.7836090326309204 7199
1762347491520 1.764296054840088 7499
1762347566991 1.7665594816207886 7799
1762347642146 1.7676879167556763 8099
1762347717563 1.7438838481903076 8399
1762347792698 1.7648072242736816 8699
1762347868524 1.7446262836456299 8999
1762347944036 1.7405140399932861 9299
1762348019303 1.7412898540496826 9599
1762348094517 1.7197880744934082 9899
1762348169959 1.7121312618255615 10199
1762348245646 1.7118606567382812 10499
1762348320938 1.7054855823516846 10799
1762348396406 1.6978346109390259 11099
1762348471955 1.700789451599121 11399
1762348547557 1.6925477981567383 11699
1762348623307 1.680486798286438 11999
1762348698602 1.6406233310699463 12299
1762348773679 1.6327935457229614 12599
1762348848877 1.632233738899231 12899
1762348924605 1.6231533288955688 13199
1762349000362 1.6178661584854126 13499
1762349075757 1.6205964088439941 13799
1762349151131 1.6246639490127563 14099
1762349226161 1.6114195585250854 14399
1762349302048 1.619791030883789 14699
1762349377640 1.6056253910064697 14999
1762349452934 1.608203649520874 15299
1762349528421 1.6093567609786987 15599
1762349603555 1.607305884361267 15899
1762349686479 1.5900174379348755 16199
1762349771598 1.5940916538238525 16499
1762349855291 1.5823302268981934 16799
1762349948463 1.576526165008545 17099
1762350031001 1.5816251039505005 17399
1762350118360 1.577791452407837 17699
1762350224061 1.5719913244247437 17999
1762350325220 1.5558602809906006 18299
1762350430171 1.5551092624664307 18599
1762350524901 1.5498805046081543 18899
1762350603087 1.5532692670822144 19199
1762350687215 1.5453838109970093 19499
1762350785234 1.5440136194229126 19799
1762350863662 1.5447614192962646 20099
