1762345677408 1.639182686805725 299
1762345752287 0.9267300963401794 599
1762345826596 0.8591945767402649 899
1762345902811 0.8256076574325562 1199
1762345979736 0.8039326667785645 1499
1762346059961 0.784717321395874 1799
1762346136063 0.780315637588501 2099
1762346212076 0.7954886555671692 2399
1762346288321 0.7626280784606934 2699
1762346364516 0.7713152170181274 2999
1762346440117 0.76515132188797 3299
1762346515116 0.7498712539672852 3599
1762346589881 0.7641779184341431 3899
1762346664639 0.7453657984733582 4199
1762346739765 0.7538228631019592 4499
1762346815226 0.734674334526062 4799
1762346890550 0.7306259274482727 5099
1762346965335 0.7364081144332886 5399
1762347040339 0.7436710000038147 5699
1762347115717 0.7227349877357483 5999
1762347190872 0.731440544128418 6299
1762347265900 0.7281388640403748 6599
1762347341015 0.7230261564254761 6899
1762347416042 0.7173677086830139 7199
1762347491520 0.7204563617706299 7499
1762347566991 0.7290687561035156 7799
1762347642146 0.7276915311813354 8099
1762347717563 0.7168115973472595 8399
1762347792698 0.7270898222923279 8699
1762347868524 0.7211917638778687 8999
1762347944036 0.7164928317070007 9299
1762348019303 0.7195597887039185 9599
1762348094517 0.719871997833252 9899
1762348169959 0.707667887210846 10199
1762348245646 0.7157183289527893 10499
1762348320938 0.7130721807479858 10799
1762348396406 0.7120802998542786 11099
1762348471955 0.7110973596572876 11399
1762348547557 0.71254962682724 11699
1762348623307 0.7140860557556152 11999
1762348698602 0.6607917547225952 12299
1762348773679 0.6594239473342896 12599
1762348848877 0.6559807062149048 12899
1762348924605 0.6548793911933899 13199
1762349000362 0.6575664281845093 13499
1762349075757 0.6552911996841431 13799
1762349151131 0.6570079326629639 14099
1762349226161 0.658295214176178 14399
1762349302048 0.6560163497924805 14699
1762349377640 0.6591728925704956 14999
1762349452934 0.6597540378570557 15299
1762349528421 0.6585512757301331 15599
1762349603555 0.6596548557281494 15899
1762349686479 0.6590576171875 16199
1762349771598 0.6593159437179565 16499
1762349855291 0.662291407585144 16799
1762349948463 0.655309796333313 17099
1762350031001 0.6565662026405334 17399
1762350118360 0.6557769775390625 17699
1762350224061 0.6522876620292664 17999
1762350325220 0.6429881453514099 18299
1762350430171 0.6409030556678772 18599
1762350524901 0.6405574679374695 18899
1762350603087 0.641244649887085 19199
1762350687215 0.6416098475456238 19499
1762350785234 0.6417525410652161 19799
1762350863662 0.6417381763458252 20099
