1762345677408 12.46628475189209 299
1762345752287 6.780395984649658 599
1762345826596 6.290945053100586 899
1762345902811 6.15756893157959 1199
1762345979736 6.020497798919678 1499
1762346059961 6.002359867095947 1799
1762346136063 5.877477645874023 2099
1762346212076 5.970893383026123 2399
1762346288321 5.831515789031982 2699
1762346364516 5.815701961517334 2999
1762346440117 5.824263095855713 3299
1762346515116 5.786919593811035 3599
1762346589881 5.8065290451049805 3899
1762346664639 5.861983776092529 4199
1762346739765 5.823098182678223 4499
1762346815226 5.788771152496338 4799
1762346890550 5.693424701690674 5099
1762346965335 5.716761112213135 5399
1762347040339 5.75119686126709 5699
1762347115717 5.629243850708008 5999
1762347190872 5.691265106201172 6299
1762347265900 5.685173988342285 6599
1762347341015 5.598523139953613 6899
1762347416042 5.650471210479736 7199
1762347491520 5.656380653381348 7499
1762347566991 5.648089408874512 7799
1762347642146 5.685711860656738 8099
1762347717563 5.629317283630371 8399
1762347792698 5.678971290588379 8699
1762347868524 5.716796875 8999
1762347944036 5.631952285766602 9299
1762348019303 5.640732765197754 9599
1762348094517 5.615556240081787 9899
1762348169959 5.643472194671631 10199
1762348245646 5.632106304168701 10499
1762348320938 5.60488224029541 10799
1762348396406 5.535646915435791 11099
1762348471955 5.632689952850342 11399
1762348547557 5.677880764007568 11699
1762348623307 5.541370868682861 11999
1762348698602 5.365481853485107 12299
1762348773679 5.408096790313721 12599
1762348848877 5.377230644226074 12899
1762348924605 5.32557487487793 13199
1762349000362 5.332554340362549 13499
1762349075757 5.312281131744385 13799
1762349151131 5.351898193359375 14099
1762349226161 5.345333576202393 14399
1762349302048 5.338039398193359 14699
1762349377640 5.354924201965332 14999
1762349452934 5.365299701690674 15299
1762349528421 5.363681793212891 15599
1762349603555 5.364152431488037 15899
1762349686479 5.3911590576171875 16199
1762349771598 5.4373650550842285 16499
1762349855291 5.3717451095581055 16799
1762349948463 5.41254186630249 17099
1762350031001 5.3526611328125 17399
1762350118360 5.350916385650635 17699
1762350224061 5.29522180557251 17999
1762350325220 5.33821964263916 18299
1762350430171 5.270198345184326 18599
1762350524901 5.29820442199707 18899
1762350603087 5.273520469665527 19199
1762350687215 5.254621505737305 19499
1762350785234 5.299435138702393 19799
1762350863662 5.283356189727783 20099
