1762345677408 17.891756057739258 299
1762345752287 14.386617660522461 599
1762345826596 13.608807563781738 899
1762345902811 13.444167137145996 1199
1762345979736 13.231911659240723 1499
1762346059961 13.193063735961914 1799
1762346136063 12.963383674621582 2099
1762346212076 13.01562786102295 2399
1762346288321 12.922503471374512 2699
1762346364516 12.745311737060547 2999
1762346440117 12.823473930358887 3299
1762346515116 12.727043151855469 3599
1762346589881 12.656706809997559 3899
1762346664639 12.838384628295898 4199
1762346739765 12.563506126403809 4499
1762346815226 12.587944030761719 4799
1762346890550 12.419272422790527 5099
1762346965335 12.37183666229248 5399
1762347040339 12.35153865814209 5699
1762347115717 12.124940872192383 5999
1762347190872 12.212726593017578 6299
1762347265900 12.145231246948242 6599
1762347341015 12.050080299377441 6899
1762347416042 12.086628913879395 7199
1762347491520 12.046700477600098 7499
1762347566991 12.055604934692383 7799
1762347642146 12.074249267578125 8099
1762347717563 11.982674598693848 8399
1762347792698 11.974387168884277 8699
1762347868524 11.99773120880127 8999
1762347944036 11.950565338134766 9299
1762348019303 11.858591079711914 9599
1762348094517 11.793389320373535 9899
1762348169959 11.886534690856934 10199
1762348245646 11.89661693572998 10499
1762348320938 11.726994514465332 10799
1762348396406 11.600050926208496 11099
1762348471955 11.758373260498047 11399
1762348547557 11.750551223754883 11699
1762348623307 11.466716766357422 11999
1762348698602 11.377622604370117 12299
1762348773679 11.411813735961914 12599
1762348848877 11.348556518554688 12899
1762348924605 11.201128959655762 13199
1762349000362 11.167835235595703 13499
1762349075757 11.163464546203613 13799
1762349151131 11.268135070800781 14099
1762349226161 11.152552604675293 14399
1762349302048 11.239472389221191 14699
1762349377640 11.147832870483398 14999
1762349452934 11.187679290771484 15299
1762349528421 11.165305137634277 15599
1762349603555 11.19275951385498 15899
1762349686479 11.15682315826416 16199
1762349771598 11.216036796569824 16499
1762349855291 11.080716133117676 16799
1762349948463 11.09870433807373 17099
1762350031001 11.058732032775879 17399
1762350118360 11.002936363220215 17699
1762350224061 10.914850234985352 17999
1762350325220 11.020910263061523 18299
1762350430171 10.819886207580566 18599
1762350524901 10.881333351135254 18899
1762350603087 10.824333190917969 19199
1762350687215 10.73656940460205 19499
1762350785234 10.839353561401367 19799
1762350863662 10.797377586364746 20099
