1762345677408 2.5646018981933594 299
1762345752287 2.223191022872925 599
1762345826596 2.1928956508636475 899
1762345902811 2.178964614868164 1199
1762345979736 2.1453256607055664 1499
1762346059961 2.144697427749634 1799
1762346136063 2.142277956008911 2099
1762346212076 2.128673553466797 2399
1762346288321 2.113881826400757 2699
1762346364516 2.111686944961548 2999
1762346440117 2.111473798751831 3299
1762346515116 2.083287239074707 3599
1762346589881 2.080185651779175 3899
1762346664639 2.070685625076294 4199
1762346739765 2.057689905166626 4499
1762346815226 2.0293235778808594 4799
1762346890550 2.0171427726745605 5099
1762346965335 2.0070793628692627 5399
1762347040339 2.0229737758636475 5699
1762347115717 1.9943488836288452 5999
1762347190872 1.9913887977600098 6299
1762347265900 1.9862202405929565 6599
1762347341015 1.9881590604782104 6899
1762347416042 1.972226858139038 7199
1762347491520 1.9705722332000732 7499
1762347566991 1.977906584739685 7799
1762347642146 1.9636036157608032 8099
1762347717563 1.9414474964141846 8399
1762347792698 1.9620357751846313 8699
1762347868524 1.9397456645965576 8999
1762347944036 1.9347498416900635 9299
1762348019303 1.9396358728408813 9599
1762348094517 1.9173256158828735 9899
1762348169959 1.9087650775909424 10199
1762348245646 1.8935238122940063 10499
1762348320938 1.8966560363769531 10799
1762348396406 1.9033173322677612 11099
1762348471955 1.8842381238937378 11399
1762348547557 1.8877506256103516 11699
1762348623307 1.8816348314285278 11999
1762348698602 1.8370716571807861 12299
1762348773679 1.8259913921356201 12599
1762348848877 1.8266539573669434 12899
1762348924605 1.8074668645858765 13199
1762349000362 1.8173352479934692 13499
1762349075757 1.804768681526184 13799
1762349151131 1.8143318891525269 14099
1762349226161 1.7894028425216675 14399
1762349302048 1.8058151006698608 14699
1762349377640 1.7990128993988037 14999
1762349452934 1.7937750816345215 15299
1762349528421 1.7811334133148193 15599
1762349603555 1.793254017829895 15899
1762349686479 1.7756117582321167 16199
1762349771598 1.7800246477127075 16499
1762349855291 1.7777217626571655 16799
1762349948463 1.7592018842697144 17099
1762350031001 1.7637783288955688 17399
1762350118360 1.7595603466033936 17699
1762350224061 1.7532724142074585 17999
1762350325220 1.7344251871109009 18299
1762350430171 1.7385473251342773 18599
1762350524901 1.7358375787734985 18899
1762350603087 1.7230448722839355 19199
1762350687215 1.7345854043960571 19499
1762350785234 1.7257848978042603 19799
1762350863662 1.7092927694320679 20099
