1762345677408 8.477351188659668 299
1762345752287 5.3818745613098145 599
1762345826596 5.080963611602783 899
1762345902811 4.956851482391357 1199
1762345979736 4.769418239593506 1499
1762346059961 4.7302961349487305 1799
1762346136063 4.688513278961182 2099
1762346212076 4.678252696990967 2399
1762346288321 4.578442573547363 2699
1762346364516 4.547754287719727 2999
1762346440117 4.5677971839904785 3299
1762346515116 4.445970058441162 3599
1762346589881 4.391067981719971 3899
1762346664639 4.430745601654053 4199
1762346739765 4.37939453125 4499
1762346815226 4.303130626678467 4799
1762346890550 4.235851764678955 5099
1762346965335 4.24921989440918 5399
1762347040339 4.246572971343994 5699
1762347115717 4.156960964202881 5999
1762347190872 4.131061553955078 6299
1762347265900 4.1136579513549805 6599
1762347341015 4.081716537475586 6899
1762347416042 4.077043056488037 7199
1762347491520 4.023766040802002 7499
1762347566991 4.062910079956055 7799
1762347642146 4.057524681091309 8099
1762347717563 3.969632863998413 8399
1762347792698 4.035825729370117 8699
1762347868524 3.9684321880340576 8999
1762347944036 3.943530321121216 9299
1762348019303 3.938509702682495 9599
1762348094517 3.883329153060913 9899
1762348169959 3.8520944118499756 10199
1762348245646 3.8389666080474854 10499
1762348320938 3.8217923641204834 10799
1762348396406 3.7851107120513916 11099
1762348471955 3.8137400150299072 11399
1762348547557 3.7760210037231445 11699
1762348623307 3.7275519371032715 11999
1762348698602 3.571115255355835 12299
1762348773679 3.553286552429199 12599
1762348848877 3.5541317462921143 12899
1762348924605 3.5010366439819336 13199
1762349000362 3.5074729919433594 13499
1762349075757 3.4963395595550537 13799
1762349151131 3.5173094272613525 14099
1762349226161 3.4690158367156982 14399
1762349302048 3.4925377368927 14699
1762349377640 3.4683587551116943 14999
1762349452934 3.480257987976074 15299
1762349528421 3.4684081077575684 15599
1762349603555 3.4632039070129395 15899
1762349686479 3.4061222076416016 16199
1762349771598 3.4160053730010986 16499
1762349855291 3.3823184967041016 16799
1762349948463 3.352748155593872 17099
1762350031001 3.376680850982666 17399
1762350118360 3.3520631790161133 17699
1762350224061 3.337547779083252 17999
1762350325220 3.2810802459716797 18299
1762350430171 3.264404773712158 18599
1762350524901 3.2524938583374023 18899
1762350603087 3.254239559173584 19199
1762350687215 3.2496209144592285 19499
1762350785234 3.234957218170166 19799
1762350863662 3.239438056945801 20099
