1762345677408 19.57109260559082 299
1762345752287 16.62840461730957 599
1762345826596 15.74193286895752 899
1762345902811 15.68027114868164 1199
1762345979736 15.446229934692383 1499
1762346059961 15.41812515258789 1799
1762346136063 15.173888206481934 2099
1762346212076 15.17483139038086 2399
1762346288321 15.130857467651367 2699
1762346364516 14.901565551757812 2999
1762346440117 15.059860229492188 3299
1762346515116 14.911999702453613 3599
1762346589881 14.764259338378906 3899
1762346664639 14.980613708496094 4199
1762346739765 14.638572692871094 4499
1762346815226 14.685521125793457 4799
1762346890550 14.485357284545898 5099
1762346965335 14.45305347442627 5399
1762347040339 14.371576309204102 5699
1762347115717 14.159379005432129 5999
1762347190872 14.210515022277832 6299
1762347265900 14.11561107635498 6599
1762347341015 13.990950584411621 6899
1762347416042 14.085665702819824 7199
1762347491520 14.02068042755127 7499
1762347566991 14.020586967468262 7799
1762347642146 14.011676788330078 8099
1762347717563 13.911666870117188 8399
1762347792698 13.893351554870605 8699
1762347868524 13.926469802856445 8999
1762347944036 13.883685111999512 9299
1762348019303 13.735224723815918 9599
1762348094517 13.642248153686523 9899
1762348169959 13.760529518127441 10199
1762348245646 13.791390419006348 10499
1762348320938 13.582404136657715 10799
1762348396406 13.42605209350586 11099
1762348471955 13.57530403137207 11399
1762348547557 13.567777633666992 11699
1762348623307 13.193772315979004 11999
1762348698602 13.15558910369873 12299
1762348773679 13.148889541625977 12599
1762348848877 13.103509902954102 12899
1762348924605 12.952380180358887 13199
1762349000362 12.835644721984863 13499
1762349075757 12.842949867248535 13799
1762349151131 12.97235107421875 14099
1762349226161 12.830501556396484 14399
1762349302048 12.975732803344727 14699
1762349377640 12.838083267211914 14999
1762349452934 12.864313125610352 15299
1762349528421 12.82105541229248 15599
1762349603555 12.862792015075684 15899
1762349686479 12.764248847961426 16199
1762349771598 12.847987174987793 16499
1762349855291 12.689897537231445 16799
1762349948463 12.702993392944336 17099
1762350031001 12.661942481994629 17399
1762350118360 12.598176956176758 17699
1762350224061 12.497489929199219 17999
1762350325220 12.593282699584961 18299
1762350430171 12.322094917297363 18599
1762350524901 12.416696548461914 18899
1762350603087 12.326249122619629 19199
1762350687215 12.190102577209473 19499
1762350785234 12.341235160827637 19799
1762350863662 12.294769287109375 20099
