1762345677408 19.857223510742188 299
1762345752287 14.715657234191895 599
1762345826596 13.898780822753906 899
1762345902811 13.471435546875 1199
1762345979736 13.190826416015625 1499
1762346059961 13.051105499267578 1799
1762346136063 12.762248992919922 2099
1762346212076 12.911059379577637 2399
1762346288321 12.743778228759766 2699
1762346364516 12.563636779785156 2999
1762346440117 12.611405372619629 3299
1762346515116 12.474594116210938 3599
1762346589881 12.504359245300293 3899
1762346664639 12.70533561706543 4199
1762346739765 12.432426452636719 4499
1762346815226 12.407120704650879 4799
1762346890550 12.309067726135254 5099
1762346965335 12.146830558776855 5399
1762347040339 12.275884628295898 5699
1762347115717 11.955188751220703 5999
1762347190872 12.118599891662598 6299
1762347265900 12.020679473876953 6599
1762347341015 11.980605125427246 6899
1762347416042 11.937643051147461 7199
1762347491520 11.964376449584961 7499
1762347566991 11.979593276977539 7799
1762347642146 11.99793529510498 8099
1762347717563 11.867490768432617 8399
1762347792698 11.906129837036133 8699
1762347868524 11.966044425964355 8999
1762347944036 11.89179515838623 9299
1762348019303 11.837417602539062 9599
1762348094517 11.75124454498291 9899
1762348169959 11.834894180297852 10199
1762348245646 11.849428176879883 10499
1762348320938 11.74199104309082 10799
1762348396406 11.59176254272461 11099
1762348471955 11.792025566101074 11399
1762348547557 11.806938171386719 11699
1762348623307 11.530535697937012 11999
1762348698602 11.399045944213867 12299
1762348773679 11.501412391662598 12599
1762348848877 11.403430938720703 12899
1762348924605 11.25700855255127 13199
1762349000362 11.318041801452637 13499
1762349075757 11.253962516784668 13799
1762349151131 11.35720157623291 14099
1762349226161 11.225264549255371 14399
1762349302048 11.262662887573242 14699
1762349377640 11.230443000793457 14999
1762349452934 11.292850494384766 15299
1762349528421 11.263249397277832 15599
1762349603555 11.294858932495117 15899
1762349686479 11.384536743164062 16199
1762349771598 11.356078147888184 16499
1762349855291 11.250935554504395 16799
1762349948463 11.298996925354004 17099
1762350031001 11.220805168151855 17399
1762350118360 11.207387924194336 17699
1762350224061 11.09249496459961 17999
1762350325220 11.244549751281738 18299
1762350430171 11.076602935791016 18599
1762350524901 11.114587783813477 18899
1762350603087 11.108522415161133 19199
1762350687215 11.000384330749512 19499
1762350785234 11.103692054748535 19799
1762350863662 11.062176704406738 20099
