1762345677408 2.1674673557281494 299
1762345752287 1.9372093677520752 599
1762345826596 1.8943355083465576 899
1762345902811 1.88419508934021 1199
1762345979736 1.8589980602264404 1499
1762346059961 1.8597747087478638 1799
1762346136063 1.8501769304275513 2099
1762346212076 1.8411567211151123 2399
1762346288321 1.8362442255020142 2699
1762346364516 1.8261990547180176 2999
1762346440117 1.8320788145065308 3299
1762346515116 1.8099281787872314 3599
1762346589881 1.8032922744750977 3899
1762346664639 1.8016372919082642 4199
1762346739765 1.7944738864898682 4499
1762346815226 1.771278977394104 4799
1762346890550 1.7601089477539062 5099
1762346965335 1.7566382884979248 5399
1762347040339 1.7660229206085205 5699
1762347115717 1.7409753799438477 5999
1762347190872 1.7377744913101196 6299
1762347265900 1.7348541021347046 6599
1762347341015 1.7326041460037231 6899
1762347416042 1.7220020294189453 7199
1762347491520 1.7142759561538696 7499
1762347566991 1.7251207828521729 7799
1762347642146 1.7168924808502197 8099
1762347717563 1.6967989206314087 8399
1762347792698 1.711134910583496 8699
1762347868524 1.6938010454177856 8999
1762347944036 1.6934975385665894 9299
1762348019303 1.693480372428894 9599
1762348094517 1.6811983585357666 9899
1762348169959 1.6721843481063843 10199
1762348245646 1.6616625785827637 10499
1762348320938 1.660446286201477 10799
1762348396406 1.6602379083633423 11099
1762348471955 1.654566764831543 11399
1762348547557 1.6519744396209717 11699
1762348623307 1.6454271078109741 11999
1762348698602 1.6183569431304932 12299
1762348773679 1.6091949939727783 12599
1762348848877 1.6088497638702393 12899
1762348924605 1.5939191579818726 13199
1762349000362 1.597456932067871 13499
1762349075757 1.5896377563476562 13799
1762349151131 1.5998151302337646 14099
1762349226161 1.5783571004867554 14399
1762349302048 1.5954680442810059 14699
1762349377640 1.589210033416748 14999
1762349452934 1.585529088973999 15299
1762349528421 1.5738804340362549 15599
1762349603555 1.5836666822433472 15899
1762349686479 1.571071982383728 16199
1762349771598 1.572412371635437 16499
1762349855291 1.5701985359191895 16799
1762349948463 1.5553094148635864 17099
1762350031001 1.5618690252304077 17399
1762350118360 1.5573315620422363 17699
1762350224061 1.555085301399231 17999
1762350325220 1.5367616415023804 18299
1762350430171 1.5408827066421509 18599
1762350524901 1.5370090007781982 18899
1762350603087 1.5288177728652954 19199
1762350687215 1.5328915119171143 19499
1762350785234 1.534908413887024 19799
1762350863662 1.5204700231552124 20099
