1762345677408 1.1276087760925293 299
1762345752287 0.6363333463668823 599
1762345826596 0.5907758474349976 899
1762345902811 0.5678259134292603 1199
1762345979736 0.5525181293487549 1499
1762346059961 0.5401123762130737 1799
1762346136063 0.5359991192817688 2099
1762346212076 0.5465720295906067 2399
1762346288321 0.5246809124946594 2699
1762346364516 0.5302800536155701 2999
1762346440117 0.5261610746383667 3299
1762346515116 0.5155323147773743 3599
1762346589881 0.5251253843307495 3899
1762346664639 0.5127848386764526 4199
1762346739765 0.518522322177887 4499
1762346815226 0.5054857134819031 4799
1762346890550 0.5030390024185181 5099
1762346965335 0.5063683390617371 5399
1762347040339 0.5108146071434021 5699
1762347115717 0.497208833694458 5999
1762347190872 0.5028234124183655 6299
1762347265900 0.5008718371391296 6599
1762347341015 0.4968307316303253 6899
1762347416042 0.4938906133174896 7199
1762347491520 0.49538692831993103 7499
1762347566991 0.5009872913360596 7799
1762347642146 0.5002422332763672 8099
1762347717563 0.4926193952560425 8399
1762347792698 0.49989622831344604 8699
1762347868524 0.49551287293434143 8999
1762347944036 0.49189111590385437 9299
1762348019303 0.4943610429763794 9599
1762348094517 0.49417516589164734 9899
1762348169959 0.48621225357055664 10199
1762348245646 0.490985244512558 10499
1762348320938 0.489981085062027 10799
1762348396406 0.4888698160648346 11099
1762348471955 0.48790061473846436 11399
1762348547557 0.48938998579978943 11699
1762348623307 0.49052077531814575 11999
1762348698602 0.4547894597053528 12299
1762348773679 0.45410943031311035 12599
1762348848877 0.4517472982406616 12899
1762348924605 0.4508097171783447 13199
1762349000362 0.45252448320388794 13499
1762349075757 0.45123910903930664 13799
1762349151131 0.45241817831993103 14099
1762349226161 0.4532937705516815 14399
1762349302048 0.45184126496315 14699
1762349377640 0.4541251063346863 14999
1762349452934 0.45445096492767334 15299
1762349528421 0.4534144103527069 15599
1762349603555 0.45401376485824585 15899
1762349686479 0.4534761309623718 16199
1762349771598 0.45384329557418823 16499
1762349855291 0.45605310797691345 16799
1762349948463 0.4511607587337494 17099
1762350031001 0.45231887698173523 17399
1762350118360 0.4514602720737457 17699
1762350224061 0.4491962194442749 17999
1762350325220 0.44314128160476685 18299
1762350430171 0.4418105483055115 18599
1762350524901 0.4413767457008362 18899
1762350603087 0.4416697323322296 19199
1762350687215 0.4422318935394287 19499
1762350785234 0.4421878159046173 19799
1762350863662 0.4421815574169159 20099
