1762345677408 1.7528373003005981 299
1762345752287 1.442113995552063 599
1762345826596 1.4131251573562622 899
1762345902811 1.397528886795044 1199
1762345979736 1.362639307975769 1499
1762346059961 1.3549315929412842 1799
1762346136063 1.3550101518630981 2099
1762346212076 1.3568917512893677 2399
1762346288321 1.3344014883041382 2699
1762346364516 1.335248351097107 2999
1762346440117 1.338005781173706 3299
1762346515116 1.3108640909194946 3599
1762346589881 1.2978001832962036 3899
1762346664639 1.3046375513076782 4199
1762346739765 1.2988002300262451 4499
1762346815226 1.2832615375518799 4799
1762346890550 1.2689361572265625 5099
1762346965335 1.2749171257019043 5399
1762347040339 1.2715446949005127 5699
1762347115717 1.2556209564208984 5999
1762347190872 1.2475656270980835 6299
1762347265900 1.2481029033660889 6599
1762347341015 1.2451188564300537 6899
1762347416042 1.249484896659851 7199
1762347491520 1.2333041429519653 7499
1762347566991 1.2325382232666016 7799
1762347642146 1.2354068756103516 8099
1762347717563 1.2146563529968262 8399
1762347792698 1.2335084676742554 8699
1762347868524 1.2193002700805664 8999
1762347944036 1.2111008167266846 9299
1762348019303 1.2169088125228882 9599
1762348094517 1.198428750038147 9899
1762348169959 1.1953455209732056 10199
1762348245646 1.1919692754745483 10499
1762348320938 1.1891783475875854 10799
1762348396406 1.1860692501068115 11099
1762348471955 1.182584285736084 11399
1762348547557 1.1780771017074585 11699
1762348623307 1.1706509590148926 11999
1762348698602 1.1372238397598267 12299
1762348773679 1.130203127861023 12599
1762348848877 1.1320019960403442 12899
1762348924605 1.1254924535751343 13199
1762349000362 1.1219812631607056 13499
1762349075757 1.1238923072814941 13799
1762349151131 1.1251882314682007 14099
1762349226161 1.1172254085540771 14399
1762349302048 1.119591236114502 14699
1762349377640 1.1098097562789917 14999
1762349452934 1.1130138635635376 15299
1762349528421 1.1151400804519653 15599
1762349603555 1.1111496686935425 15899
1762349686479 1.0996702909469604 16199
1762349771598 1.1028929948806763 16499
1762349855291 1.0938189029693604 16799
1762349948463 1.0895878076553345 17099
1762350031001 1.0936695337295532 17399
1762350118360 1.0917208194732666 17699
1762350224061 1.0848758220672607 17999
1762350325220 1.0731240510940552 18299
1762350430171 1.0743799209594727 18599
1762350524901 1.070283055305481 18899
1762350603087 1.0726758241653442 19199
1762350687215 1.0699958801269531 19499
1762350785234 1.0640544891357422 19799
1762350863662 1.0666874647140503 20099
