1762345677408 2.4153661727905273 299
1762345752287 1.9292967319488525 599
1762345826596 1.8582115173339844 899
1762345902811 1.8247489929199219 1199
1762345979736 1.783564567565918 1499
1762346059961 1.7682530879974365 1799
1762346136063 1.7497227191925049 2099
1762346212076 1.7478251457214355 2399
1762346288321 1.7209384441375732 2699
1762346364516 1.7140694856643677 2999
1762346440117 1.715220332145691 3299
1762346515116 1.697216510772705 3599
1762346589881 1.6733447313308716 3899
1762346664639 1.683393955230713 4199
1762346739765 1.6724179983139038 4499
1762346815226 1.6615813970565796 4799
1762346890550 1.6457971334457397 5099
1762346965335 1.6517215967178345 5399
1762347040339 1.6418302059173584 5699
1762347115717 1.6289095878601074 5999
1762347190872 1.6244165897369385 6299
1762347265900 1.6160234212875366 6599
1762347341015 1.6090586185455322 6899
1762347416042 1.6057724952697754 7199
1762347491520 1.6014012098312378 7499
1762347566991 1.6048365831375122 7799
1762347642146 1.6060227155685425 8099
1762347717563 1.5885062217712402 8399
1762347792698 1.600476861000061 8699
1762347868524 1.588178038597107 8999
1762347944036 1.5789337158203125 9299
1762348019303 1.5808309316635132 9599
1762348094517 1.5613893270492554 9899
1762348169959 1.5624932050704956 10199
1762348245646 1.5562310218811035 10499
1762348320938 1.5559206008911133 10799
1762348396406 1.5447490215301514 11099
1762348471955 1.5521340370178223 11399
1762348547557 1.544329285621643 11699
1762348623307 1.5297538042068481 11999
1762348698602 1.48833167552948 12299
1762348773679 1.4879822731018066 12599
1762348848877 1.4843634366989136 12899
1762348924605 1.475064992904663 13199
1762349000362 1.4747146368026733 13499
1762349075757 1.4766510725021362 13799
1762349151131 1.4739843606948853 14099
1762349226161 1.4758648872375488 14399
1762349302048 1.4743995666503906 14699
1762349377640 1.4659271240234375 14999
1762349452934 1.4717284440994263 15299
1762349528421 1.4736744165420532 15599
1762349603555 1.468034029006958 15899
1762349686479 1.4520103931427002 16199
1762349771598 1.4573266506195068 16499
1762349855291 1.4495394229888916 16799
1762349948463 1.4446589946746826 17099
1762350031001 1.4456837177276611 17399
1762350118360 1.444441556930542 17699
1762350224061 1.4384703636169434 17999
1762350325220 1.4280011653900146 18299
1762350430171 1.4174613952636719 18599
1762350524901 1.4215856790542603 18899
1762350603087 1.4176675081253052 19199
1762350687215 1.4166618585586548 19499
1762350785234 1.409747838973999 19799
1762350863662 1.4203519821166992 20099
