1762345677408 1.6487103700637817 299
1762345752287 1.2732429504394531 599
1762345826596 1.233818531036377 899
1762345902811 1.2145575284957886 1199
1762345979736 1.1841356754302979 1499
1762346059961 1.1733038425445557 1799
1762346136063 1.1694064140319824 2099
1762346212076 1.1659945249557495 2399
1762346288321 1.1464489698410034 2699
1762346364516 1.1472880840301514 2999
1762346440117 1.1459928750991821 3299
1762346515116 1.1279168128967285 3599
1762346589881 1.121366262435913 3899
1762346664639 1.1200815439224243 4199
1762346739765 1.1164789199829102 4499
1762346815226 1.1040140390396118 4799
1762346890550 1.0935674905776978 5099
1762346965335 1.0948891639709473 5399
1762347040339 1.0942946672439575 5699
1762347115717 1.0826441049575806 5999
1762347190872 1.0792847871780396 6299
1762347265900 1.076279878616333 6599
1762347341015 1.0745298862457275 6899
1762347416042 1.0691685676574707 7199
1762347491520 1.0652767419815063 7499
1762347566991 1.0675898790359497 7799
1762347642146 1.066938042640686 8099
1762347717563 1.0522186756134033 8399
1762347792698 1.0645118951797485 8699
1762347868524 1.0538246631622314 8999
1762347944036 1.0486900806427002 9299
1762348019303 1.050561785697937 9599
1762348094517 1.0401744842529297 9899
1762348169959 1.0353916883468628 10199
1762348245646 1.0322115421295166 10499
1762348320938 1.031389832496643 10799
1762348396406 1.0287290811538696 11099
1762348471955 1.0276196002960205 11399
1762348547557 1.0245673656463623 11699
1762348623307 1.0189425945281982 11999
1762348698602 0.9851641058921814 12299
1762348773679 0.9822191596031189 12599
1762348848877 0.9822874069213867 12899
1762348924605 0.9753800630569458 13199
1762349000362 0.9764164090156555 13499
1762349075757 0.9746870398521423 13799
1762349151131 0.9759147763252258 14099
1762349226161 0.9708435535430908 14399
1762349302048 0.9741125702857971 14699
1762349377640 0.9687888026237488 14999
1762349452934 0.9717244505882263 15299
1762349528421 0.970767080783844 15599
1762349603555 0.9694084525108337 15899
1762349686479 0.9615394473075867 16199
1762349771598 0.9628021121025085 16499
1762349855291 0.9589986801147461 16799
1762349948463 0.9527360200881958 17099
1762350031001 0.956612765789032 17399
1762350118360 0.9542899131774902 17699
1762350224061 0.9499168992042542 17999
1762350325220 0.94057697057724 18299
1762350430171 0.937364935874939 18599
1762350524901 0.9367549419403076 18899
1762350603087 0.9363245368003845 19199
1762350687215 0.9371687769889832 19499
1762350785234 0.9322154521942139 19799
1762350863662 0.933081328868866 20099
