1762345677408 17.313030242919922 299
1762345752287 11.462801933288574 599
1762345826596 10.777750015258789 899
1762345902811 10.421640396118164 1199
1762345979736 10.24368953704834 1499
1762346059961 10.158907890319824 1799
1762346136063 10.000157356262207 2099
1762346212076 10.077953338623047 2399
1762346288321 9.933591842651367 2699
1762346364516 9.8119478225708 2999
1762346440117 9.834863662719727 3299
1762346515116 9.778135299682617 3599
1762346589881 9.80495548248291 3899
1762346664639 9.932293891906738 4199
1762346739765 9.790850639343262 4499
1762346815226 9.760551452636719 4799
1762346890550 9.612707138061523 5099
1762346965335 9.596436500549316 5399
1762347040339 9.699399948120117 5699
1762347115717 9.448015213012695 5999
1762347190872 9.579113006591797 6299
1762347265900 9.535876274108887 6599
1762347341015 9.484524726867676 6899
1762347416042 9.497712135314941 7199
1762347491520 9.456278800964355 7499
1762347566991 9.490534782409668 7799
1762347642146 9.515730857849121 8099
1762347717563 9.421497344970703 8399
1762347792698 9.487447738647461 8699
1762347868524 9.55605697631836 8999
1762347944036 9.419266700744629 9299
1762348019303 9.450236320495605 9599
1762348094517 9.371055603027344 9899
1762348169959 9.421220779418945 10199
1762348245646 9.414740562438965 10499
1762348320938 9.37015438079834 10799
1762348396406 9.252994537353516 11099
1762348471955 9.385231018066406 11399
1762348547557 9.433065414428711 11699
1762348623307 9.244853019714355 11999
1762348698602 9.080419540405273 12299
1762348773679 9.162129402160645 12599
1762348848877 9.106473922729492 12899
1762348924605 8.967185974121094 13199
1762349000362 9.02783489227295 13499
1762349075757 8.981657981872559 13799
1762349151131 9.049579620361328 14099
1762349226161 8.998604774475098 14399
1762349302048 9.001211166381836 14699
1762349377640 9.046127319335938 14999
1762349452934 9.067835807800293 15299
1762349528421 9.054492950439453 15599
1762349603555 9.052708625793457 15899
1762349686479 9.108448028564453 16199
1762349771598 9.146313667297363 16499
1762349855291 9.054375648498535 16799
1762349948463 9.100902557373047 17099
1762350031001 9.035776138305664 17399
1762350118360 9.008941650390625 17699
1762350224061 8.944068908691406 17999
1762350325220 9.06427001953125 18299
1762350430171 8.913455963134766 18599
1762350524901 8.979609489440918 18899
1762350603087 8.91836929321289 19199
1762350687215 8.861922264099121 19499
1762350785234 8.96436882019043 19799
1762350863662 8.900838851928711 20099
