1762345677408 21.251089096069336 299
1762345752287 17.044410705566406 599
1762345826596 16.18732452392578 899
1762345902811 15.999542236328125 1199
1762345979736 15.747822761535645 1499
1762346059961 15.691255569458008 1799
1762346136063 15.419425010681152 2099
1762346212076 15.466622352600098 2399
1762346288321 15.351261138916016 2699
1762346364516 15.134352684020996 2999
1762346440117 15.237860679626465 3299
1762346515116 15.10508918762207 3599
1762346589881 15.03460693359375 3899
1762346664639 15.247339248657227 4199
1762346739765 14.901992797851562 4499
1762346815226 14.931920051574707 4799
1762346890550 14.732771873474121 5099
1762346965335 14.669299125671387 5399
1762347040339 14.626407623291016 5699
1762347115717 14.359124183654785 5999
1762347190872 14.469508171081543 6299
1762347265900 14.382584571838379 6599
1762347341015 14.272309303283691 6899
1762347416042 14.311675071716309 7199
1762347491520 14.274456977844238 7499
1762347566991 14.272686004638672 7799
1762347642146 14.287654876708984 8099
1762347717563 14.169394493103027 8399
1762347792698 14.171607971191406 8699
1762347868524 14.197941780090332 8999
1762347944036 14.140998840332031 9299
1762348019303 14.022333145141602 9599
1762348094517 13.940729141235352 9899
1762348169959 14.06412410736084 10199
1762348245646 14.068476676940918 10499
1762348320938 13.855667114257812 10799
1762348396406 13.714130401611328 11099
1762348471955 13.903840065002441 11399
1762348547557 13.880104064941406 11699
1762348623307 13.550713539123535 11999
1762348698602 13.430290222167969 12299
1762348773679 13.456377029418945 12599
1762348848877 13.37462329864502 12899
1762348924605 13.217321395874023 13199
1762349000362 13.170114517211914 13499
1762349075757 13.152379989624023 13799
1762349151131 13.284442901611328 14099
1762349226161 13.133169174194336 14399
1762349302048 13.237372398376465 14699
1762349377640 13.127331733703613 14999
1762349452934 13.178800582885742 15299
1762349528421 13.145112037658691 15599
1762349603555 13.174727439880371 15899
1762349686479 13.134137153625488 16199
1762349771598 13.204133987426758 16499
1762349855291 13.045445442199707 16799
1762349948463 13.056973457336426 17099
1762350031001 13.007993698120117 17399
1762350118360 12.944119453430176 17699
1762350224061 12.830462455749512 17999
1762350325220 12.964715003967285 18299
1762350430171 12.721440315246582 18599
1762350524901 12.793140411376953 18899
1762350603087 12.717663764953613 19199
1762350687215 12.615246772766113 19499
1762350785234 12.738818168640137 19799
1762350863662 12.684389114379883 20099
