1762345677408 2.3154184818267822 299
1762345752287 1.8286762237548828 599
1762345826596 1.7616336345672607 899
1762345902811 1.7309322357177734 1199
1762345979736 1.6920362710952759 1499
1762346059961 1.6798548698425293 1799
1762346136063 1.6688463687896729 2099
1762346212076 1.6663148403167725 2399
1762346288321 1.6439971923828125 2699
1762346364516 1.6390808820724487 2999
1762346440117 1.6405038833618164 3299
1762346515116 1.618928074836731 3599
1762346589881 1.6088229417800903 3899
1762346664639 1.6105517148971558 4199
1762346739765 1.6030313968658447 4499
1762346815226 1.587016224861145 4799
1762346890550 1.574036717414856 5099
1762346965335 1.5770127773284912 5399
1762347040339 1.5750705003738403 5699
1762347115717 1.5581073760986328 5999
1762347190872 1.5543403625488281 6299
1762347265900 1.5493830442428589 6599
1762347341015 1.5449100732803345 6899
1762347416042 1.5408637523651123 7199
1762347491520 1.5330662727355957 7499
1762347566991 1.539591670036316 7799
1762347642146 1.5381581783294678 8099
1762347717563 1.5203278064727783 8399
1762347792698 1.5328824520111084 8699
1762347868524 1.5207493305206299 8999
1762347944036 1.5150765180587769 9299
1762348019303 1.5154398679733276 9599
1762348094517 1.502016305923462 9899
1762348169959 1.4962223768234253 10199
1762348245646 1.4928932189941406 10499
1762348320938 1.4918633699417114 10799
1762348396406 1.4848390817642212 11099
1762348471955 1.4874101877212524 11399
1762348547557 1.4823169708251953 11699
1762348623307 1.4728015661239624 11999
1762348698602 1.4338984489440918 12299
1762348773679 1.4305155277252197 12599
1762348848877 1.4284303188323975 12899
1762348924605 1.4195716381072998 13199
1762349000362 1.4204882383346558 13499
1762349075757 1.4186702966690063 13799
1762349151131 1.4213650226593018 14099
1762349226161 1.4136711359024048 14399
1762349302048 1.4189039468765259 14699
1762349377640 1.4123132228851318 14999
1762349452934 1.415297031402588 15299
1762349528421 1.4130100011825562 15599
1762349603555 1.4133150577545166 15899
1762349686479 1.402093768119812 16199
1762349771598 1.4033175706863403 16499
1762349855291 1.3978755474090576 16799
1762349948463 1.3909634351730347 17099
1762350031001 1.3955597877502441 17399
1762350118360 1.392042636871338 17699
1762350224061 1.3867641687393188 17999
1762350325220 1.3742598295211792 18299
1762350430171 1.3702094554901123 18599
1762350524901 1.3689950704574585 18899
1762350603087 1.3695956468582153 19199
1762350687215 1.3679454326629639 19499
1762350785234 1.3646430969238281 19799
1762350863662 1.365376591682434 20099
