1762345677408 19.637496948242188 299
1762345752287 17.347753524780273 599
1762345826596 16.61832618713379 899
1762345902811 16.64964485168457 1199
1762345979736 16.436683654785156 1499
1762346059961 16.563962936401367 1799
1762346136063 16.307294845581055 2099
1762346212076 16.238285064697266 2399
1762346288321 16.390050888061523 2699
1762346364516 16.037429809570312 2999
1762346440117 16.11139678955078 3299
1762346515116 16.086872100830078 3599
1762346589881 15.901924133300781 3899
1762346664639 16.1990966796875 4199
1762346739765 15.812111854553223 4499
1762346815226 15.931488990783691 4799
1762346890550 15.63338565826416 5099
1762346965335 15.62193489074707 5399
1762347040339 15.587485313415527 5699
1762347115717 15.275557518005371 5999
1762347190872 15.356584548950195 6299
1762347265900 15.260173797607422 6599
1762347341015 15.130499839782715 6899
1762347416042 15.19827651977539 7199
1762347491520 15.087172508239746 7499
1762347566991 15.136879920959473 7799
1762347642146 15.150006294250488 8099
1762347717563 15.032654762268066 8399
1762347792698 15.027087211608887 8699
1762347868524 15.047410011291504 8999
1762347944036 14.958189964294434 9299
1762348019303 14.888496398925781 9599
1762348094517 14.824641227722168 9899
1762348169959 14.916460990905762 10199
1762348245646 14.822163581848145 10499
1762348320938 14.592605590820312 10799
1762348396406 14.488358497619629 11099
1762348471955 14.72060775756836 11399
1762348547557 14.674758911132812 11699
1762348623307 14.347981452941895 11999
1762348698602 14.248435020446777 12299
1762348773679 14.206276893615723 12599
1762348848877 14.182674407958984 12899
1762348924605 13.996259689331055 13199
1762349000362 13.940237998962402 13499
1762349075757 13.971672058105469 13799
1762349151131 14.108118057250977 14099
1762349226161 13.939305305480957 14399
1762349302048 14.071027755737305 14699
1762349377640 14.031142234802246 14999
1762349452934 13.927003860473633 15299
1762349528421 13.867059707641602 15599
1762349603555 13.880912780761719 15899
1762349686479 13.929774284362793 16199
1762349771598 13.914081573486328 16499
1762349855291 13.757969856262207 16799
1762349948463 13.808306694030762 17099
1762350031001 13.710258483886719 17399
1762350118360 13.674728393554688 17699
1762350224061 13.56311321258545 17999
1762350325220 13.672350883483887 18299
1762350430171 13.433302879333496 18599
1762350524901 13.491080284118652 18899
1762350603087 13.372550964355469 19199
1762350687215 13.312414169311523 19499
1762350785234 13.485974311828613 19799
1762350863662 13.394644737243652 20099
