1762345677408 2.5527637004852295 299
1762345752287 2.1166439056396484 599
1762345826596 2.0749001502990723 899
1762345902811 2.05110764503479 1199
1762345979736 2.0007925033569336 1499
1762346059961 1.9894800186157227 1799
1762346136063 1.9886540174484253 2099
1762346212076 1.9923148155212402 2399
1762346288321 1.9599065780639648 2699
1762346364516 1.9608312845230103 2999
1762346440117 1.9636542797088623 3299
1762346515116 1.9271289110183716 3599
1762346589881 1.9069072008132935 3899
1762346664639 1.9157791137695312 4199
1762346739765 1.9090067148208618 4499
1762346815226 1.8868632316589355 4799
1762346890550 1.8647494316101074 5099
1762346965335 1.8732770681381226 5399
1762347040339 1.8682055473327637 5699
1762347115717 1.8455382585525513 5999
1762347190872 1.833626627922058 6299
1762347265900 1.8330419063568115 6599
1762347341015 1.8313261270523071 6899
1762347416042 1.8349777460098267 7199
1762347491520 1.8127491474151611 7499
1762347566991 1.814537763595581 7799
1762347642146 1.8177627325057983 8099
1762347717563 1.7836453914642334 8399
1762347792698 1.8130959272384644 8699
1762347868524 1.7923094034194946 8999
1762347944036 1.779441475868225 9299
1762348019303 1.789617896080017 9599
1762348094517 1.7620232105255127 9899
1762348169959 1.757191777229309 10199
1762348245646 1.7522825002670288 10499
1762348320938 1.7476249933242798 10799
1762348396406 1.7429227828979492 11099
1762348471955 1.7380081415176392 11399
1762348547557 1.7303944826126099 11699
1762348623307 1.7213637828826904 11999
1762348698602 1.6720795631408691 12299
1762348773679 1.6612544059753418 12599
1762348848877 1.6631137132644653 12899
1762348924605 1.6550061702728271 13199
1762349000362 1.6481260061264038 13499
1762349075757 1.6513115167617798 13799
1762349151131 1.6540473699569702 14099
1762349226161 1.6429214477539062 14399
1762349302048 1.6447981595993042 14699
1762349377640 1.6307097673416138 14999
1762349452934 1.6352391242980957 15299
1762349528421 1.6386504173278809 15599
1762349603555 1.633061408996582 15899
1762349686479 1.6172574758529663 16199
1762349771598 1.621243953704834 16499
1762349855291 1.6073471307754517 16799
1762349948463 1.5997519493103027 17099
1762350031001 1.6063302755355835 17399
1762350118360 1.6039916276931763 17699
1762350224061 1.5930577516555786 17999
1762350325220 1.5768781900405884 18299
1762350430171 1.5777013301849365 18599
1762350524901 1.5714374780654907 18899
1762350603087 1.5753284692764282 19199
1762350687215 1.5714983940124512 19499
1762350785234 1.563423752784729 19799
1762350863662 1.5669697523117065 20099
