1762345677408 2.52219295501709 299
1762345752287 1.9779709577560425 599
1762345826596 1.9133833646774292 899
1762345902811 1.88509202003479 1199
1762345979736 1.8343585729599 1499
1762346059961 1.817323088645935 1799
1762346136063 1.803154468536377 2099
1762346212076 1.796263337135315 2399
1762346288321 1.7645260095596313 2699
1762346364516 1.766706109046936 2999
1762346440117 1.7649438381195068 3299
1762346515116 1.7415297031402588 3599
1762346589881 1.7137686014175415 3899
1762346664639 1.7207435369491577 4199
1762346739765 1.7160749435424805 4499
1762346815226 1.701989769935608 4799
1762346890550 1.6824686527252197 5099
1762346965335 1.688997745513916 5399
1762347040339 1.6802356243133545 5699
1762347115717 1.6679103374481201 5999
1762347190872 1.6623135805130005 6299
1762347265900 1.6506701707839966 6599
1762347341015 1.6500780582427979 6899
1762347416042 1.640241265296936 7199
1762347491520 1.6421561241149902 7499
1762347566991 1.6393320560455322 7799
1762347642146 1.6392987966537476 8099
1762347717563 1.6184566020965576 8399
1762347792698 1.6376781463623047 8699
1762347868524 1.6204116344451904 8999
1762347944036 1.6104587316513062 9299
1762348019303 1.613924503326416 9599
1762348094517 1.5921224355697632 9899
1762348169959 1.5934395790100098 10199
1762348245646 1.5830731391906738 10499
1762348320938 1.5855551958084106 10799
1762348396406 1.5742552280426025 11099
1762348471955 1.5798014402389526 11399
1762348547557 1.571149468421936 11699
1762348623307 1.5594326257705688 11999
1762348698602 1.50624418258667 12299
1762348773679 1.505895972251892 12599
1762348848877 1.5045037269592285 12899
1762348924605 1.4934122562408447 13199
1762349000362 1.4904130697250366 13499
1762349075757 1.4907158613204956 13799
1762349151131 1.4893800020217896 14099
1762349226161 1.4936692714691162 14399
1762349302048 1.491976261138916 14699
1762349377640 1.4815431833267212 14999
1762349452934 1.487036943435669 15299
1762349528421 1.4914216995239258 15599
1762349603555 1.4846010208129883 15899
1762349686479 1.4656704664230347 16199
1762349771598 1.472929835319519 16499
1762349855291 1.4639047384262085 16799
1762349948463 1.4558236598968506 17099
1762350031001 1.4588487148284912 17399
1762350118360 1.4588977098464966 17699
1762350224061 1.451961874961853 17999
1762350325220 1.439437985420227 18299
1762350430171 1.4256515502929688 18599
1762350524901 1.4310035705566406 18899
1762350603087 1.424688696861267 19199
1762350687215 1.4244654178619385 19499
1762350785234 1.4165796041488647 19799
1762350863662 1.4274080991744995 20099
