1762345677408 22.11083221435547 299
1762345752287 18.088302612304688 599
1762345826596 17.10019302368164 899
1762345902811 16.853710174560547 1199
1762345979736 16.620014190673828 1499
1762346059961 16.48298454284668 1799
1762346136063 16.124216079711914 2099
1762346212076 16.256656646728516 2399
1762346288321 15.94626235961914 2699
1762346364516 15.799028396606445 2999
1762346440117 15.92128849029541 3299
1762346515116 15.76736068725586 3599
1762346589881 15.67880630493164 3899
1762346664639 15.93288516998291 4199
1762346739765 15.521812438964844 4499
1762346815226 15.563904762268066 4799
1762346890550 15.367238998413086 5099
1762346965335 15.29258918762207 5399
1762347040339 15.14902114868164 5699
1762347115717 14.947174072265625 5999
1762347190872 15.07036018371582 6299
1762347265900 15.034838676452637 6599
1762347341015 14.901880264282227 6899
1762347416042 14.891664505004883 7199
1762347491520 14.867085456848145 7499
1762347566991 14.833316802978516 7799
1762347642146 14.946477890014648 8099
1762347717563 14.80744743347168 8399
1762347792698 14.746671676635742 8699
1762347868524 14.727424621582031 8999
1762347944036 14.748174667358398 9299
1762348019303 14.591402053833008 9599
1762348094517 14.510355949401855 9899
1762348169959 14.676217079162598 10199
1762348245646 14.692572593688965 10499
1762348320938 14.437444686889648 10799
1762348396406 14.281065940856934 11099
1762348471955 14.45018196105957 11399
1762348547557 14.445454597473145 11699
1762348623307 14.067152976989746 11999
1762348698602 13.9801607131958 12299
1762348773679 14.070391654968262 12599
1762348848877 13.894027709960938 12899
1762348924605 13.72205924987793 13199
1762349000362 13.702656745910645 13499
1762349075757 13.679931640625 13799
1762349151131 13.803580284118652 14099
1762349226161 13.676040649414062 14399
1762349302048 13.766599655151367 14699
1762349377640 13.561692237854004 14999
1762349452934 13.710794448852539 15299
1762349528421 13.722317695617676 15599
1762349603555 13.736039161682129 15899
1762349686479 13.61370849609375 16199
1762349771598 13.747495651245117 16499
1762349855291 13.543418884277344 16799
1762349948463 13.547012329101562 17099
1762350031001 13.528555870056152 17399
1762350118360 13.435090065002441 17699
1762350224061 13.346125602722168 17999
1762350325220 13.471955299377441 18299
1762350430171 13.23031234741211 18599
1762350524901 13.319991111755371 18899
1762350603087 13.24138355255127 19199
1762350687215 13.121912956237793 19499
1762350785234 13.238306999206543 19799
1762350863662 13.164536476135254 20099
