1762345677408 14.722230911254883 299
1762345752287 9.92116641998291 599
1762345826596 9.345641136169434 899
1762345902811 9.062676429748535 1199
1762345979736 8.91481876373291 1499
1762346059961 8.851197242736816 1799
1762346136063 8.702743530273438 2099
1762346212076 8.778538703918457 2399
1762346288321 8.665544509887695 2699
1762346364516 8.564743041992188 2999
1762346440117 8.576489448547363 3299
1762346515116 8.534584999084473 3599
1762346589881 8.546168327331543 3899
1762346664639 8.663007736206055 4199
1762346739765 8.542570114135742 4499
1762346815226 8.522737503051758 4799
1762346890550 8.390992164611816 5099
1762346965335 8.375303268432617 5399
1762347040339 8.456905364990234 5699
1762347115717 8.246445655822754 5999
1762347190872 8.352723121643066 6299
1762347265900 8.314397811889648 6599
1762347341015 8.263736724853516 6899
1762347416042 8.287443161010742 7199
1762347491520 8.252952575683594 7499
1762347566991 8.278055191040039 7799
1762347642146 8.308221817016602 8099
1762347717563 8.219200134277344 8399
1762347792698 8.266825675964355 8699
1762347868524 8.324653625488281 8999
1762347944036 8.215606689453125 9299
1762348019303 8.232654571533203 9599
1762348094517 8.175704956054688 9899
1762348169959 8.212424278259277 10199
1762348245646 8.206469535827637 10499
1762348320938 8.161859512329102 10799
1762348396406 8.057043075561523 11099
1762348471955 8.174659729003906 11399
1762348547557 8.22127628326416 11699
1762348623307 8.049229621887207 11999
1762348698602 7.908604621887207 12299
1762348773679 7.9842329025268555 12599
1762348848877 7.939123630523682 12899
1762348924605 7.819178104400635 13199
1762349000362 7.865400314331055 13499
1762349075757 7.828160762786865 13799
1762349151131 7.888456344604492 14099
1762349226161 7.83745002746582 14399
1762349302048 7.846316814422607 14699
1762349377640 7.885882377624512 14999
1762349452934 7.897283554077148 15299
1762349528421 7.893278121948242 15599
1762349603555 7.887400150299072 15899
1762349686479 7.93919038772583 16199
1762349771598 7.966413974761963 16499
1762349855291 7.890148639678955 16799
1762349948463 7.920567035675049 17099
1762350031001 7.875361442565918 17399
1762350118360 7.846833229064941 17699
1762350224061 7.791778087615967 17999
1762350325220 7.891768932342529 18299
1762350430171 7.75883150100708 18599
1762350524901 7.823877334594727 18899
1762350603087 7.76757287979126 19199
1762350687215 7.727537631988525 19499
1762350785234 7.802163600921631 19799
1762350863662 7.759615421295166 20099
