1762345677408 2.1203691959381104 299
1762345752287 1.7501192092895508 599
1762345826596 1.6803005933761597 899
1762345902811 1.6475356817245483 1199
1762345979736 1.6095192432403564 1499
1762346059961 1.59709632396698 1799
1762346136063 1.5806076526641846 2099
1762346212076 1.5776976346969604 2399
1762346288321 1.555664300918579 2699
1762346364516 1.548607349395752 2999
1762346440117 1.5499835014343262 3299
1762346515116 1.5355377197265625 3599
1762346589881 1.5149189233779907 3899
1762346664639 1.5230284929275513 4199
1762346739765 1.513763666152954 4499
1762346815226 1.5048922300338745 4799
1762346890550 1.491700530052185 5099
1762346965335 1.4972816705703735 5399
1762347040339 1.4880421161651611 5699
1762347115717 1.477475643157959 5999
1762347190872 1.4729214906692505 6299
1762347265900 1.465307354927063 6599
1762347341015 1.4603079557418823 6899
1762347416042 1.4569343328475952 7199
1762347491520 1.4521775245666504 7499
1762347566991 1.4570627212524414 7799
1762347642146 1.4574735164642334 8099
1762347717563 1.441455602645874 8399
1762347792698 1.4524503946304321 8699
1762347868524 1.4419716596603394 8999
1762347944036 1.4331554174423218 9299
1762348019303 1.4349863529205322 9599
1762348094517 1.418404459953308 9899
1762348169959 1.4187780618667603 10199
1762348245646 1.4125794172286987 10499
1762348320938 1.4142951965332031 10799
1762348396406 1.4049172401428223 11099
1762348471955 1.410602331161499 11399
1762348547557 1.4043821096420288 11699
1762348623307 1.3916963338851929 11999
1762348698602 1.354631781578064 12299
1762348773679 1.3556370735168457 12599
1762348848877 1.3514280319213867 12899
1762348924605 1.3442285060882568 13199
1762349000362 1.343704342842102 13499
1762349075757 1.3476287126541138 13799
1762349151131 1.3431990146636963 14099
1762349226161 1.3457767963409424 14399
1762349302048 1.3437954187393188 14699
1762349377640 1.336965560913086 14999
1762349452934 1.3426973819732666 15299
1762349528421 1.343998908996582 15599
1762349603555 1.3393044471740723 15899
1762349686479 1.3250632286071777 16199
1762349771598 1.3298341035842896 16499
1762349855291 1.3227324485778809 16799
1762349948463 1.318645715713501 17099
1762350031001 1.3197318315505981 17399
1762350118360 1.3187373876571655 17699
1762350224061 1.312503457069397 17999
1762350325220 1.3033168315887451 18299
1762350430171 1.2955799102783203 18599
1762350524901 1.2991304397583008 18899
1762350603087 1.2959516048431396 19199
1762350687215 1.2949960231781006 19499
1762350785234 1.2876440286636353 19799
1762350863662 1.2983471155166626 20099
