1762345677408 23.329729080200195 299
1762345752287 19.776880264282227 599
1762345826596 18.88033676147461 899
1762345902811 18.8564453125 1199
1762345979736 18.610448837280273 1499
1762346059961 18.552770614624023 1799
1762346136063 18.26548194885254 2099
1762346212076 18.227928161621094 2399
1762346288321 18.173852920532227 2699
1762346364516 17.90226936340332 2999
1762346440117 18.09769630432129 3299
1762346515116 17.889190673828125 3599
1762346589881 17.734054565429688 3899
1762346664639 17.989084243774414 4199
1762346739765 17.545507431030273 4499
1762346815226 17.61977767944336 4799
1762346890550 17.372079849243164 5099
1762346965335 17.321386337280273 5399
1762347040339 17.18491554260254 5699
1762347115717 16.957923889160156 5999
1762347190872 17.028493881225586 6299
1762347265900 16.907073974609375 6599
1762347341015 16.755001068115234 6899
1762347416042 16.85694122314453 7199
1762347491520 16.80552864074707 7499
1762347566991 16.78572654724121 7799
1762347642146 16.757497787475586 8099
1762347717563 16.609867095947266 8399
1762347792698 16.599872589111328 8699
1762347868524 16.65627670288086 8999
1762347944036 16.596195220947266 9299
1762348019303 16.39777374267578 9599
1762348094517 16.292430877685547 9899
1762348169959 16.444231033325195 10199
1762348245646 16.498905181884766 10499
1762348320938 16.19826889038086 10799
1762348396406 16.023706436157227 11099
1762348471955 16.20228385925293 11399
1762348547557 16.181333541870117 11699
1762348623307 15.735087394714355 11999
1762348698602 15.668744087219238 12299
1762348773679 15.625815391540527 12599
1762348848877 15.567442893981934 12899
1762348924605 15.427178382873535 13199
1762349000362 15.265936851501465 13499
1762349075757 15.25202751159668 13799
1762349151131 15.424694061279297 14099
1762349226161 15.235108375549316 14399
1762349302048 15.408428192138672 14699
1762349377640 15.236693382263184 14999
1762349452934 15.279261589050293 15299
1762349528421 15.22287368774414 15599
1762349603555 15.255508422851562 15899
1762349686479 15.13852310180664 16199
1762349771598 15.239359855651855 16499
1762349855291 15.062276840209961 16799
1762349948463 15.063970565795898 17099
1762350031001 15.001845359802246 17399
1762350118360 14.938600540161133 17699
1762350224061 14.799638748168945 17999
1762350325220 14.919313430786133 18299
1762350430171 14.592277526855469 18599
1762350524901 14.70353889465332 18899
1762350603087 14.574131965637207 19199
1762350687215 14.417854309082031 19499
1762350785234 14.613085746765137 19799
1762350863662 14.546874046325684 20099
