1762345677408 2.400935649871826 299
1762345752287 1.8681410551071167 599
1762345826596 1.808350920677185 899
1762345902811 1.7803573608398438 1199
1762345979736 1.7352126836776733 1499
1762346059961 1.7192589044570923 1799
1762346136063 1.7136510610580444 2099
1762346212076 1.7091078758239746 2399
1762346288321 1.681153416633606 2699
1762346364516 1.6820590496063232 2999
1762346440117 1.6798888444900513 3299
1762346515116 1.6547629833221436 3599
1762346589881 1.6454697847366333 3899
1762346664639 1.6419835090637207 4199
1762346739765 1.6379021406173706 4499
1762346815226 1.6196815967559814 4799
1762346890550 1.6041773557662964 5099
1762346965335 1.6064919233322144 5399
1762347040339 1.605704665184021 5699
1762347115717 1.5885231494903564 5999
1762347190872 1.5837228298187256 6299
1762347265900 1.5783764123916626 6599
1762347341015 1.577672004699707 6899
1762347416042 1.568366527557373 7199
1762347491520 1.5632892847061157 7499
1762347566991 1.5677568912506104 7799
1762347642146 1.5662208795547485 8099
1762347717563 1.5434882640838623 8399
1762347792698 1.5626051425933838 8699
1762347868524 1.547067403793335 8999
1762347944036 1.5389714241027832 9299
1762348019303 1.5428286790847778 9599
1762348094517 1.5265659093856812 9899
1762348169959 1.5196621417999268 10199
1762348245646 1.5147265195846558 10499
1762348320938 1.5140693187713623 10799
1762348396406 1.5103365182876587 11099
1762348471955 1.5081032514572144 11399
1762348547557 1.503452181816101 11699
1762348623307 1.4961903095245361 11999
1762348698602 1.4462040662765503 12299
1762348773679 1.4415054321289062 12599
1762348848877 1.4403632879257202 12899
1762348924605 1.4315906763076782 13199
1762349000362 1.432662010192871 13499
1762349075757 1.4300286769866943 13799
1762349151131 1.431937336921692 14099
1762349226161 1.424842119216919 14399
1762349302048 1.4284197092056274 14699
1762349377640 1.420933723449707 14999
1762349452934 1.4256300926208496 15299
1762349528421 1.4240190982818604 15599
1762349603555 1.4226781129837036 15899
1762349686479 1.4112266302108765 16199
1762349771598 1.4132813215255737 16499
1762349855291 1.4070477485656738 16799
1762349948463 1.3978067636489868 17099
1762350031001 1.403282642364502 17399
1762350118360 1.400292992591858 17699
1762350224061 1.3934673070907593 17999
1762350325220 1.3799316883087158 18299
1762350430171 1.375312089920044 18599
1762350524901 1.3741604089736938 18899
1762350603087 1.3736605644226074 19199
1762350687215 1.3745241165161133 19499
1762350785234 1.3673155307769775 19799
1762350863662 1.3691030740737915 20099
