1762345677408 1.3927960395812988 299
1762345752287 0.9130895733833313 599
1762345826596 0.8573933243751526 899
1762345902811 0.8309009075164795 1199
1762345979736 0.809227466583252 1499
1762346059961 0.7928699254989624 1799
1762346136063 0.7890474796295166 2099
1762346212076 0.7899971604347229 2399
1762346288321 0.7694130539894104 2699
1762346364516 0.7691638469696045 2999
1762346440117 0.7657192945480347 3299
1762346515116 0.7530183792114258 3599
1762346589881 0.7618632316589355 3899
1762346664639 0.7499736547470093 4199
1762346739765 0.7522633671760559 4499
1762346815226 0.7433626651763916 4799
1762346890550 0.7363578677177429 5099
1762346965335 0.7358949780464172 5399
1762347040339 0.7384272813796997 5699
1762347115717 0.7320972084999084 5999
1762347190872 0.7319856882095337 6299
1762347265900 0.7309908866882324 6599
1762347341015 0.7268558740615845 6899
1762347416042 0.7210503220558167 7199
1762347491520 0.7203988432884216 7499
1762347566991 0.7272174954414368 7799
1762347642146 0.7260123491287231 8099
1762347717563 0.7160046696662903 8399
1762347792698 0.7234193682670593 8699
1762347868524 0.7165946364402771 8999
1762347944036 0.7143819332122803 9299
1762348019303 0.7142824530601501 9599
1762348094517 0.7134382128715515 9899
1762348169959 0.7064054012298584 10199
1762348245646 0.7090011239051819 10499
1762348320938 0.707706093788147 10799
1762348396406 0.7068175673484802 11099
1762348471955 0.7054087519645691 11399
1762348547557 0.7048563957214355 11699
1762348623307 0.7049167156219482 11999
1762348698602 0.6748400926589966 12299
1762348773679 0.6736786365509033 12599
1762348848877 0.6737956404685974 12899
1762348924605 0.6691016554832458 13199
1762349000362 0.6723416447639465 13499
1762349075757 0.6703528165817261 13799
1762349151131 0.6708402633666992 14099
1762349226161 0.6698029041290283 14399
1762349302048 0.6708409786224365 14699
1762349377640 0.6735512614250183 14999
1762349452934 0.6743340492248535 15299
1762349528421 0.6716743111610413 15599
1762349603555 0.6724148392677307 15899
1762349686479 0.6709088087081909 16199
1762349771598 0.6713480353355408 16499
1762349855291 0.6725732088088989 16799
1762349948463 0.6669942140579224 17099
1762350031001 0.672462522983551 17399
1762350118360 0.666559636592865 17699
1762350224061 0.6654747724533081 17999
1762350325220 0.6604360342025757 18299
1762350430171 0.6573062539100647 18599
1762350524901 0.656963586807251 18899
1762350603087 0.6576558947563171 19199
1762350687215 0.659105658531189 19499
1762350785234 0.6571371555328369 19799
1762350863662 0.6563298106193542 20099
