1762345677408 16.861480712890625 299
1762345752287 12.591070175170898 599
1762345826596 11.87755012512207 899
1762345902811 11.527850151062012 1199
1762345979736 11.297609329223633 1499
1762346059961 11.18564510345459 1799
1762346136063 10.947714805603027 2099
1762346212076 11.081198692321777 2399
1762346288321 10.932363510131836 2699
1762346364516 10.79581069946289 2999
1762346440117 10.824007034301758 3299
1762346515116 10.720625877380371 3599
1762346589881 10.735097885131836 3899
1762346664639 10.902092933654785 4199
1762346739765 10.679970741271973 4499
1762346815226 10.660377502441406 4799
1762346890550 10.565407752990723 5099
1762346965335 10.444803237915039 5399
1762347040339 10.530447006225586 5699
1762347115717 10.287713050842285 5999
1762347190872 10.4085054397583 6299
1762347265900 10.33279037475586 6599
1762347341015 10.290149688720703 6899
1762347416042 10.277978897094727 7199
1762347491520 10.272969245910645 7499
1762347566991 10.289349555969238 7799
1762347642146 10.305342674255371 8099
1762347717563 10.203468322753906 8399
1762347792698 10.227530479431152 8699
1762347868524 10.271260261535645 8999
1762347944036 10.220100402832031 9299
1762348019303 10.17112922668457 9599
1762348094517 10.101015090942383 9899
1762348169959 10.17297077178955 10199
1762348245646 10.18726921081543 10499
1762348320938 10.093537330627441 10799
1762348396406 9.94904613494873 11099
1762348471955 10.13086986541748 11399
1762348547557 10.141568183898926 11699
1762348623307 9.900833129882812 11999
1762348698602 9.800440788269043 12299
1762348773679 9.889573097229004 12599
1762348848877 9.815713882446289 12899
1762348924605 9.675055503845215 13199
1762349000362 9.72889232635498 13499
1762349075757 9.675332069396973 13799
1762349151131 9.75321102142334 14099
1762349226161 9.652155876159668 14399
1762349302048 9.697879791259766 14699
1762349377640 9.662776947021484 14999
1762349452934 9.705151557922363 15299
1762349528421 9.699246406555176 15599
1762349603555 9.72948932647705 15899
1762349686479 9.785752296447754 16199
1762349771598 9.756710052490234 16499
1762349855291 9.680859565734863 16799
1762349948463 9.715181350708008 17099
1762350031001 9.650501251220703 17399
1762350118360 9.633445739746094 17699
1762350224061 9.54217529296875 17999
1762350325220 9.67717456817627 18299
1762350430171 9.522038459777832 18599
1762350524901 9.557279586791992 18899
1762350603087 9.557244300842285 19199
1762350687215 9.464184761047363 19499
1762350785234 9.542433738708496 19799
1762350863662 9.516120910644531 20099
