1762345677408 1.6457072496414185 299
1762345752287 0.9254553318023682 599
1762345826596 0.8539732098579407 899
1762345902811 0.8279570937156677 1199
1762345979736 0.8098673820495605 1499
1762346059961 0.7958277463912964 1799
1762346136063 0.7878490090370178 2099
1762346212076 0.7981137037277222 2399
1762346288321 0.7731866240501404 2699
1762346364516 0.7803488969802856 2999
1762346440117 0.775565505027771 3299
1762346515116 0.7636273503303528 3599
1762346589881 0.774320662021637 3899
1762346664639 0.7615758776664734 4199
1762346739765 0.7685972452163696 4499
1762346815226 0.7538794279098511 4799
1762346890550 0.7485266327857971 5099
1762346965335 0.7539950609207153 5399
1762347040339 0.7579635381698608 5699
1762347115717 0.7450180053710938 5999
1762347190872 0.7508545517921448 6299
1762347265900 0.747562050819397 6599
1762347341015 0.7424681186676025 6899
1762347416042 0.740668773651123 7199
1762347491520 0.7411302328109741 7499
1762347566991 0.7488295435905457 7799
1762347642146 0.7476229667663574 8099
1762347717563 0.7365699410438538 8399
1762347792698 0.7463750839233398 8699
1762347868524 0.7429122924804688 8999
1762347944036 0.7376458048820496 9299
1762348019303 0.7408091425895691 9599
1762348094517 0.7382102608680725 9899
1762348169959 0.7310345768928528 10199
1762348245646 0.7344592213630676 10499
1762348320938 0.7359562516212463 10799
1762348396406 0.7322059869766235 11099
1762348471955 0.7322111129760742 11399
1762348547557 0.7353579998016357 11699
1762348623307 0.7334636449813843 11999
1762348698602 0.6955446600914001 12299
1762348773679 0.6972852349281311 12599
1762348848877 0.6928238868713379 12899
1762348924605 0.691739022731781 13199
1762349000362 0.6941384077072144 13499
1762349075757 0.6904048919677734 13799
1762349151131 0.6926038265228271 14099
1762349226161 0.6937615871429443 14399
1762349302048 0.6924420595169067 14699
1762349377640 0.6946003437042236 14999
1762349452934 0.6948808431625366 15299
1762349528421 0.6936050653457642 15599
1762349603555 0.6950193643569946 15899
1762349686479 0.6946365237236023 16199
1762349771598 0.6961411833763123 16499
1762349855291 0.696323037147522 16799
1762349948463 0.6922801733016968 17099
1762350031001 0.6938848495483398 17399
1762350118360 0.6939745545387268 17699
1762350224061 0.6903032660484314 17999
1762350325220 0.6828851103782654 18299
1762350430171 0.6819451451301575 18599
1762350524901 0.6809118390083313 18899
1762350603087 0.6814395189285278 19199
1762350687215 0.6825647950172424 19499
1762350785234 0.6829268336296082 19799
1762350863662 0.6825373768806458 20099
