1762345677408 1.9507890939712524 299
1762345752287 1.4933161735534668 599
1762345826596 1.4192789793014526 899
1762345902811 1.3751354217529297 1199
1762345979736 1.3399442434310913 1499
1762346059961 1.3207401037216187 1799
1762346136063 1.3075554370880127 2099
1762346212076 1.3017388582229614 2399
1762346288321 1.2832974195480347 2699
1762346364516 1.2817872762680054 2999
1762346440117 1.2745548486709595 3299
1762346515116 1.2640448808670044 3599
1762346589881 1.2649999856948853 3899
1762346664639 1.25993812084198 4199
1762346739765 1.2547264099121094 4499
1762346815226 1.2464001178741455 4799
1762346890550 1.2388118505477905 5099
1762346965335 1.2365288734436035 5399
1762347040339 1.236069917678833 5699
1762347115717 1.228694200515747 5999
1762347190872 1.2265543937683105 6299
1762347265900 1.2221322059631348 6599
1762347341015 1.2184895277023315 6899
1762347416042 1.2095569372177124 7199
1762347491520 1.2066558599472046 7499
1762347566991 1.2197375297546387 7799
1762347642146 1.2147306203842163 8099
1762347717563 1.2049226760864258 8399
1762347792698 1.2083308696746826 8699
1762347868524 1.2033787965774536 8999
1762347944036 1.1975992918014526 9299
1762348019303 1.1998940706253052 9599
1762348094517 1.1944702863693237 9899
1762348169959 1.1888210773468018 10199
1762348245646 1.1846349239349365 10499
1762348320938 1.1875544786453247 10799
1762348396406 1.1840137243270874 11099
1762348471955 1.1848279237747192 11399
1762348547557 1.1827843189239502 11699
1762348623307 1.1755610704421997 11999
1762348698602 1.1436386108398438 12299
1762348773679 1.143011212348938 12599
1762348848877 1.14069402217865 12899
1762348924605 1.1348774433135986 13199
1762349000362 1.1383318901062012 13499
1762349075757 1.1358917951583862 13799
1762349151131 1.1350387334823608 14099
1762349226161 1.1328400373458862 14399
1762349302048 1.1367086172103882 14699
1762349377640 1.1369177103042603 14999
1762349452934 1.1413244009017944 15299
1762349528421 1.1374409198760986 15599
1762349603555 1.1406081914901733 15899
1762349686479 1.1376315355300903 16199
1762349771598 1.1315197944641113 16499
1762349855291 1.1331653594970703 16799
1762349948463 1.1271858215332031 17099
1762350031001 1.1345219612121582 17399
1762350118360 1.1284434795379639 17699
1762350224061 1.1242367029190063 17999
1762350325220 1.1165863275527954 18299
1762350430171 1.1088718175888062 18599
1762350524901 1.1096651554107666 18899
1762350603087 1.1147325038909912 19199
1762350687215 1.1123814582824707 19499
1762350785234 1.1102783679962158 19799
1762350863662 1.1117151975631714 20099
