1762345677408 2.3195176124572754 299
1762345752287 1.6711695194244385 599
1762345826596 1.5924938917160034 899
1762345902811 1.5511953830718994 1199
1762345979736 1.507857084274292 1499
1762346059961 1.4845179319381714 1799
1762346136063 1.4740554094314575 2099
1762346212076 1.4606643915176392 2399
1762346288321 1.437372088432312 2699
1762346364516 1.434858798980713 2999
1762346440117 1.4248120784759521 3299
1762346515116 1.4108686447143555 3599
1762346589881 1.4166189432144165 3899
1762346664639 1.401545524597168 4199
1762346739765 1.3993982076644897 4499
1762346815226 1.3875595331192017 4799
1762346890550 1.3762233257293701 5099
1762346965335 1.3722987174987793 5399
1762347040339 1.3729708194732666 5699
1762347115717 1.3640743494033813 5999
1762347190872 1.3580926656723022 6299
1762347265900 1.355201244354248 6599
1762347341015 1.3534544706344604 6899
1762347416042 1.337626576423645 7199
1762347491520 1.337674617767334 7499
1762347566991 1.3514550924301147 7799
1762347642146 1.3455514907836914 8099
1762347717563 1.332619547843933 8399
1762347792698 1.3394770622253418 8699
1762347868524 1.3287625312805176 8999
1762347944036 1.326715111732483 9299
1762348019303 1.3261325359344482 9599
1762348094517 1.3218156099319458 9899
1762348169959 1.3102564811706543 10199
1762348245646 1.3074681758880615 10499
1762348320938 1.3042176961898804 10799
1762348396406 1.3054842948913574 11099
1762348471955 1.3069673776626587 11399
1762348547557 1.3005485534667969 11699
1762348623307 1.2948557138442993 11999
1762348698602 1.2477608919143677 12299
1762348773679 1.2463284730911255 12599
1762348848877 1.2441637516021729 12899
1762348924605 1.2358578443527222 13199
1762349000362 1.2406681776046753 13499
1762349075757 1.2373255491256714 13799
1762349151131 1.2368979454040527 14099
1762349226161 1.2337297201156616 14399
1762349302048 1.2401845455169678 14699
1762349377640 1.2367191314697266 14999
1762349452934 1.2447260618209839 15299
1762349528421 1.2418708801269531 15599
1762349603555 1.239226222038269 15899
1762349686479 1.2376652956008911 16199
1762349771598 1.2322713136672974 16499
1762349855291 1.2314577102661133 16799
1762349948463 1.2215964794158936 17099
1762350031001 1.2329481840133667 17399
1762350118360 1.2231948375701904 17699
1762350224061 1.2211443185806274 17999
1762350325220 1.212877631187439 18299
1762350430171 1.19878089427948 18599
1762350524901 1.202721357345581 18899
1762350603087 1.205381989479065 19199
1762350687215 1.206764578819275 19499
1762350785234 1.199771523475647 19799
1762350863662 1.2010477781295776 20099
