1762345677408 2.226456880569458 299
1762345752287 1.645153284072876 599
1762345826596 1.5678478479385376 899
1762345902811 1.5207973718643188 1199
1762345979736 1.4823131561279297 1499
1762346059961 1.4609472751617432 1799
1762346136063 1.4478024244308472 2099
1762346212076 1.440340280532837 2399
1762346288321 1.4193662405014038 2699
1762346364516 1.4170399904251099 2999
1762346440117 1.4093022346496582 3299
1762346515116 1.395371913909912 3599
1762346589881 1.3972012996673584 3899
1762346664639 1.3916141986846924 4199
1762346739765 1.3858811855316162 4499
1762346815226 1.374518632888794 4799
1762346890550 1.3660768270492554 5099
1762346965335 1.3624402284622192 5399
1762347040339 1.3623015880584717 5699
1762347115717 1.3548234701156616 5999
1762347190872 1.3515573740005493 6299
1762347265900 1.3461713790893555 6599
1762347341015 1.3415491580963135 6899
1762347416042 1.3321733474731445 7199
1762347491520 1.3287732601165771 7499
1762347566991 1.342010498046875 7799
1762347642146 1.336903691291809 8099
1762347717563 1.3271048069000244 8399
1762347792698 1.3297028541564941 8699
1762347868524 1.3242981433868408 8999
1762347944036 1.319310188293457 9299
1762348019303 1.3191089630126953 9599
1762348094517 1.313354730606079 9899
1762348169959 1.3073748350143433 10199
1762348245646 1.3032701015472412 10499
1762348320938 1.3055998086929321 10799
1762348396406 1.3007475137710571 11099
1762348471955 1.302998423576355 11399
1762348547557 1.3000179529190063 11699
1762348623307 1.2920013666152954 11999
1762348698602 1.255758285522461 12299
1762348773679 1.2539308071136475 12599
1762348848877 1.2525081634521484 12899
1762348924605 1.245057225227356 13199
1762349000362 1.2490341663360596 13499
1762349075757 1.2457945346832275 13799
1762349151131 1.2456670999526978 14099
1762349226161 1.2426812648773193 14399
1762349302048 1.2467478513717651 14699
1762349377640 1.2465511560440063 14999
1762349452934 1.251580834388733 15299
1762349528421 1.2477538585662842 15599
1762349603555 1.2493586540222168 15899
1762349686479 1.247147560119629 16199
1762349771598 1.239731788635254 16499
1762349855291 1.241045594215393 16799
1762349948463 1.2340877056121826 17099
1762350031001 1.2422925233840942 17399
1762350118360 1.2350420951843262 17699
1762350224061 1.2310444116592407 17999
1762350325220 1.2230876684188843 18299
1762350430171 1.2136099338531494 18599
1762350524901 1.2144081592559814 18899
1762350603087 1.219786286354065 19199
1762350687215 1.217180848121643 19499
1762350785234 1.2149643898010254 19799
1762350863662 1.2160155773162842 20099
