1762345677408 1.7298628091812134 299
1762345752287 1.3464298248291016 599
1762345826596 1.303853988647461 899
1762345902811 1.2841860055923462 1199
1762345979736 1.2515840530395508 1499
1762346059961 1.2394813299179077 1799
1762346136063 1.2294864654541016 2099
1762346212076 1.2248975038528442 2399
1762346288321 1.2036328315734863 2699
1762346364516 1.204225778579712 2999
1762346440117 1.203009843826294 3299
1762346515116 1.1864668130874634 3599
1762346589881 1.167160987854004 3899
1762346664639 1.172997236251831 4199
1762346739765 1.168585181236267 4499
1762346815226 1.1598502397537231 4799
1762346890550 1.1460257768630981 5099
1762346965335 1.1504607200622559 5399
1762347040339 1.145002007484436 5699
1762347115717 1.1364964246749878 5999
1762347190872 1.1318519115447998 6299
1762347265900 1.1251188516616821 6599
1762347341015 1.1236063241958618 6899
1762347416042 1.1169040203094482 7199
1762347491520 1.1182448863983154 7499
1762347566991 1.1160200834274292 7799
1762347642146 1.1159878969192505 8099
1762347717563 1.102403163909912 8399
1762347792698 1.1154963970184326 8699
1762347868524 1.103480339050293 8999
1762347944036 1.0965454578399658 9299
1762348019303 1.0987577438354492 9599
1762348094517 1.0839446783065796 9899
1762348169959 1.0856053829193115 10199
1762348245646 1.078407645225525 10499
1762348320938 1.0788218975067139 10799
1762348396406 1.0714260339736938 11099
1762348471955 1.0761491060256958 11399
1762348547557 1.0699243545532227 11699
1762348623307 1.0611345767974854 11999
1762348698602 1.0259478092193604 12299
1762348773679 1.0256539583206177 12599
1762348848877 1.0252448320388794 12899
1762348924605 1.0168741941452026 13199
1762349000362 1.014848232269287 13499
1762349075757 1.0152647495269775 13799
1762349151131 1.0144932270050049 14099
1762349226161 1.0165843963623047 14399
1762349302048 1.0169001817703247 14699
1762349377640 1.0091190338134766 14999
1762349452934 1.012519359588623 15299
1762349528421 1.0158367156982422 15599
1762349603555 1.0104397535324097 15899
1762349686479 0.9982146620750427 16199
1762349771598 1.002732515335083 16499
1762349855291 0.997726559638977 16799
1762349948463 0.9912787675857544 17099
1762350031001 0.9936768412590027 17399
1762350118360 0.9936224818229675 17699
1762350224061 0.989452064037323 17999
1762350325220 0.9806681871414185 18299
1762350430171 0.9707770347595215 18599
1762350524901 0.9747453331947327 18899
1762350603087 0.9701982736587524 19199
1762350687215 0.9706522226333618 19499
1762350785234 0.9652438163757324 19799
1762350863662 0.9728671312332153 20099
