1763546517718 0.0 299
1763546517842 0.0 299
1763546586252 1.0 599
1763546586363 1.0 599
1763546654783 2.0 899
1763546654895 2.0 899
1763546723167 3.0 1199
1763546723288 3.0 1199
1763546791408 4.0 1499
1763546791427 4.0 1499
1763546860320 5.0 1799
1763546860339 5.0 1799
1763546928620 6.0 2099
1763546928744 6.0 2099
1763546997285 7.0 2399
1763546997304 7.0 2399
1763547066142 8.0 2699
1763547066161 8.0 2699
1763547134613 9.0 2999
1763547134730 9.0 2999
1763547203144 10.0 3299
1763547203163 10.0 3299
1763547271508 11.0 3599
1763547271633 11.0 3599
1763547340086 12.0 3899
1763547340106 12.0 3899
1763547409068 13.0 4199
1763547409087 13.0 4199
1763547478117 14.0 4499
1763547478240 14.0 4499
1763547547281 15.0 4799
1763547547405 15.0 4799
1763547616038 16.0 5099
1763547616155 16.0 5099
1763547684782 17.0 5399
1763547684801 17.0 5399
1763547753136 18.0 5699
1763547753156 18.0 5699
1763547822096 19.0 5999
1763547822212 19.0 5999
1763547890763 20.0 6299
1763547890782 20.0 6299
1763547959279 21.0 6599
1763547959298 21.0 6599
1763548028319 22.0 6899
1763548028436 22.0 6899
1763548097010 23.0 7199
1763548097029 23.0 7199
1763548165643 24.0 7499
1763548165662 24.0 7499
1763548234263 25.0 7799
1763548234282 25.0 7799
1763548302907 26.0 8099
1763548302926 26.0 8099
1763548371433 27.0 8399
1763548371452 27.0 8399
1763548439840 28.0 8699
1763548439859 28.0 8699
1763548508882 29.0 8999
1763548508901 29.0 8999
1763548577420 30.0 9299
1763548577439 30.0 9299
1763548645539 31.0 9599
1763548645660 31.0 9599
1763548714349 32.0 9899
1763548714367 32.0 9899
1763548782646 33.0 10199
1763548782766 33.0 10199
1763548851252 34.0 10499
1763548851270 34.0 10499
1763548919980 35.0 10799
1763548919999 35.0 10799
1763548988988 36.0 11099
1763548989007 36.0 11099
1763549057321 37.0 11399
1763549057340 37.0 11399
1763549125634 38.0 11699
1763549125654 38.0 11699
1763549194235 39.0 11999
1763549194253 39.0 11999
1763549262355 40.0 12299
1763549262464 40.0 12299
1763549331248 41.0 12599
1763549331371 41.0 12599
1763549399964 42.0 12899
1763549399983 42.0 12899
1763549469344 43.0 13199
1763549469363 43.0 13199
1763549538493 44.0 13499
1763549538512 44.0 13499
1763549607164 45.0 13799
1763549607183 45.0 13799
1763549676191 46.0 14099
1763549676309 46.0 14099
1763549745290 47.0 14399
1763549745310 47.0 14399
1763549814768 48.0 14699
1763549814787 48.0 14699
1763549884256 49.0 14999
1763549884287 49.0 14999
1763549953666 50.0 15299
1763549953685 50.0 15299
1763550022778 51.0 15599
1763550022797 51.0 15599
1763550091662 52.0 15899
1763550091681 52.0 15899
1763550160246 53.0 16199
1763550160264 53.0 16199
1763550228972 54.0 16499
1763550228991 54.0 16499
1763550298091 55.0 16799
1763550298110 55.0 16799
1763550367773 56.0 17099
1763550367792 56.0 17099
1763550437115 57.0 17399
1763550437134 57.0 17399
1763550505895 58.0 17699
1763550505914 58.0 17699
1763550575294 59.0 17999
1763550575313 59.0 17999
1763550644068 60.0 18299
1763550644088 60.0 18299
1763550712904 61.0 18599
1763550712922 61.0 18599
1763550781510 62.0 18899
1763550781636 62.0 18899
1763550851269 63.0 19199
1763550851288 63.0 19199
1763550920244 64.0 19499
1763550920262 64.0 19499
1763550989112 65.0 19799
1763550989131 65.0 19799
1763551057962 66.0 20099
1763551057981 66.0 20099
1763551126908 67.0 20399
1763551126928 67.0 20399
1763551196023 68.0 20699
1763551196041 68.0 20699
1763551265324 69.0 20999
1763551265343 69.0 20999
1763551334547 70.0 21299
1763551334565 70.0 21299
1763551403886 71.0 21599
1763551403906 71.0 21599
1763551472919 72.0 21899
1763551472938 72.0 21899
1763551542152 73.0 22199
1763551542170 73.0 22199
1763551610846 74.0 22499
1763551610865 74.0 22499
1763551679648 75.0 22799
1763551679668 75.0 22799
1763551748964 76.0 23099
1763551748983 76.0 23099
1763551818180 77.0 23399
1763551818200 77.0 23399
1763551887063 78.0 23699
1763551887082 78.0 23699
1763551956158 79.0 23999
1763551956178 79.0 23999
1763552024458 80.0 24299
1763552024477 80.0 24299
1763552093543 81.0 24599
1763552093562 81.0 24599
1763552162814 82.0 24899
1763552162833 82.0 24899
1763552232019 83.0 25199
1763552232038 83.0 25199
1763552300962 84.0 25499
1763552300981 84.0 25499
1763552369773 85.0 25799
1763552369797 85.0 25799
1763552439071 86.0 26099
1763552439090 86.0 26099
1763552508185 87.0 26399
1763552508203 87.0 26399
1763552577448 88.0 26699
1763552577467 88.0 26699
1763552646985 89.0 26999
1763552647010 89.0 26999
1763552715782 90.0 27299
1763552715801 90.0 27299
1763552785019 91.0 27599
1763552785037 91.0 27599
1763552853872 92.0 27899
1763552853891 92.0 27899
1763552922634 93.0 28199
1763552922652 93.0 28199
1763552991998 94.0 28499
1763552992016 94.0 28499
1763553061122 95.0 28799
1763553061141 95.0 28799
1763553130543 96.0 29099
1763553130562 96.0 29099
1763553199595 97.0 29399
1763553199613 97.0 29399
1763553268504 98.0 29699
1763553268523 98.0 29699
1763553336930 99.0 29999
1763553336949 99.0 29999
1763553405866 100.0 30299
1763553405885 100.0 30299
1763553474465 101.0 30599
1763553474484 101.0 30599
1763553543434 102.0 30899
1763553543453 102.0 30899
1763553612747 103.0 31199
1763553612766 103.0 31199
1763553681660 104.0 31499
1763553681679 104.0 31499
1763553750863 105.0 31799
1763553750883 105.0 31799
1763553819722 106.0 32099
1763553819740 106.0 32099
1763553888633 107.0 32399
1763553888652 107.0 32399
1763553957996 108.0 32699
1763553958015 108.0 32699
1763554027429 109.0 32999
1763554027448 109.0 32999
1763554096203 110.0 33299
1763554096222 110.0 33299
1763554165133 111.0 33599
1763554165153 111.0 33599
1763554233525 112.0 33899
1763554233544 112.0 33899
1763554269573 113.0 33900
