1763546459497 0.001 49
1763546469464 0.001 99
1763546479097 0.001 149
1763546489059 0.001 199
1763546498736 0.001 249
1763546508403 0.001 299
1763546528233 0.001 349
1763546538032 0.001 399
1763546547714 0.001 449
1763546557270 0.001 499
1763546566989 0.001 549
1763546576775 0.001 599
1763546596691 0.001 649
1763546606358 0.001 699
1763546616108 0.001 749
1763546625932 0.001 799
1763546635633 0.001 849
1763546645631 0.001 899
1763546665116 0.001 949
1763546674844 0.001 999
1763546684561 0.001 1049
1763546694296 0.001 1099
1763546704160 0.001 1149
1763546714014 0.001 1199
1763546733514 0.001 1249
1763546743136 0.001 1299
1763546752779 0.001 1349
1763546762603 0.001 1399
1763546772441 0.001 1449
1763546782247 0.001 1499
1763546801767 0.001 1549
1763546811512 0.001 1599
1763546821364 0.001 1649
1763546831350 0.001 1699
1763546841278 0.001 1749
1763546851075 0.001 1799
1763546870675 0.001 1849
1763546880477 0.001 1899
1763546890462 0.001 1949
1763546900214 0.001 1999
1763546909885 0.001 2049
1763546919547 0.001 2099
1763546938988 0.001 2149
1763546949067 0.001 2199
1763546958819 0.001 2249
1763546968584 0.001 2299
1763546978328 0.001 2349
1763546988089 0.001 2399
1763547007855 0.001 2449
1763547017592 0.001 2499
1763547027366 0.001 2549
1763547037095 0.001 2599
1763547046808 0.001 2649
1763547056581 0.001 2699
1763547076312 0.001 2749
1763547086163 0.001 2799
1763547095969 0.001 2849
1763547105690 0.001 2899
1763547115435 0.001 2949
1763547125437 0.001 2999
1763547145053 0.001 3049
1763547154655 0.001 3099
1763547164297 0.001 3149
1763547173992 0.001 3199
1763547183991 0.001 3249
1763547193872 0.001 3299
1763547213512 0.001 3349
1763547223269 0.001 3399
1763547233040 0.001 3449
1763547242864 0.001 3499
1763547252779 0.001 3549
1763547262530 0.001 3599
1763547281963 0.001 3649
1763547291617 0.001 3699
1763547301376 0.001 3749
1763547311427 0.001 3799
1763547321155 0.001 3849
1763547330870 0.001 3899
1763547350449 0.001 3949
1763547360315 0.001 3999
1763547370349 0.001 4049
1763547380104 0.001 4099
1763547389906 0.001 4149
1763547399790 0.001 4199
1763547419439 0.001 4249
1763547429549 0.001 4299
1763547439423 0.001 4349
1763547449158 0.001 4399
1763547458993 0.001 4449
1763547468799 0.001 4499
1763547488778 0.001 4549
1763547498448 0.001 4599
1763547508212 0.001 4649
1763547518068 0.001 4699
1763547527898 0.001 4749
1763547537701 0.001 4799
1763547557882 0.001 4849
1763547567663 0.001 4899
1763547577458 0.001 4949
1763547587165 0.001 4999
1763547596859 0.001 5049
1763547606817 0.001 5099
1763547626525 0.001 5149
1763547636379 0.001 5199
1763547646098 0.001 5249
1763547655827 0.001 5299
1763547665892 0.001 5349
1763547675759 0.001 5399
1763547695081 0.001 5449
1763547704711 0.001 5499
1763547714333 0.001 5549
1763547724319 0.001 5599
1763547734180 0.001 5649
1763547743921 0.001 5699
1763547763626 0.001 5749
1763547773276 0.001 5799
1763547783340 0.001 5849
1763547793238 0.001 5899
1763547803076 0.001 5949
1763547812959 0.001 5999
1763547832506 0.001 6049
1763547842360 0.001 6099
1763547852339 0.001 6149
1763547862077 0.001 6199
1763547871983 0.001 6249
1763547881650 0.001 6299
1763547901079 0.001 6349
1763547911075 0.001 6399
1763547920926 0.001 6449
1763547930564 0.001 6499
1763547940396 0.001 6549
1763547950249 0.001 6599
1763547969761 0.001 6649
1763547979451 0.001 6699
1763547989180 0.001 6749
1763547998938 0.001 6799
1763548008672 0.001 6849
1763548018590 0.001 6899
1763548038780 0.001 6949
1763548048581 0.001 6999
1763548058340 0.001 7049
1763548068163 0.001 7099
1763548077897 0.001 7149
1763548087912 0.001 7199
1763548107361 0.001 7249
1763548116999 0.001 7299
1763548126792 0.001 7349
1763548136601 0.001 7399
1763548146598 0.001 7449
1763548156349 0.001 7499
1763548176045 0.001 7549
1763548185769 0.001 7599
1763548195520 0.001 7649
1763548205604 0.001 7699
1763548215255 0.001 7749
1763548225015 0.001 7799
1763548244554 0.001 7849
1763548254340 0.001 7899
1763548264209 0.001 7949
1763548274136 0.001 7999
1763548283892 0.001 8049
1763548293735 0.001 8099
1763548313100 0.001 8149
1763548323011 0.001 8199
1763548333004 0.001 8249
1763548342824 0.001 8299
1763548352565 0.001 8349
1763548362308 0.001 8399
1763548381791 0.001 8449
1763548391856 0.001 8499
1763548401557 0.001 8549
1763548411235 0.001 8599
1763548421011 0.001 8649
1763548430677 0.001 8699
1763548450472 0.001 8749
1763548460147 0.001 8799
1763548469828 0.001 8849
1763548479560 0.001 8899
1763548489352 0.001 8949
1763548499185 0.001 8999
1763548519275 0.001 9049
1763548528983 0.001 9099
1763548538756 0.001 9149
1763548548650 0.001 9199
1763548558342 0.001 9249
1763548568354 0.001 9299
1763548587718 0.001 9349
1763548597387 0.001 9399
1763548607100 0.001 9449
1763548616847 0.001 9499
1763548626816 0.001 9549
1763548636590 0.001 9599
1763548656144 0.001 9649
1763548665903 0.001 9699
1763548675648 0.001 9749
1763548685626 0.001 9799
1763548695420 0.001 9849
1763548705185 0.001 9899
1763548724585 0.001 9949
1763548734279 0.001 9999
1763548744115 0.001 10049
1763548754048 0.001 10099
1763548763844 0.001 10149
1763548773512 0.001 10199
1763548793073 0.001 10249
1763548802919 0.001 10299
1763548812868 0.001 10349
1763548822603 0.001 10399
1763548832313 0.001 10449
1763548842105 0.001 10499
1763548861534 0.001 10549
1763548871525 0.001 10599
1763548881290 0.001 10649
1763548891043 0.001 10699
1763548900925 0.001 10749
1763548910892 0.001 10799
1763548930527 0.001 10849
1763548940346 0.001 10899
1763548950182 0.001 10949
1763548959948 0.001 10999
1763548969629 0.001 11049
1763548979356 0.001 11099
1763548999177 0.001 11149
1763549008882 0.001 11199
1763549018520 0.001 11249
1763549028287 0.001 11299
1763549038175 0.001 11349
1763549048188 0.001 11399
1763549067584 0.001 11449
1763549077299 0.001 11499
1763549086991 0.001 11549
1763549096675 0.001 11599
1763549106766 0.001 11649
1763549116524 0.001 11699
1763549135946 0.001 11749
1763549145727 0.001 11799
1763549155562 0.001 11849
1763549165628 0.001 11899
1763549175408 0.001 11949
1763549185109 0.001 11999
1763549204518 0.0003 12049
1763549214224 0.0003 12099
1763549224104 0.0003 12149
1763549233973 0.0003 12199
1763549243593 0.0003 12249
1763549253403 0.0003 12299
1763549272902 0.0003 12349
1763549282786 0.0003 12399
1763549292812 0.0003 12449
1763549302449 0.0003 12499
1763549312289 0.0003 12549
1763549322006 0.0003 12599
1763549341636 0.0003 12649
1763549351719 0.0003 12699
1763549361481 0.0003 12749
1763549371281 0.0003 12799
1763549381016 0.0003 12849
1763549390868 0.0003 12899
1763549410538 0.0003 12949
1763549420278 0.0003 12999
1763549430134 0.0003 13049
1763549439987 0.0003 13099
1763549449758 0.0003 13149
1763549459610 0.0003 13199
1763549479760 0.0003 13249
1763549489647 0.0003 13299
1763549499412 0.0003 13349
1763549509279 0.0003 13399
1763549519258 0.0003 13449
1763549529326 0.0003 13499
1763549548812 0.0003 13549
1763549558652 0.0003 13599
1763549568355 0.0003 13649
1763549578122 0.0003 13699
1763549588131 0.0003 13749
1763549597892 0.0003 13799
1763549617568 0.0003 13849
1763549627278 0.0003 13899
1763549637120 0.0003 13949
1763549647226 0.0003 13999
1763549657095 0.0003 14049
1763549667033 0.0003 14099
1763549686767 0.0003 14149
1763549696667 0.0003 14199
1763549706740 0.0003 14249
1763549716535 0.0003 14299
1763549726418 0.0003 14349
1763549736188 0.0003 14399
1763549755822 0.0003 14449
1763549766069 0.0003 14499
1763549775924 0.0003 14549
1763549785767 0.0003 14599
1763549795732 0.0003 14649
1763549805601 0.0003 14699
1763549825383 0.0003 14749
1763549835226 0.0003 14799
1763549845009 0.0003 14849
1763549854837 0.0003 14899
1763549864735 0.0003 14949
1763549874632 0.0003 14999
1763549894948 0.0003 15049
1763549904743 0.0003 15099
1763549914562 0.0003 15149
1763549924343 0.0003 15199
1763549934139 0.0003 15249
1763549944133 0.0003 15299
1763549964185 0.0003 15349
1763549974076 0.0003 15399
1763549983882 0.0003 15449
1763549993750 0.0003 15499
1763550003717 0.0003 15549
1763550013657 0.0003 15599
1763550033179 0.0003 15649
1763550042826 0.0003 15699
1763550052947 0.0003 15749
1763550062891 0.0003 15799
1763550072760 0.0003 15849
1763550082519 0.0003 15899
1763550101951 0.0003 15949
1763550111685 0.0003 15999
1763550121540 0.0003 16049
1763550131670 0.0003 16099
1763550141429 0.0003 16149
1763550151181 0.0003 16199
1763550170740 0.0003 16249
1763550180427 0.0003 16299
1763550190406 0.0003 16349
1763550200289 0.0003 16399
1763550210011 0.0003 16449
1763550219780 0.0003 16499
1763550239358 0.0003 16549
1763550249397 0.0003 16599
1763550259224 0.0003 16649
1763550269113 0.0003 16699
1763550279201 0.0003 16749
1763550288889 0.0003 16799
1763550308901 0.0003 16849
1763550318730 0.0003 16899
1763550328672 0.0003 16949
1763550338502 0.0003 16999
1763550348243 0.0003 17049
1763550358087 0.0003 17099
1763550378310 0.0003 17149
1763550388257 0.0003 17199
1763550398052 0.0003 17249
1763550407794 0.0003 17299
1763550417731 0.0003 17349
1763550427876 0.0003 17399
1763550447390 0.0003 17449
1763550457056 0.0003 17499
1763550466907 0.0003 17549
1763550476776 0.0003 17599
1763550486946 0.0003 17649
1763550496723 0.0003 17699
1763550516352 0.0003 17749
1763550526114 0.0003 17799
1763550536072 0.0003 17849
1763550546181 0.0003 17899
1763550556190 0.0003 17949
1763550566086 0.0003 17999
1763550585676 8.999999999999999e-05 18049
1763550595459 8.999999999999999e-05 18099
1763550605391 8.999999999999999e-05 18149
1763550615234 8.999999999999999e-05 18199
1763550625016 8.999999999999999e-05 18249
1763550635039 8.999999999999999e-05 18299
1763550654426 8.999999999999999e-05 18349
1763550664258 8.999999999999999e-05 18399
1763550674232 8.999999999999999e-05 18449
1763550684195 8.999999999999999e-05 18499
1763550693914 8.999999999999999e-05 18549
1763550703793 8.999999999999999e-05 18599
1763550723323 8.999999999999999e-05 18649
1763550733231 8.999999999999999e-05 18699
1763550742984 8.999999999999999e-05 18749
1763550752788 8.999999999999999e-05 18799
1763550762583 8.999999999999999e-05 18849
1763550772423 8.999999999999999e-05 18899
1763550792354 8.999999999999999e-05 18949
1763550802150 8.999999999999999e-05 18999
1763550812028 8.999999999999999e-05 19049
1763550821766 8.999999999999999e-05 19099
1763550831595 8.999999999999999e-05 19149
1763550841469 8.999999999999999e-05 19199
1763550861802 8.999999999999999e-05 19249
1763550871599 8.999999999999999e-05 19299
1763550881355 8.999999999999999e-05 19349
1763550891156 8.999999999999999e-05 19399
1763550901018 8.999999999999999e-05 19449
1763550911056 8.999999999999999e-05 19499
1763550930628 8.999999999999999e-05 19549
1763550940417 8.999999999999999e-05 19599
1763550950295 8.999999999999999e-05 19649
1763550960031 8.999999999999999e-05 19699
1763550970107 8.999999999999999e-05 19749
1763550979867 8.999999999999999e-05 19799
1763550999496 8.999999999999999e-05 19849
1763551009256 8.999999999999999e-05 19899
1763551018991 8.999999999999999e-05 19949
1763551029130 8.999999999999999e-05 19999
1763551039075 8.999999999999999e-05 20049
1763551048811 8.999999999999999e-05 20099
1763551068394 8.999999999999999e-05 20149
1763551078169 8.999999999999999e-05 20199
1763551088164 8.999999999999999e-05 20249
1763551097999 8.999999999999999e-05 20299
1763551107790 8.999999999999999e-05 20349
1763551117632 8.999999999999999e-05 20399
1763551137418 8.999999999999999e-05 20449
1763551147427 8.999999999999999e-05 20499
1763551157306 8.999999999999999e-05 20549
1763551167256 8.999999999999999e-05 20599
1763551177096 8.999999999999999e-05 20649
1763551186899 8.999999999999999e-05 20699
1763551206497 8.999999999999999e-05 20749
1763551216350 8.999999999999999e-05 20799
1763551226211 8.999999999999999e-05 20849
1763551236073 8.999999999999999e-05 20899
1763551245916 8.999999999999999e-05 20949
1763551255721 8.999999999999999e-05 20999
1763551275759 8.999999999999999e-05 21049
1763551285591 8.999999999999999e-05 21099
1763551295394 8.999999999999999e-05 21149
1763551305234 8.999999999999999e-05 21199
1763551315039 8.999999999999999e-05 21249
1763551325089 8.999999999999999e-05 21299
1763551345027 8.999999999999999e-05 21349
1763551354902 8.999999999999999e-05 21399
1763551364833 8.999999999999999e-05 21449
1763551374659 8.999999999999999e-05 21499
1763551384833 8.999999999999999e-05 21549
1763551394658 8.999999999999999e-05 21599
1763551414314 8.999999999999999e-05 21649
1763551424047 8.999999999999999e-05 21699
1763551433911 8.999999999999999e-05 21749
1763551443865 8.999999999999999e-05 21799
1763551453851 8.999999999999999e-05 21849
1763551463733 8.999999999999999e-05 21899
1763551483457 8.999999999999999e-05 21949
1763551493255 8.999999999999999e-05 21999
1763551503152 8.999999999999999e-05 22049
1763551513131 8.999999999999999e-05 22099
1763551522961 8.999999999999999e-05 22149
1763551532894 8.999999999999999e-05 22199
1763551552595 8.999999999999999e-05 22249
1763551562409 8.999999999999999e-05 22299
1763551572416 8.999999999999999e-05 22349
1763551582170 8.999999999999999e-05 22399
1763551592035 8.999999999999999e-05 22449
1763551601812 8.999999999999999e-05 22499
1763551621225 8.999999999999999e-05 22549
1763551631340 8.999999999999999e-05 22599
1763551641052 8.999999999999999e-05 22649
1763551650899 8.999999999999999e-05 22699
1763551660747 8.999999999999999e-05 22749
1763551670516 8.999999999999999e-05 22799
1763551690229 8.999999999999999e-05 22849
1763551699990 8.999999999999999e-05 22899
1763551709775 8.999999999999999e-05 22949
1763551719507 8.999999999999999e-05 22999
1763551729299 8.999999999999999e-05 23049
1763551739179 8.999999999999999e-05 23099
1763551759411 8.999999999999999e-05 23149
1763551769148 8.999999999999999e-05 23199
1763551778965 8.999999999999999e-05 23249
1763551788860 8.999999999999999e-05 23299
1763551798738 8.999999999999999e-05 23349
1763551808898 8.999999999999999e-05 23399
1763551828551 8.999999999999999e-05 23449
1763551838352 8.999999999999999e-05 23499
1763551848128 8.999999999999999e-05 23549
1763551857866 8.999999999999999e-05 23599
1763551867930 8.999999999999999e-05 23649
1763551877882 8.999999999999999e-05 23699
1763551897428 8.999999999999999e-05 23749
1763551907238 8.999999999999999e-05 23799
1763551917082 8.999999999999999e-05 23849
1763551927138 8.999999999999999e-05 23899
1763551936948 8.999999999999999e-05 23949
1763551946826 8.999999999999999e-05 23999
1763551966451 8.999999999999999e-05 24049
1763551976172 8.999999999999999e-05 24099
1763551986107 8.999999999999999e-05 24149
1763551995846 8.999999999999999e-05 24199
1763552005586 8.999999999999999e-05 24249
1763552015405 8.999999999999999e-05 24299
1763552034889 8.999999999999999e-05 24349
1763552044960 8.999999999999999e-05 24399
1763552054872 8.999999999999999e-05 24449
1763552064656 8.999999999999999e-05 24499
1763552074482 8.999999999999999e-05 24549
1763552084277 8.999999999999999e-05 24599
1763552104138 8.999999999999999e-05 24649
1763552114048 8.999999999999999e-05 24699
1763552124048 8.999999999999999e-05 24749
1763552133811 8.999999999999999e-05 24799
1763552143696 8.999999999999999e-05 24849
1763552153571 8.999999999999999e-05 24899
1763552173461 8.999999999999999e-05 24949
1763552183276 8.999999999999999e-05 24999
1763552193029 8.999999999999999e-05 25049
1763552202750 8.999999999999999e-05 25099
1763552212527 8.999999999999999e-05 25149
1763552222533 8.999999999999999e-05 25199
1763552242421 8.999999999999999e-05 25249
1763552252275 8.999999999999999e-05 25299
1763552262029 8.999999999999999e-05 25349
1763552271826 8.999999999999999e-05 25399
1763552281647 8.999999999999999e-05 25449
1763552291684 8.999999999999999e-05 25499
1763552311244 8.999999999999999e-05 25549
1763552321206 8.999999999999999e-05 25599
1763552330993 8.999999999999999e-05 25649
1763552340840 8.999999999999999e-05 25699
1763552350842 8.999999999999999e-05 25749
1763552360705 8.999999999999999e-05 25799
1763552380360 8.999999999999999e-05 25849
1763552390165 8.999999999999999e-05 25899
1763552400103 8.999999999999999e-05 25949
1763552410131 8.999999999999999e-05 25999
1763552419940 8.999999999999999e-05 26049
1763552429805 8.999999999999999e-05 26099
1763552449426 8.999999999999999e-05 26149
1763552459248 8.999999999999999e-05 26199
1763552469313 8.999999999999999e-05 26249
1763552479248 8.999999999999999e-05 26299
1763552489177 8.999999999999999e-05 26349
1763552498997 8.999999999999999e-05 26399
1763552518598 8.999999999999999e-05 26449
1763552528770 8.999999999999999e-05 26499
1763552538558 8.999999999999999e-05 26549
1763552548505 8.999999999999999e-05 26599
1763552558429 8.999999999999999e-05 26649
1763552568268 8.999999999999999e-05 26699
1763552588092 8.999999999999999e-05 26749
1763552597932 8.999999999999999e-05 26799
1763552607916 8.999999999999999e-05 26849
1763552617724 8.999999999999999e-05 26899
1763552627536 8.999999999999999e-05 26949
1763552637338 8.999999999999999e-05 26999
1763552657426 8.999999999999999e-05 27049
1763552667193 8.999999999999999e-05 27099
1763552676926 8.999999999999999e-05 27149
1763552686751 8.999999999999999e-05 27199
1763552696561 8.999999999999999e-05 27249
1763552706520 8.999999999999999e-05 27299
1763552726223 8.999999999999999e-05 27349
1763552736161 8.999999999999999e-05 27399
1763552746045 8.999999999999999e-05 27449
1763552755954 8.999999999999999e-05 27499
1763552765960 8.999999999999999e-05 27549
1763552775854 8.999999999999999e-05 27599
1763552795413 8.999999999999999e-05 27649
1763552805224 8.999999999999999e-05 27699
1763552814999 8.999999999999999e-05 27749
1763552825019 8.999999999999999e-05 27799
1763552834789 8.999999999999999e-05 27849
1763552844561 8.999999999999999e-05 27899
1763552864197 8.999999999999999e-05 27949
1763552873949 8.999999999999999e-05 27999
1763552884004 8.999999999999999e-05 28049
1763552893840 8.999999999999999e-05 28099
1763552903635 8.999999999999999e-05 28149
1763552913345 8.999999999999999e-05 28199
1763552933094 8.999999999999999e-05 28249
1763552943008 8.999999999999999e-05 28299
1763552952999 8.999999999999999e-05 28349
1763552962834 8.999999999999999e-05 28399
1763552972767 8.999999999999999e-05 28449
1763552982706 8.999999999999999e-05 28499
1763553002415 8.999999999999999e-05 28549
1763553012426 8.999999999999999e-05 28599
1763553022381 8.999999999999999e-05 28649
1763553032279 8.999999999999999e-05 28699
1763553042045 8.999999999999999e-05 28749
1763553051870 8.999999999999999e-05 28799
1763553071820 8.999999999999999e-05 28849
1763553081551 8.999999999999999e-05 28899
1763553091258 8.999999999999999e-05 28949
1763553101087 8.999999999999999e-05 28999
1763553110905 8.999999999999999e-05 29049
1763553120795 8.999999999999999e-05 29099
1763553140859 8.999999999999999e-05 29149
1763553150665 8.999999999999999e-05 29199
1763553160525 8.999999999999999e-05 29249
1763553170388 8.999999999999999e-05 29299
1763553180116 8.999999999999999e-05 29349
1763553190184 8.999999999999999e-05 29399
1763553209856 8.999999999999999e-05 29449
1763553219742 8.999999999999999e-05 29499
1763553229607 8.999999999999999e-05 29549
1763553239381 8.999999999999999e-05 29599
1763553249503 8.999999999999999e-05 29649
1763553259384 8.999999999999999e-05 29699
1763553278867 8.999999999999999e-05 29749
1763553288650 8.999999999999999e-05 29799
1763553298496 8.999999999999999e-05 29849
1763553308492 8.999999999999999e-05 29899
1763553318234 8.999999999999999e-05 29949
1763553327881 8.999999999999999e-05 29999
1763553347337 2.6999999999999996e-05 30049
1763553357133 2.6999999999999996e-05 30099
1763553367191 2.6999999999999996e-05 30149
1763553377027 2.6999999999999996e-05 30199
1763553386914 2.6999999999999996e-05 30249
1763553396667 2.6999999999999996e-05 30299
1763553416222 2.6999999999999996e-05 30349
1763553426237 2.6999999999999996e-05 30399
1763553436023 2.6999999999999996e-05 30449
1763553445778 2.6999999999999996e-05 30499
1763553455352 2.6999999999999996e-05 30549
1763553465189 2.6999999999999996e-05 30599
1763553485025 2.6999999999999996e-05 30649
1763553494878 2.6999999999999996e-05 30699
1763553504663 2.6999999999999996e-05 30749
1763553514445 2.6999999999999996e-05 30799
1763553524280 2.6999999999999996e-05 30849
1763553534121 2.6999999999999996e-05 30899
1763553554026 2.6999999999999996e-05 30949
1763553563858 2.6999999999999996e-05 30999
1763553573520 2.6999999999999996e-05 31049
1763553583356 2.6999999999999996e-05 31099
1763553593242 2.6999999999999996e-05 31149
1763553603187 2.6999999999999996e-05 31199
1763553623067 2.6999999999999996e-05 31249
1763553632865 2.6999999999999996e-05 31299
1763553642661 2.6999999999999996e-05 31349
1763553652456 2.6999999999999996e-05 31399
1763553662325 2.6999999999999996e-05 31449
1763553672393 2.6999999999999996e-05 31499
1763553692083 2.6999999999999996e-05 31549
1763553701887 2.6999999999999996e-05 31599
1763553711946 2.6999999999999996e-05 31649
1763553721746 2.6999999999999996e-05 31699
1763553731807 2.6999999999999996e-05 31749
1763553741640 2.6999999999999996e-05 31799
1763553761272 2.6999999999999996e-05 31849
1763553771086 2.6999999999999996e-05 31899
1763553780885 2.6999999999999996e-05 31949
1763553790948 2.6999999999999996e-05 31999
1763553800852 2.6999999999999996e-05 32049
1763553810551 2.6999999999999996e-05 32099
1763553830124 2.6999999999999996e-05 32149
1763553839933 2.6999999999999996e-05 32199
1763553850008 2.6999999999999996e-05 32249
1763553859865 2.6999999999999996e-05 32299
1763553869574 2.6999999999999996e-05 32349
1763553879484 2.6999999999999996e-05 32399
1763553898917 2.6999999999999996e-05 32449
1763553908920 2.6999999999999996e-05 32499
1763553918769 2.6999999999999996e-05 32549
1763553928719 2.6999999999999996e-05 32599
1763553938688 2.6999999999999996e-05 32649
1763553948682 2.6999999999999996e-05 32699
1763553968654 2.6999999999999996e-05 32749
1763553978427 2.6999999999999996e-05 32799
1763553988248 2.6999999999999996e-05 32849
1763553998112 2.6999999999999996e-05 32899
1763554007966 2.6999999999999996e-05 32949
1763554017742 2.6999999999999996e-05 32999
1763554037854 2.6999999999999996e-05 33049
1763554047696 2.6999999999999996e-05 33099
1763554057593 2.6999999999999996e-05 33149
1763554067304 2.6999999999999996e-05 33199
1763554077082 2.6999999999999996e-05 33249
1763554087070 2.6999999999999996e-05 33299
1763554106560 2.6999999999999996e-05 33349
1763554116282 2.6999999999999996e-05 33399
1763554125914 2.6999999999999996e-05 33449
1763554135783 2.6999999999999996e-05 33499
1763554145894 2.6999999999999996e-05 33549
1763554155747 2.6999999999999996e-05 33599
1763554175372 2.6999999999999996e-05 33649
1763554185208 2.6999999999999996e-05 33699
1763554194935 2.6999999999999996e-05 33749
1763554205025 2.6999999999999996e-05 33799
1763554214773 2.6999999999999996e-05 33849
1763554224552 2.6999999999999996e-05 33899
