1763546517842 2.553025484085083 299
1763546586363 2.2331840991973877 599
1763546654895 2.16972017288208 899
1763546723288 2.1663055419921875 1199
1763546791427 2.121829032897949 1499
1763546860339 2.1170654296875 1799
1763546928744 2.1407907009124756 2099
1763546997304 2.1031997203826904 2399
1763547066161 2.1259961128234863 2699
1763547134730 2.1170828342437744 2999
1763547203163 2.0849568843841553 3299
1763547271633 2.0673229694366455 3599
1763547340106 2.0680103302001953 3899
1763547409087 2.083390712738037 4199
1763547478240 2.062094211578369 4499
1763547547405 2.0737500190734863 4799
1763547616155 2.0577826499938965 5099
1763547684801 2.045930862426758 5399
1763547753156 2.0503313541412354 5699
1763547822212 2.0418832302093506 5999
1763547890782 2.0309414863586426 6299
1763547959298 2.0132791996002197 6599
1763548028436 2.0218615531921387 6899
1763548097029 2.002504348754883 7199
1763548165662 2.000821828842163 7499
1763548234282 2.025156259536743 7799
1763548302926 2.0089359283447266 8099
1763548371452 2.003535032272339 8399
1763548439859 1.994660496711731 8699
1763548508901 2.0096731185913086 8999
1763548577439 2.0013387203216553 9299
1763548645660 1.990639567375183 9599
1763548714367 1.9914544820785522 9899
1763548782766 1.99853515625 10199
1763548851270 1.9786051511764526 10499
1763548919999 1.985658884048462 10799
1763548989007 1.993209719657898 11099
1763549057340 1.9870555400848389 11399
1763549125654 1.9685630798339844 11699
1763549194253 1.9701529741287231 11999
1763549262464 1.9252736568450928 12299
1763549331371 1.9355262517929077 12599
1763549399983 1.9452307224273682 12899
1763549469363 1.9339723587036133 13199
1763549538512 1.921378493309021 13499
1763549607183 1.922487735748291 13799
1763549676309 1.9226529598236084 14099
1763549745310 1.9203563928604126 14399
1763549814787 1.912810206413269 14699
1763549884287 1.916839361190796 14999
1763549953685 1.9184833765029907 15299
1763550022797 1.9139049053192139 15599
1763550091681 1.9233508110046387 15899
1763550160264 1.9208890199661255 16199
1763550228991 1.921128749847412 16499
1763550298110 1.9307622909545898 16799
1763550367792 1.8987542390823364 17099
1763550437134 1.9098700284957886 17399
1763550505914 1.9009408950805664 17699
1763550575313 1.9085499048233032 17999
1763550644088 1.889958143234253 18299
1763550712922 1.890312910079956 18599
1763550781636 1.8912993669509888 18899
1763550851288 1.8951696157455444 19199
1763550920262 1.8767246007919312 19499
1763550989131 1.8946112394332886 19799
1763551057981 1.885279655456543 20099
1763551126928 1.888989806175232 20399
1763551196041 1.8794002532958984 20699
1763551265343 1.8819389343261719 20999
1763551334565 1.8836151361465454 21299
1763551403906 1.8916974067687988 21599
1763551472938 1.8893934488296509 21899
1763551542170 1.873924970626831 22199
1763551610865 1.8821980953216553 22499
1763551679668 1.9024016857147217 22799
1763551748983 1.8936011791229248 23099
1763551818200 1.8953042030334473 23399
1763551887082 1.863785743713379 23699
1763551956178 1.8997013568878174 23999
1763552024477 1.8864370584487915 24299
1763552093562 1.8878276348114014 24599
1763552162833 1.8671458959579468 24899
1763552232038 1.8858788013458252 25199
1763552300981 1.8829350471496582 25499
1763552369797 1.8795292377471924 25799
1763552439090 1.87488853931427 26099
1763552508203 1.8802334070205688 26399
1763552577467 1.8746463060379028 26699
1763552647010 1.8835651874542236 26999
1763552715801 1.871572732925415 27299
1763552785037 1.8812954425811768 27599
1763552853891 1.876939296722412 27899
1763552922652 1.8902413845062256 28199
1763552992016 1.864909052848816 28499
1763553061141 1.8845733404159546 28799
1763553130562 1.889311671257019 29099
1763553199613 1.8711837530136108 29399
1763553268523 1.8808109760284424 29699
1763553336949 1.8821712732315063 29999
1763553405885 1.8746756315231323 30299
1763553474484 1.8747106790542603 30599
1763553543453 1.8714721202850342 30899
1763553612766 1.8656260967254639 31199
1763553681679 1.8721411228179932 31499
1763553750883 1.8738863468170166 31799
1763553819740 1.8672163486480713 32099
1763553888652 1.880467176437378 32399
1763553958015 1.877828598022461 32699
1763554027448 1.875159740447998 32999
1763554096222 1.868329405784607 33299
1763554165153 1.8662925958633423 33599
1763554233544 1.8700777292251587 33899
