1763546517842 2.738766670227051 299
1763546586363 2.2506513595581055 599
1763546654895 2.160844564437866 899
1763546723288 2.141458511352539 1199
1763546791427 2.086434841156006 1499
1763546860339 2.06500506401062 1799
1763546928744 2.062106132507324 2099
1763546997304 2.045699119567871 2399
1763547066161 2.064941644668579 2699
1763547134730 2.0478553771972656 2999
1763547203163 2.013774871826172 3299
1763547271633 1.9878251552581787 3599
1763547340106 1.9947571754455566 3899
1763547409087 1.9877046346664429 4199
1763547478240 1.9803147315979004 4499
1763547547405 1.989277958869934 4799
1763547616155 1.9733281135559082 5099
1763547684801 1.9647623300552368 5399
1763547753156 1.9660346508026123 5699
1763547822212 1.9494107961654663 5999
1763547890782 1.9434943199157715 6299
1763547959298 1.9360307455062866 6599
1763548028436 1.9337338209152222 6899
1763548097029 1.91727876663208 7199
1763548165662 1.9237408638000488 7499
1763548234282 1.9230343103408813 7799
1763548302926 1.9107095003128052 8099
1763548371452 1.9208154678344727 8399
1763548439859 1.911566138267517 8699
1763548508901 1.9094023704528809 8999
1763548577439 1.902037262916565 9299
1763548645660 1.8925995826721191 9599
1763548714367 1.9035496711730957 9899
1763548782766 1.9034782648086548 10199
1763548851270 1.892663598060608 10499
1763548919999 1.8911921977996826 10799
1763548989007 1.898279070854187 11099
1763549057340 1.8939234018325806 11399
1763549125654 1.8715521097183228 11699
1763549194253 1.8813247680664062 11999
1763549262464 1.8299442529678345 12299
1763549331371 1.829620122909546 12599
1763549399983 1.8449416160583496 12899
1763549469363 1.8313685655593872 13199
1763549538512 1.8237357139587402 13499
1763549607183 1.8275295495986938 13799
1763549676309 1.8311500549316406 14099
1763549745310 1.8164255619049072 14399
1763549814787 1.8233816623687744 14699
1763549884287 1.8092437982559204 14999
1763549953685 1.8156362771987915 15299
1763550022797 1.8165252208709717 15599
1763550091681 1.8167250156402588 15899
1763550160264 1.8186639547348022 16199
1763550228991 1.808942437171936 16499
1763550298110 1.8131431341171265 16799
1763550367792 1.7970844507217407 17099
1763550437134 1.8134021759033203 17399
1763550505914 1.7999894618988037 17699
1763550575313 1.8058574199676514 17999
1763550644088 1.7964327335357666 18299
1763550712922 1.7884224653244019 18599
1763550781636 1.7907118797302246 18899
1763550851288 1.796712040901184 19199
1763550920262 1.7758334875106812 19499
1763550989131 1.791953444480896 19799
1763551057981 1.7752724885940552 20099
1763551126928 1.7793093919754028 20399
1763551196041 1.7782875299453735 20699
1763551265343 1.7800586223602295 20999
1763551334565 1.7757713794708252 21299
1763551403906 1.795905351638794 21599
1763551472938 1.779906988143921 21899
1763551542170 1.7657793760299683 22199
1763551610865 1.7885541915893555 22499
1763551679668 1.7888561487197876 22799
1763551748983 1.7683202028274536 23099
1763551818200 1.7834287881851196 23399
1763551887082 1.779650092124939 23699
1763551956178 1.7895395755767822 23999
1763552024477 1.7849630117416382 24299
1763552093562 1.7752543687820435 24599
1763552162833 1.764271855354309 24899
1763552232038 1.7791492938995361 25199
1763552300981 1.7831212282180786 25499
1763552369797 1.7642394304275513 25799
1763552439090 1.7654176950454712 26099
1763552508203 1.7718497514724731 26399
1763552577467 1.766286849975586 26699
1763552647010 1.780009150505066 26999
1763552715801 1.773022174835205 27299
1763552785037 1.779260516166687 27599
1763552853891 1.7738491296768188 27899
1763552922652 1.782796859741211 28199
1763552992016 1.7722245454788208 28499
1763553061141 1.7715779542922974 28799
1763553130562 1.777819037437439 29099
1763553199613 1.7768751382827759 29399
1763553268523 1.7678025960922241 29699
1763553336949 1.7648097276687622 29999
1763553405885 1.7626409530639648 30299
1763553474484 1.7709028720855713 30599
1763553543453 1.7579960823059082 30899
1763553612766 1.7636164426803589 31199
1763553681679 1.766611933708191 31499
1763553750883 1.7603176832199097 31799
1763553819740 1.755449652671814 32099
1763553888652 1.7653204202651978 32399
1763553958015 1.7708970308303833 32699
1763554027448 1.7695703506469727 32999
1763554096222 1.763373613357544 33299
1763554165153 1.7608600854873657 33599
1763554233544 1.7618958950042725 33899
