1763546517842 2.66888427734375 299
1763546586363 2.1231720447540283 599
1763546654895 1.9741300344467163 899
1763546723288 1.9493619203567505 1199
1763546791427 1.8924568891525269 1499
1763546860339 1.86493980884552 1799
1763546928744 1.8658075332641602 2099
1763546997304 1.833166480064392 2399
1763547066161 1.856518030166626 2699
1763547134730 1.8329310417175293 2999
1763547203163 1.7948310375213623 3299
1763547271633 1.7832027673721313 3599
1763547340106 1.7772198915481567 3899
1763547409087 1.7797119617462158 4199
1763547478240 1.774254560470581 4499
1763547547405 1.7795543670654297 4799
1763547616155 1.753548502922058 5099
1763547684801 1.759912133216858 5399
1763547753156 1.746024489402771 5699
1763547822212 1.747331976890564 5999
1763547890782 1.7437191009521484 6299
1763547959298 1.7253906726837158 6599
1763548028436 1.7226390838623047 6899
1763548097029 1.7093207836151123 7199
1763548165662 1.7223591804504395 7499
1763548234282 1.7246109247207642 7799
1763548302926 1.7124180793762207 8099
1763548371452 1.71865713596344 8399
1763548439859 1.7013968229293823 8699
1763548508901 1.7065961360931396 8999
1763548577439 1.6993099451065063 9299
1763548645660 1.6955535411834717 9599
1763548714367 1.6952059268951416 9899
1763548782766 1.6948435306549072 10199
1763548851270 1.6902469396591187 10499
1763548919999 1.6843698024749756 10799
1763548989007 1.6987876892089844 11099
1763549057340 1.6828954219818115 11399
1763549125654 1.6775548458099365 11699
1763549194253 1.6854236125946045 11999
1763549262464 1.6351215839385986 12299
1763549331371 1.6236727237701416 12599
1763549399983 1.63127601146698 12899
1763549469363 1.621397852897644 13199
1763549538512 1.6165236234664917 13499
1763549607183 1.6276966333389282 13799
1763549676309 1.6298319101333618 14099
1763549745310 1.621201753616333 14399
1763549814787 1.6210227012634277 14699
1763549884287 1.6182841062545776 14999
1763549953685 1.61919367313385 15299
1763550022797 1.613718032836914 15599
1763550091681 1.6182634830474854 15899
1763550160264 1.6159814596176147 16199
1763550228991 1.605503797531128 16499
1763550298110 1.6119028329849243 16799
1763550367792 1.611464023590088 17099
1763550437134 1.6146382093429565 17399
1763550505914 1.6051939725875854 17699
1763550575313 1.611069679260254 17999
1763550644088 1.593387246131897 18299
1763550712922 1.584377646446228 18599
1763550781636 1.6003507375717163 18899
1763550851288 1.6020115613937378 19199
1763550920262 1.588743805885315 19499
1763550989131 1.5932226181030273 19799
1763551057981 1.5887296199798584 20099
1763551126928 1.5897653102874756 20399
1763551196041 1.5937132835388184 20699
1763551265343 1.5840648412704468 20999
1763551334565 1.594238519668579 21299
1763551403906 1.596582293510437 21599
1763551472938 1.5920383930206299 21899
1763551542170 1.574494481086731 22199
1763551610865 1.5884348154067993 22499
1763551679668 1.5889605283737183 22799
1763551748983 1.5827277898788452 23099
1763551818200 1.5894968509674072 23399
1763551887082 1.5921717882156372 23699
1763551956178 1.5911147594451904 23999
1763552024477 1.5914044380187988 24299
1763552093562 1.5832629203796387 24599
1763552162833 1.5850529670715332 24899
1763552232038 1.58446204662323 25199
1763552300981 1.584368348121643 25499
1763552369797 1.574916958808899 25799
1763552439090 1.5840539932250977 26099
1763552508203 1.5764682292938232 26399
1763552577467 1.5777274370193481 26699
1763552647010 1.5851285457611084 26999
1763552715801 1.5816130638122559 27299
1763552785037 1.583619475364685 27599
1763552853891 1.591620683670044 27899
1763552922652 1.5777852535247803 28199
1763552992016 1.5779454708099365 28499
1763553061141 1.5821760892868042 28799
1763553130562 1.5830427408218384 29099
1763553199613 1.5767011642456055 29399
1763553268523 1.5766271352767944 29699
1763553336949 1.572930097579956 29999
1763553405885 1.5668238401412964 30299
1763553474484 1.5730516910552979 30599
1763553543453 1.5735746622085571 30899
1763553612766 1.576167106628418 31199
1763553681679 1.5759164094924927 31499
1763553750883 1.5685598850250244 31799
1763553819740 1.562983512878418 32099
1763553888652 1.574793815612793 32399
1763553958015 1.5769989490509033 32699
1763554027448 1.5810505151748657 32999
1763554096222 1.5692282915115356 33299
1763554165153 1.5728079080581665 33599
1763554233544 1.5700417757034302 33899
