1763546517842 2.30735445022583 299
1763546586363 1.7673933506011963 599
1763546654895 1.6227494478225708 899
1763546723288 1.5956205129623413 1199
1763546791427 1.5350079536437988 1499
1763546860339 1.5132652521133423 1799
1763546928744 1.5134215354919434 2099
1763546997304 1.4836827516555786 2399
1763547066161 1.5086479187011719 2699
1763547134730 1.4900985956192017 2999
1763547203163 1.4555915594100952 3299
1763547271633 1.4463919401168823 3599
1763547340106 1.4374630451202393 3899
1763547409087 1.439098596572876 4199
1763547478240 1.4348711967468262 4499
1763547547405 1.453739047050476 4799
1763547616155 1.423600196838379 5099
1763547684801 1.4263907670974731 5399
1763547753156 1.4126542806625366 5699
1763547822212 1.4128541946411133 5999
1763547890782 1.4195106029510498 6299
1763547959298 1.3938008546829224 6599
1763548028436 1.3958638906478882 6899
1763548097029 1.381373643875122 7199
1763548165662 1.3907568454742432 7499
1763548234282 1.3990596532821655 7799
1763548302926 1.3972724676132202 8099
1763548371452 1.388655185699463 8399
1763548439859 1.3847934007644653 8699
1763548508901 1.3900307416915894 8999
1763548577439 1.379875898361206 9299
1763548645660 1.382520079612732 9599
1763548714367 1.3700950145721436 9899
1763548782766 1.3726880550384521 10199
1763548851270 1.3710048198699951 10499
1763548919999 1.363938331604004 10799
1763548989007 1.380178451538086 11099
1763549057340 1.3672728538513184 11399
1763549125654 1.3698513507843018 11699
1763549194253 1.3678520917892456 11999
1763549262464 1.314427375793457 12299
1763549331371 1.318193793296814 12599
1763549399983 1.3222068548202515 12899
1763549469363 1.3119475841522217 13199
1763549538512 1.3091763257980347 13499
1763549607183 1.3116120100021362 13799
1763549676309 1.3168928623199463 14099
1763549745310 1.317701816558838 14399
1763549814787 1.3147705793380737 14699
1763549884287 1.3101630210876465 14999
1763549953685 1.3174328804016113 15299
1763550022797 1.310890555381775 15599
1763550091681 1.312770962715149 15899
1763550160264 1.3118414878845215 16199
1763550228991 1.3135074377059937 16499
1763550298110 1.3059017658233643 16799
1763550367792 1.3090041875839233 17099
1763550437134 1.3087891340255737 17399
1763550505914 1.3098713159561157 17699
1763550575313 1.3121918439865112 17999
1763550644088 1.2982418537139893 18299
1763550712922 1.2956502437591553 18599
1763550781636 1.2922158241271973 18899
1763550851288 1.3042829036712646 19199
1763550920262 1.2845525741577148 19499
1763550989131 1.2896621227264404 19799
1763551057981 1.2864677906036377 20099
1763551126928 1.2943933010101318 20399
1763551196041 1.2983790636062622 20699
1763551265343 1.290650725364685 20999
1763551334565 1.2871830463409424 21299
1763551403906 1.2926422357559204 21599
1763551472938 1.2936151027679443 21899
1763551542170 1.2840415239334106 22199
1763551610865 1.287553310394287 22499
1763551679668 1.2934558391571045 22799
1763551748983 1.2892183065414429 23099
1763551818200 1.2966245412826538 23399
1763551887082 1.28634512424469 23699
1763551956178 1.2957136631011963 23999
1763552024477 1.2839926481246948 24299
1763552093562 1.2901281118392944 24599
1763552162833 1.2889676094055176 24899
1763552232038 1.287807583808899 25199
1763552300981 1.2864593267440796 25499
1763552369797 1.2897956371307373 25799
1763552439090 1.2929397821426392 26099
1763552508203 1.2824115753173828 26399
1763552577467 1.2848026752471924 26699
1763552647010 1.2863399982452393 26999
1763552715801 1.2805277109146118 27299
1763552785037 1.2880207300186157 27599
1763552853891 1.2907483577728271 27899
1763552922652 1.280043363571167 28199
1763552992016 1.2831377983093262 28499
1763553061141 1.2844223976135254 28799
1763553130562 1.2853513956069946 29099
1763553199613 1.2815243005752563 29399
1763553268523 1.2877168655395508 29699
1763553336949 1.2814582586288452 29999
1763553405885 1.2737325429916382 30299
1763553474484 1.2798244953155518 30599
1763553543453 1.2804322242736816 30899
1763553612766 1.281816005706787 31199
1763553681679 1.2815499305725098 31499
1763553750883 1.2865678071975708 31799
1763553819740 1.2804690599441528 32099
1763553888652 1.2810992002487183 32399
1763553958015 1.2836302518844604 32699
1763554027448 1.2774025201797485 32999
1763554096222 1.2821152210235596 33299
1763554165153 1.279346227645874 33599
1763554233544 1.2821449041366577 33899
