1763546517842 2.0077145099639893 299
1763546586363 1.2839494943618774 599
1763546654895 1.1632847785949707 899
1763546723288 1.1381202936172485 1199
1763546791427 1.0969961881637573 1499
1763546860339 1.0846874713897705 1799
1763546928744 1.0999348163604736 2099
1763546997304 1.0784666538238525 2399
1763547066161 1.1268893480300903 2699
1763547134730 1.0898061990737915 2999
1763547203163 1.0668336153030396 3299
1763547271633 1.0581927299499512 3599
1763547340106 1.0548733472824097 3899
1763547409087 1.0545700788497925 4199
1763547478240 1.048218846321106 4499
1763547547405 1.0613242387771606 4799
1763547616155 1.0497715473175049 5099
1763547684801 1.051858901977539 5399
1763547753156 1.0344895124435425 5699
1763547822212 1.0408430099487305 5999
1763547890782 1.0421984195709229 6299
1763547959298 1.0233354568481445 6599
1763548028436 1.0294467210769653 6899
1763548097029 1.0236848592758179 7199
1763548165662 1.0239051580429077 7499
1763548234282 1.0303030014038086 7799
1763548302926 1.0281355381011963 8099
1763548371452 1.0215402841567993 8399
1763548439859 1.0181143283843994 8699
1763548508901 1.0293264389038086 8999
1763548577439 1.0278559923171997 9299
1763548645660 1.021402359008789 9599
1763548714367 1.0279035568237305 9899
1763548782766 1.0215661525726318 10199
1763548851270 1.0148833990097046 10499
1763548919999 1.017708659172058 10799
1763548989007 1.0242348909378052 11099
1763549057340 1.015326738357544 11399
1763549125654 1.0161346197128296 11699
1763549194253 1.0122560262680054 11999
1763549262464 0.9731712937355042 12299
1763549331371 0.9766656160354614 12599
1763549399983 0.9728680849075317 12899
1763549469363 0.9645613431930542 13199
1763549538512 0.9713107943534851 13499
1763549607183 0.9706879258155823 13799
1763549676309 0.9727831482887268 14099
1763549745310 0.9713722467422485 14399
1763549814787 0.9792981743812561 14699
1763549884287 0.9719341397285461 14999
1763549953685 0.9745839238166809 15299
1763550022797 0.9723365902900696 15599
1763550091681 0.9704851508140564 15899
1763550160264 0.9766665697097778 16199
1763550228991 0.9765188097953796 16499
1763550298110 0.9732463359832764 16799
1763550367792 0.9736960530281067 17099
1763550437134 0.9744080305099487 17399
1763550505914 0.9695250391960144 17699
1763550575313 0.9766939878463745 17999
1763550644088 0.9622507095336914 18299
1763550712922 0.9581490755081177 18599
1763550781636 0.9596584439277649 18899
1763550851288 0.9645616412162781 19199
1763550920262 0.9524617791175842 19499
1763550989131 0.9625741839408875 19799
1763551057981 0.9611930251121521 20099
1763551126928 0.9662972092628479 20399
1763551196041 0.9625141620635986 20699
1763551265343 0.9604419469833374 20999
1763551334565 0.9570816159248352 21299
1763551403906 0.9587148427963257 21599
1763551472938 0.9605443477630615 21899
1763551542170 0.9552772641181946 22199
1763551610865 0.957349419593811 22499
1763551679668 0.9636122584342957 22799
1763551748983 0.9612188935279846 23099
1763551818200 0.9608099460601807 23399
1763551887082 0.9551454186439514 23699
1763551956178 0.9616135358810425 23999
1763552024477 0.9597906470298767 24299
1763552093562 0.9613276124000549 24599
1763552162833 0.9596064686775208 24899
1763552232038 0.9585304260253906 25199
1763552300981 0.9599108695983887 25499
1763552369797 0.9609276056289673 25799
1763552439090 0.9653444290161133 26099
1763552508203 0.95814448595047 26399
1763552577467 0.959385335445404 26699
1763552647010 0.9587025046348572 26999
1763552715801 0.9551327228546143 27299
1763552785037 0.9586678743362427 27599
1763552853891 0.9629883766174316 27899
1763552922652 0.9589781165122986 28199
1763552992016 0.9585078358650208 28499
1763553061141 0.9587249159812927 28799
1763553130562 0.9604393243789673 29099
1763553199613 0.959991991519928 29399
1763553268523 0.9599789381027222 29699
1763553336949 0.9601610898971558 29999
1763553405885 0.9542267322540283 30299
1763553474484 0.9576368927955627 30599
1763553543453 0.9553528428077698 30899
1763553612766 0.956823468208313 31199
1763553681679 0.9544420838356018 31499
1763553750883 0.9592142105102539 31799
1763553819740 0.9576143026351929 32099
1763553888652 0.9555010199546814 32399
1763553958015 0.9598761200904846 32699
1763554027448 0.9546417593955994 32999
1763554096222 0.958524227142334 33299
1763554165153 0.9552191495895386 33599
1763554233544 0.9544036984443665 33899
