1763546517842 7.802646636962891 299
1763546586363 3.8758327960968018 599
1763546654895 3.3325676918029785 899
1763546723288 3.113180160522461 1199
1763546791427 2.8187344074249268 1499
1763546860339 2.7643260955810547 1799
1763546928744 2.7633402347564697 2099
1763546997304 2.6043930053710938 2399
1763547066161 2.9313206672668457 2699
1763547134730 2.73939847946167 2999
1763547203163 2.650134801864624 3299
1763547271633 2.581624984741211 3599
1763547340106 2.5837841033935547 3899
1763547409087 2.5470519065856934 4199
1763547478240 2.5062925815582275 4499
1763547547405 2.579698324203491 4799
1763547616155 2.475379467010498 5099
1763547684801 2.615901231765747 5399
1763547753156 2.3883652687072754 5699
1763547822212 2.446977376937866 5999
1763547890782 2.4232664108276367 6299
1763547959298 2.351013422012329 6599
1763548028436 2.409825325012207 6899
1763548097029 2.318798065185547 7199
1763548165662 2.4186172485351562 7499
1763548234282 2.35884165763855 7799
1763548302926 2.3558266162872314 8099
1763548371452 2.3788414001464844 8399
1763548439859 2.2591991424560547 8699
1763548508901 2.3806614875793457 8999
1763548577439 2.4103662967681885 9299
1763548645660 2.377408504486084 9599
1763548714367 2.2731971740722656 9899
1763548782766 2.3738667964935303 10199
1763548851270 2.255256414413452 10499
1763548919999 2.317216396331787 10799
1763548989007 2.4142422676086426 11099
1763549057340 2.3592185974121094 11399
1763549125654 2.3421738147735596 11699
1763549194253 2.3318464756011963 11999
1763549262464 2.063061237335205 12299
1763549331371 2.0563135147094727 12599
1763549399983 2.125683307647705 12899
1763549469363 2.1053473949432373 13199
1763549538512 2.089691638946533 13499
1763549607183 2.1558754444122314 13799
1763549676309 2.1019020080566406 14099
1763549745310 2.0991861820220947 14399
1763549814787 2.1681277751922607 14699
1763549884287 2.0268661975860596 14999
1763549953685 2.076051950454712 15299
1763550022797 2.0622212886810303 15599
1763550091681 2.03670072555542 15899
1763550160264 2.0311479568481445 16199
1763550228991 2.089233160018921 16499
1763550298110 2.097913980484009 16799
1763550367792 2.0507822036743164 17099
1763550437134 1.9951908588409424 17399
1763550505914 2.046642780303955 17699
1763550575313 2.0764260292053223 17999
1763550644088 1.9628554582595825 18299
1763550712922 1.992578387260437 18599
1763550781636 2.050158977508545 18899
1763550851288 2.0052504539489746 19199
1763550920262 2.090979814529419 19499
1763550989131 2.0022542476654053 19799
1763551057981 2.040803909301758 20099
1763551126928 2.0402729511260986 20399
1763551196041 2.0102150440216064 20699
1763551265343 2.0318422317504883 20999
1763551334565 2.0118906497955322 21299
1763551403906 2.0788633823394775 21599
1763551472938 1.971457600593567 21899
1763551542170 2.002673864364624 22199
1763551610865 2.0028486251831055 22499
1763551679668 2.0376667976379395 22799
1763551748983 2.00581431388855 23099
1763551818200 2.0262277126312256 23399
1763551887082 2.038851499557495 23699
1763551956178 2.0376648902893066 23999
1763552024477 2.0392611026763916 24299
1763552093562 2.046691417694092 24599
1763552162833 2.0319392681121826 24899
1763552232038 1.9950013160705566 25199
1763552300981 2.0311737060546875 25499
1763552369797 2.0291290283203125 25799
1763552439090 1.9719527959823608 26099
1763552508203 2.0410830974578857 26399
1763552577467 2.0001158714294434 26699
1763552647010 2.0333468914031982 26999
1763552715801 2.0548951625823975 27299
1763552785037 2.002518653869629 27599
1763552853891 2.035201072692871 27899
1763552922652 1.9773311614990234 28199
1763552992016 2.071917772293091 28499
1763553061141 2.018078565597534 28799
1763553130562 1.9889988899230957 29099
1763553199613 2.0475189685821533 29399
1763553268523 2.010157346725464 29699
1763553336949 1.9566200971603394 29999
1763553405885 2.040972948074341 30299
1763553474484 1.9507476091384888 30599
1763553543453 1.941195011138916 30899
1763553612766 2.0228350162506104 31199
1763553681679 1.9799902439117432 31499
1763553750883 1.9641059637069702 31799
1763553819740 1.9615613222122192 32099
1763553888652 2.0041909217834473 32399
1763553958015 2.0166659355163574 32699
1763554027448 2.0147547721862793 32999
1763554096222 1.949122667312622 33299
1763554165153 2.0106170177459717 33599
1763554233544 2.0304784774780273 33899
