1763546517842 2.5770015716552734 299
1763546586363 2.035088300704956 599
1763546654895 1.914425015449524 899
1763546723288 1.8918037414550781 1199
1763546791427 1.8345686197280884 1499
1763546860339 1.8132916688919067 1799
1763546928744 1.8186402320861816 2099
1763546997304 1.7890983819961548 2399
1763547066161 1.8163139820098877 2699
1763547134730 1.7949455976486206 2999
1763547203163 1.760421633720398 3299
1763547271633 1.7456351518630981 3599
1763547340106 1.7427735328674316 3899
1763547409087 1.7452619075775146 4199
1763547478240 1.7358821630477905 4499
1763547547405 1.7466282844543457 4799
1763547616155 1.7252709865570068 5099
1763547684801 1.7242166996002197 5399
1763547753156 1.7157254219055176 5699
1763547822212 1.7111984491348267 5999
1763547890782 1.7092785835266113 6299
1763547959298 1.6909300088882446 6599
1763548028436 1.692584753036499 6899
1763548097029 1.6771794557571411 7199
1763548165662 1.6837905645370483 7499
1763548234282 1.691091537475586 7799
1763548302926 1.6810507774353027 8099
1763548371452 1.6811277866363525 8399
1763548439859 1.6712361574172974 8699
1763548508901 1.6772637367248535 8999
1763548577439 1.6701562404632568 9299
1763548645660 1.6643683910369873 9599
1763548714367 1.664522409439087 9899
1763548782766 1.6663793325424194 10199
1763548851270 1.6581218242645264 10499
1763548919999 1.656009554862976 10799
1763548989007 1.6676170825958252 11099
1763549057340 1.6569703817367554 11399
1763549125654 1.647602915763855 11699
1763549194253 1.6516321897506714 11999
1763549262464 1.5998365879058838 12299
1763549331371 1.5998599529266357 12599
1763549399983 1.6078132390975952 12899
1763549469363 1.597895622253418 13199
1763549538512 1.5920088291168213 13499
1763549607183 1.5965405702590942 13799
1763549676309 1.5993762016296387 14099
1763549745310 1.5941851139068604 14399
1763549814787 1.5947058200836182 14699
1763549884287 1.5874158143997192 14999
1763549953685 1.5926650762557983 15299
1763550022797 1.5888231992721558 15599
1763550091681 1.5917575359344482 15899
1763550160264 1.5911370515823364 16199
1763550228991 1.5865756273269653 16499
1763550298110 1.5887792110443115 16799
1763550367792 1.5797005891799927 17099
1763550437134 1.586910605430603 17399
1763550505914 1.5780940055847168 17699
1763550575313 1.583477258682251 17999
1763550644088 1.568743109703064 18299
1763550712922 1.5635740756988525 18599
1763550781636 1.5692132711410522 18899
1763550851288 1.5754584074020386 19199
1763550920262 1.5585153102874756 19499
1763550989131 1.5672292709350586 19799
1763551057981 1.5598232746124268 20099
1763551126928 1.563727617263794 20399
1763551196041 1.5631593465805054 20699
1763551265343 1.559822678565979 20999
1763551334565 1.5607755184173584 21299
1763551403906 1.5695074796676636 21599
1763551472938 1.5627415180206299 21899
1763551542170 1.551282286643982 22199
1763551610865 1.5630178451538086 22499
1763551679668 1.566965103149414 22799
1763551748983 1.5580068826675415 23099
1763551818200 1.5649609565734863 23399
1763551887082 1.5576410293579102 23699
1763551956178 1.5674865245819092 23999
1763552024477 1.5620592832565308 24299
1763552093562 1.5592210292816162 24599
1763552162833 1.5530459880828857 24899
1763552232038 1.5587705373764038 25199
1763552300981 1.5601468086242676 25499
1763552369797 1.5530136823654175 25799
1763552439090 1.5548852682113647 26099
1763552508203 1.5530109405517578 26399
1763552577467 1.5525975227355957 26699
1763552647010 1.5589518547058105 26999
1763552715801 1.5533347129821777 27299
1763552785037 1.5582059621810913 27599
1763552853891 1.560319423675537 27899
1763552922652 1.5572993755340576 28199
1763552992016 1.551904559135437 28499
1763553061141 1.5564789772033691 28799
1763553130562 1.5588310956954956 29099
1763553199613 1.5536584854125977 29399
1763553268523 1.553337812423706 29699
1763553336949 1.5493956804275513 29999
1763553405885 1.545474648475647 30299
1763553474484 1.5501528978347778 30599
1763553543453 1.5462480783462524 30899
1763553612766 1.5483770370483398 31199
1763553681679 1.549653172492981 31499
1763553750883 1.5479536056518555 31799
1763553819740 1.54243004322052 32099
1763553888652 1.5501409769058228 32399
1763553958015 1.5521539449691772 32699
1763554027448 1.5518450736999512 32999
1763554096222 1.5466036796569824 33299
1763554165153 1.5466736555099487 33599
1763554233544 1.547527551651001 33899
