1763546517842 2.4835588932037354 299
1763546586363 2.0129122734069824 599
1763546654895 1.875552773475647 899
1763546723288 1.8567416667938232 1199
1763546791427 1.803143858909607 1499
1763546860339 1.7789642810821533 1799
1763546928744 1.7803144454956055 2099
1763546997304 1.7518254518508911 2399
1763547066161 1.7699904441833496 2699
1763547134730 1.7486751079559326 2999
1763547203163 1.711873173713684 3299
1763547271633 1.7027866840362549 3599
1763547340106 1.6992747783660889 3899
1763547409087 1.7003308534622192 4199
1763547478240 1.6964330673217773 4499
1763547547405 1.7010942697525024 4799
1763547616155 1.6773120164871216 5099
1763547684801 1.6829501390457153 5399
1763547753156 1.6703126430511475 5699
1763547822212 1.671905755996704 5999
1763547890782 1.6697312593460083 6299
1763547959298 1.6519209146499634 6599
1763548028436 1.6494412422180176 6899
1763548097029 1.6371214389801025 7199
1763548165662 1.6484159231185913 7499
1763548234282 1.6514869928359985 7799
1763548302926 1.6390503644943237 8099
1763548371452 1.6447131633758545 8399
1763548439859 1.6337981224060059 8699
1763548508901 1.6350232362747192 8999
1763548577439 1.6268336772918701 9299
1763548645660 1.625536322593689 9599
1763548714367 1.6244652271270752 9899
1763548782766 1.623749852180481 10199
1763548851270 1.6188099384307861 10499
1763548919999 1.6135497093200684 10799
1763548989007 1.6257977485656738 11099
1763549057340 1.612043857574463 11399
1763549125654 1.6077004671096802 11699
1763549194253 1.6152997016906738 11999
1763549262464 1.5691463947296143 12299
1763549331371 1.5582194328308105 12599
1763549399983 1.5645135641098022 12899
1763549469363 1.5542447566986084 13199
1763549538512 1.5514394044876099 13499
1763549607183 1.5604848861694336 13799
1763549676309 1.5629960298538208 14099
1763549745310 1.5563443899154663 14399
1763549814787 1.5534502267837524 14699
1763549884287 1.5528897047042847 14999
1763549953685 1.555320143699646 15299
1763550022797 1.548888087272644 15599
1763550091681 1.5537818670272827 15899
1763550160264 1.5514081716537476 16199
1763550228991 1.540987491607666 16499
1763550298110 1.5468844175338745 16799
1763550367792 1.5470259189605713 17099
1763550437134 1.550443410873413 17399
1763550505914 1.5418962240219116 17699
1763550575313 1.5461933612823486 17999
1763550644088 1.5311150550842285 18299
1763550712922 1.5216121673583984 18599
1763550781636 1.5353338718414307 18899
1763550851288 1.5369118452072144 19199
1763550920262 1.5240638256072998 19499
1763550989131 1.5295330286026 19799
1763551057981 1.5248194932937622 20099
1763551126928 1.5260661840438843 20399
1763551196041 1.5294915437698364 20699
1763551265343 1.5207889080047607 20999
1763551334565 1.5321238040924072 21299
1763551403906 1.532381534576416 21599
1763551472938 1.5290337800979614 21899
1763551542170 1.5110276937484741 22199
1763551610865 1.5247892141342163 22499
1763551679668 1.52493155002594 22799
1763551748983 1.5195298194885254 23099
1763551818200 1.5254071950912476 23399
1763551887082 1.5286654233932495 23699
1763551956178 1.5285799503326416 23999
1763552024477 1.5280652046203613 24299
1763552093562 1.5206141471862793 24599
1763552162833 1.5216699838638306 24899
1763552232038 1.5224047899246216 25199
1763552300981 1.5204724073410034 25499
1763552369797 1.5132009983062744 25799
1763552439090 1.5220186710357666 26099
1763552508203 1.5142862796783447 26399
1763552577467 1.5138623714447021 26699
1763552647010 1.5222560167312622 26999
1763552715801 1.5182536840438843 27299
1763552785037 1.5218011140823364 27599
1763552853891 1.5289039611816406 27899
1763552922652 1.5159815549850464 28199
1763552992016 1.5150090456008911 28499
1763553061141 1.5199785232543945 28799
1763553130562 1.5203156471252441 29099
1763553199613 1.514291524887085 29399
1763553268523 1.5139877796173096 29699
1763553336949 1.5123268365859985 29999
1763553405885 1.50363028049469 30299
1763553474484 1.5114688873291016 30599
1763553543453 1.5115344524383545 30899
1763553612766 1.5138022899627686 31199
1763553681679 1.5158493518829346 31499
1763553750883 1.5076771974563599 31799
1763553819740 1.5010980367660522 32099
1763553888652 1.5119080543518066 32399
1763553958015 1.5149948596954346 32699
1763554027448 1.516566276550293 32999
1763554096222 1.5074411630630493 33299
1763554165153 1.5104622840881348 33599
1763554233544 1.5066825151443481 33899
