1763546517842 11.904581069946289 299
1763546586363 9.55129337310791 599
1763546654895 9.429764747619629 899
1763546723288 9.163374900817871 1199
1763546791427 8.945891380310059 1499
1763546860339 9.023199081420898 1799
1763546928744 8.805120468139648 2099
1763546997304 8.626622200012207 2399
1763547066161 8.957671165466309 2699
1763547134730 8.840052604675293 2999
1763547203163 8.625103950500488 3299
1763547271633 8.427586555480957 3599
1763547340106 8.500557899475098 3899
1763547409087 8.503582954406738 4199
1763547478240 8.456911087036133 4499
1763547547405 8.531052589416504 4799
1763547616155 8.102444648742676 5099
1763547684801 8.207898139953613 5399
1763547753156 8.128820419311523 5699
1763547822212 8.007164001464844 5999
1763547890782 7.983152389526367 6299
1763547959298 7.995179653167725 6599
1763548028436 8.007083892822266 6899
1763548097029 7.796475887298584 7199
1763548165662 7.929129600524902 7499
1763548234282 7.976791858673096 7799
1763548302926 7.948357105255127 8099
1763548371452 7.891427516937256 8399
1763548439859 7.569871425628662 8699
1763548508901 7.821746349334717 8999
1763548577439 7.726005554199219 9299
1763548645660 7.797823905944824 9599
1763548714367 7.588037014007568 9899
1763548782766 7.7986626625061035 10199
1763548851270 7.712509632110596 10499
1763548919999 7.5802001953125 10799
1763548989007 7.900961399078369 11099
1763549057340 7.7160725593566895 11399
1763549125654 7.670125961303711 11699
1763549194253 7.745734214782715 11999
1763549262464 6.994184494018555 12299
1763549331371 7.166407108306885 12599
1763549399983 7.423159599304199 12899
1763549469363 7.326086521148682 13199
1763549538512 7.271512031555176 13499
1763549607183 7.462543964385986 13799
1763549676309 7.294789791107178 14099
1763549745310 7.269235134124756 14399
1763549814787 7.296994209289551 14699
1763549884287 7.265562057495117 14999
1763549953685 7.2332048416137695 15299
1763550022797 7.188976764678955 15599
1763550091681 7.368990421295166 15899
1763550160264 7.1347222328186035 16199
1763550228991 7.220896244049072 16499
1763550298110 7.301863670349121 16799
1763550367792 7.173424243927002 17099
1763550437134 7.118971347808838 17399
1763550505914 7.0168070793151855 17699
1763550575313 7.071930885314941 17999
1763550644088 6.8813581466674805 18299
1763550712922 6.928886890411377 18599
1763550781636 7.04109525680542 18899
1763550851288 7.279481410980225 19199
1763550920262 7.287486553192139 19499
1763550989131 7.071661949157715 19799
1763551057981 7.137703895568848 20099
1763551126928 6.922317028045654 20399
1763551196041 7.066362380981445 20699
1763551265343 7.168193817138672 20999
1763551334565 7.022831439971924 21299
1763551403906 7.163445472717285 21599
1763551472938 6.935249328613281 21899
1763551542170 6.983243942260742 22199
1763551610865 7.102705001831055 22499
1763551679668 7.091001510620117 22799
1763551748983 7.063676357269287 23099
1763551818200 6.971004009246826 23399
1763551887082 7.110987186431885 23699
1763551956178 7.047702312469482 23999
1763552024477 6.978372097015381 24299
1763552093562 7.040416717529297 24599
1763552162833 6.938316822052002 24899
1763552232038 6.84792947769165 25199
1763552300981 7.01922607421875 25499
1763552369797 6.896606922149658 25799
1763552439090 6.783535480499268 26099
1763552508203 6.958549499511719 26399
1763552577467 6.988429546356201 26699
1763552647010 7.058941841125488 26999
1763552715801 7.055679798126221 27299
1763552785037 6.915008068084717 27599
1763552853891 7.090026378631592 27899
1763552922652 7.028173923492432 28199
1763552992016 7.034824848175049 28499
1763553061141 6.895617961883545 28799
1763553130562 7.071146011352539 29099
1763553199613 7.034478187561035 29399
1763553268523 6.7990498542785645 29699
1763553336949 6.831605911254883 29999
1763553405885 7.081801414489746 30299
1763553474484 6.9377827644348145 30599
1763553543453 6.807079315185547 30899
1763553612766 7.073421001434326 31199
1763553681679 6.7175374031066895 31499
1763553750883 6.737061023712158 31799
1763553819740 6.808614253997803 32099
1763553888652 6.903041839599609 32399
1763553958015 6.926652431488037 32699
1763554027448 6.994839191436768 32999
1763554096222 6.7928595542907715 33299
1763554165153 6.918084621429443 33599
1763554233544 6.929278373718262 33899
