1763546517842 8.970768928527832 299
1763546586363 5.212506294250488 599
1763546654895 4.571019649505615 899
1763546723288 4.37570333480835 1199
1763546791427 4.019965171813965 1499
1763546860339 4.043952465057373 1799
1763546928744 4.005711555480957 2099
1763546997304 3.7198896408081055 2399
1763547066161 4.067817687988281 2699
1763547134730 3.924588680267334 2999
1763547203163 3.800375461578369 3299
1763547271633 3.7487876415252686 3599
1763547340106 3.638577699661255 3899
1763547409087 3.6681549549102783 4199
1763547478240 3.581634998321533 4499
1763547547405 3.7266950607299805 4799
1763547616155 3.5341761112213135 5099
1763547684801 3.640289068222046 5399
1763547753156 3.481093406677246 5699
1763547822212 3.5118229389190674 5999
1763547890782 3.503084182739258 6299
1763547959298 3.3906044960021973 6599
1763548028436 3.417490243911743 6899
1763548097029 3.35661244392395 7199
1763548165662 3.477950096130371 7499
1763548234282 3.360945701599121 7799
1763548302926 3.489474058151245 8099
1763548371452 3.3646233081817627 8399
1763548439859 3.251093864440918 8699
1763548508901 3.4608097076416016 8999
1763548577439 3.4141623973846436 9299
1763548645660 3.34651780128479 9599
1763548714367 3.2655627727508545 9899
1763548782766 3.382377862930298 10199
1763548851270 3.280987501144409 10499
1763548919999 3.3622617721557617 10799
1763548989007 3.4214727878570557 11099
1763549057340 3.3642327785491943 11399
1763549125654 3.335298538208008 11699
1763549194253 3.3019986152648926 11999
1763549262464 3.0290439128875732 12299
1763549331371 3.064939498901367 12599
1763549399983 3.1464099884033203 12899
1763549469363 3.105072259902954 13199
1763549538512 3.0143818855285645 13499
1763549607183 3.097247838973999 13799
1763549676309 3.0739691257476807 14099
1763549745310 2.991971969604492 14399
1763549814787 3.1107161045074463 14699
1763549884287 3.000887393951416 14999
1763549953685 3.0736324787139893 15299
1763550022797 2.993703603744507 15599
1763550091681 2.989403247833252 15899
1763550160264 2.9930644035339355 16199
1763550228991 3.036259174346924 16499
1763550298110 3.02340030670166 16799
1763550367792 3.001967430114746 17099
1763550437134 2.935608148574829 17399
1763550505914 2.94992995262146 17699
1763550575313 2.992556095123291 17999
1763550644088 2.849097490310669 18299
1763550712922 2.9002368450164795 18599
1763550781636 2.991067886352539 18899
1763550851288 2.9971694946289062 19199
1763550920262 3.033965587615967 19499
1763550989131 2.9051342010498047 19799
1763551057981 2.9915931224823 20099
1763551126928 2.9173662662506104 20399
1763551196041 2.9056031703948975 20699
1763551265343 2.9203402996063232 20999
1763551334565 2.91943359375 21299
1763551403906 2.9883289337158203 21599
1763551472938 2.908386468887329 21899
1763551542170 2.903740406036377 22199
1763551610865 2.9221279621124268 22499
1763551679668 2.962467908859253 22799
1763551748983 2.8866019248962402 23099
1763551818200 2.9347527027130127 23399
1763551887082 2.9358434677124023 23699
1763551956178 2.9178154468536377 23999
1763552024477 2.980668067932129 24299
1763552093562 2.9484965801239014 24599
1763552162833 2.934215545654297 24899
1763552232038 2.8990049362182617 25199
1763552300981 2.9506149291992188 25499
1763552369797 2.9002532958984375 25799
1763552439090 2.857088565826416 26099
1763552508203 2.9420955181121826 26399
1763552577467 2.9759721755981445 26699
1763552647010 2.9486026763916016 26999
1763552715801 2.9781997203826904 27299
1763552785037 2.8724639415740967 27599
1763552853891 2.9307520389556885 27899
1763552922652 2.842402219772339 28199
1763552992016 2.9835212230682373 28499
1763553061141 2.932138204574585 28799
1763553130562 2.9240972995758057 29099
1763553199613 2.9638874530792236 29399
1763553268523 2.8914389610290527 29699
1763553336949 2.856722831726074 29999
1763553405885 2.950592041015625 30299
1763553474484 2.871217727661133 30599
1763553543453 2.8321642875671387 30899
1763553612766 2.9020588397979736 31199
1763553681679 2.8558809757232666 31499
1763553750883 2.853079319000244 31799
1763553819740 2.8568179607391357 32099
1763553888652 2.9489524364471436 32399
1763553958015 2.9455132484436035 32699
1763554027448 2.9541501998901367 32999
1763554096222 2.8368706703186035 33299
1763554165153 2.946864604949951 33599
1763554233544 2.96913743019104 33899
