1763546517842 10.155075073242188 299
1763546586363 6.969130039215088 599
1763546654895 6.436156749725342 899
1763546723288 6.126413345336914 1199
1763546791427 5.895693778991699 1499
1763546860339 5.8631110191345215 1799
1763546928744 5.779378414154053 2099
1763546997304 5.523810863494873 2399
1763547066161 5.872962951660156 2699
1763547134730 5.713901996612549 2999
1763547203163 5.626183986663818 3299
1763547271633 5.456576347351074 3599
1763547340106 5.399817943572998 3899
1763547409087 5.434586048126221 4199
1763547478240 5.390363693237305 4499
1763547547405 5.4800004959106445 4799
1763547616155 5.246135234832764 5099
1763547684801 5.34002161026001 5399
1763547753156 5.200960159301758 5699
1763547822212 5.156728267669678 5999
1763547890782 5.147343635559082 6299
1763547959298 5.08725643157959 6599
1763548028436 5.103664875030518 6899
1763548097029 4.984247207641602 7199
1763548165662 5.077515602111816 7499
1763548234282 5.038179397583008 7799
1763548302926 5.063041687011719 8099
1763548371452 5.065584659576416 8399
1763548439859 4.779871940612793 8699
1763548508901 5.002322673797607 8999
1763548577439 4.988485336303711 9299
1763548645660 4.9116387367248535 9599
1763548714367 4.868669033050537 9899
1763548782766 4.956319332122803 10199
1763548851270 4.941720962524414 10499
1763548919999 4.8847784996032715 10799
1763548989007 5.080394268035889 11099
1763549057340 4.931330680847168 11399
1763549125654 4.887547492980957 11699
1763549194253 4.908329010009766 11999
1763549262464 4.499734878540039 12299
1763549331371 4.553443431854248 12599
1763549399983 4.668484210968018 12899
1763549469363 4.626735687255859 13199
1763549538512 4.553734302520752 13499
1763549607183 4.649611473083496 13799
1763549676309 4.629200458526611 14099
1763549745310 4.525822639465332 14399
1763549814787 4.637800693511963 14699
1763549884287 4.552174091339111 14999
1763549953685 4.506711959838867 15299
1763550022797 4.476271629333496 15599
1763550091681 4.540535926818848 15899
1763550160264 4.494331359863281 16199
1763550228991 4.529229640960693 16499
1763550298110 4.531439781188965 16799
1763550367792 4.493431568145752 17099
1763550437134 4.458743095397949 17399
1763550505914 4.396883487701416 17699
1763550575313 4.506925582885742 17999
1763550644088 4.342011451721191 18299
1763550712922 4.343336582183838 18599
1763550781636 4.454348564147949 18899
1763550851288 4.511938095092773 19199
1763550920262 4.541011810302734 19499
1763550989131 4.432528495788574 19799
1763551057981 4.474856376647949 20099
1763551126928 4.388729572296143 20399
1763551196041 4.450225353240967 20699
1763551265343 4.432590484619141 20999
1763551334565 4.373797416687012 21299
1763551403906 4.4953999519348145 21599
1763551472938 4.345244407653809 21899
1763551542170 4.378999710083008 22199
1763551610865 4.444196701049805 22499
1763551679668 4.450368404388428 22799
1763551748983 4.415707111358643 23099
1763551818200 4.384803295135498 23399
1763551887082 4.458657264709473 23699
1763551956178 4.385742664337158 23999
1763552024477 4.384978294372559 24299
1763552093562 4.388077259063721 24599
1763552162833 4.402524471282959 24899
1763552232038 4.315711975097656 25199
1763552300981 4.441378593444824 25499
1763552369797 4.306759357452393 25799
1763552439090 4.290369987487793 26099
1763552508203 4.356323719024658 26399
1763552577467 4.429643154144287 26699
1763552647010 4.402101039886475 26999
1763552715801 4.422932147979736 27299
1763552785037 4.356151103973389 27599
1763552853891 4.406625270843506 27899
1763552922652 4.357391357421875 28199
1763552992016 4.4147868156433105 28499
1763553061141 4.365712642669678 28799
1763553130562 4.406022548675537 29099
1763553199613 4.401233673095703 29399
1763553268523 4.3167338371276855 29699
1763553336949 4.251759052276611 29999
1763553405885 4.421469211578369 30299
1763553474484 4.2990875244140625 30599
1763553543453 4.247216701507568 30899
1763553612766 4.423067569732666 31199
1763553681679 4.226486682891846 31499
1763553750883 4.247938632965088 31799
1763553819740 4.289546489715576 32099
1763553888652 4.3432817459106445 32399
1763553958015 4.318198204040527 32699
1763554027448 4.422913551330566 32999
1763554096222 4.286160945892334 33299
1763554165153 4.370028018951416 33599
1763554233544 4.3905348777771 33899
