1763546517842 2.7664644718170166 299
1763546586363 2.384225606918335 599
1763546654895 2.3171937465667725 899
1763546723288 2.3097422122955322 1199
1763546791427 2.2608723640441895 1499
1763546860339 2.257201910018921 1799
1763546928744 2.2777371406555176 2099
1763546997304 2.2365028858184814 2399
1763547066161 2.2648797035217285 2699
1763547134730 2.2536346912384033 2999
1763547203163 2.2183566093444824 3299
1763547271633 2.1958000659942627 3599
1763547340106 2.1974267959594727 3899
1763547409087 2.215188980102539 4199
1763547478240 2.19143009185791 4499
1763547547405 2.204702138900757 4799
1763547616155 2.18184757232666 5099
1763547684801 2.171863555908203 5399
1763547753156 2.1753649711608887 5699
1763547822212 2.16504168510437 5999
1763547890782 2.151506185531616 6299
1763547959298 2.1351189613342285 6599
1763548028436 2.1445486545562744 6899
1763548097029 2.121837854385376 7199
1763548165662 2.120980978012085 7499
1763548234282 2.1460745334625244 7799
1763548302926 2.1293623447418213 8099
1763548371452 2.122960329055786 8399
1763548439859 2.1090545654296875 8699
1763548508901 2.1277027130126953 8999
1763548577439 2.118530035018921 9299
1763548645660 2.10813307762146 9599
1763548714367 2.1066927909851074 9899
1763548782766 2.1170215606689453 10199
1763548851270 2.0949199199676514 10499
1763548919999 2.100226402282715 10799
1763548989007 2.112044095993042 11099
1763549057340 2.103003978729248 11399
1763549125654 2.0839130878448486 11699
1763549194253 2.086653709411621 11999
1763549262464 2.0298712253570557 12299
1763549331371 2.0437417030334473 12599
1763549399983 2.0568301677703857 12899
1763549469363 2.044088125228882 13199
1763549538512 2.030050039291382 13499
1763549607183 2.0340490341186523 13799
1763549676309 2.0314807891845703 14099
1763549745310 2.0293915271759033 14399
1763549814787 2.0224814414978027 14699
1763549884287 2.0253169536590576 14999
1763549953685 2.0262930393218994 15299
1763550022797 2.020941972732544 15599
1763550091681 2.0336709022521973 15899
1763550160264 2.026933193206787 16199
1763550228991 2.027965784072876 16499
1763550298110 2.0402817726135254 16799
1763550367792 2.0057575702667236 17099
1763550437134 2.015606641769409 17399
1763550505914 2.0045158863067627 17699
1763550575313 2.013791084289551 17999
1763550644088 1.9929555654525757 18299
1763550712922 1.9938246011734009 18599
1763550781636 1.9970695972442627 18899
1763550851288 2.0041847229003906 19199
1763550920262 1.9845857620239258 19499
1763550989131 1.999808669090271 19799
1763551057981 1.9910084009170532 20099
1763551126928 1.9913829565048218 20399
1763551196041 1.9845492839813232 20699
1763551265343 1.987570881843567 20999
1763551334565 1.988348126411438 21299
1763551403906 1.9984562397003174 21599
1763551472938 1.992333173751831 21899
1763551542170 1.9774961471557617 22199
1763551610865 1.9878627061843872 22499
1763551679668 2.0083236694335938 22799
1763551748983 1.9985599517822266 23099
1763551818200 1.9988493919372559 23399
1763551887082 1.9682822227478027 23699
1763551956178 2.004729986190796 23999
1763552024477 1.9902642965316772 24299
1763552093562 1.9916813373565674 24599
1763552162833 1.9696729183197021 24899
1763552232038 1.9874459505081177 25199
1763552300981 1.9875856637954712 25499
1763552369797 1.982790470123291 25799
1763552439090 1.9750417470932007 26099
1763552508203 1.9839200973510742 26399
1763552577467 1.9781473875045776 26699
1763552647010 1.9891239404678345 26999
1763552715801 1.9752696752548218 27299
1763552785037 1.983855128288269 27599
1763552853891 1.9824974536895752 27899
1763552922652 1.9948817491531372 28199
1763552992016 1.9694180488586426 28499
1763553061141 1.9873757362365723 28799
1763553130562 1.9942188262939453 29099
1763553199613 1.9748880863189697 29399
1763553268523 1.982865571975708 29699
1763553336949 1.9832394123077393 29999
1763553405885 1.9789124727249146 30299
1763553474484 1.977961540222168 30599
1763553543453 1.972778558731079 30899
1763553612766 1.9706388711929321 31199
1763553681679 1.9718469381332397 31499
1763553750883 1.974722146987915 31799
1763553819740 1.9680556058883667 32099
1763553888652 1.9825605154037476 32399
1763553958015 1.9805713891983032 32699
1763554027448 1.9781160354614258 32999
1763554096222 1.9695582389831543 33299
1763554165153 1.9679183959960938 33599
1763554233544 1.9729384183883667 33899
