1763546517842 2.537760019302368 299
1763546586363 2.119161367416382 599
1763546654895 2.039512872695923 899
1763546723288 2.02425217628479 1199
1763546791427 1.9732518196105957 1499
1763546860339 1.9499610662460327 1799
1763546928744 1.9507898092269897 2099
1763546997304 1.9389913082122803 2399
1763547066161 1.9527784585952759 2699
1763547134730 1.9388396739959717 2999
1763547203163 1.9046719074249268 3299
1763547271633 1.8853880167007446 3599
1763547340106 1.8917534351348877 3899
1763547409087 1.8831650018692017 4199
1763547478240 1.877171277999878 4499
1763547547405 1.883391261100769 4799
1763547616155 1.872424602508545 5099
1763547684801 1.862959623336792 5399
1763547753156 1.8656989336013794 5699
1763547822212 1.850824236869812 5999
1763547890782 1.8459261655807495 6299
1763547959298 1.8389968872070312 6599
1763548028436 1.8362497091293335 6899
1763548097029 1.8221091032028198 7199
1763548165662 1.8278554677963257 7499
1763548234282 1.828628420829773 7799
1763548302926 1.8160187005996704 8099
1763548371452 1.8256511688232422 8399
1763548439859 1.821211814880371 8699
1763548508901 1.8154723644256592 8999
1763548577439 1.8092316389083862 9299
1763548645660 1.8018773794174194 9599
1763548714367 1.811646580696106 9899
1763548782766 1.8090344667434692 10199
1763548851270 1.7976503372192383 10499
1763548919999 1.7997663021087646 10799
1763548989007 1.8018611669540405 11099
1763549057340 1.8010731935501099 11399
1763549125654 1.7804592847824097 11699
1763549194253 1.7883427143096924 11999
1763549262464 1.745043396949768 12299
1763549331371 1.7436788082122803 12599
1763549399983 1.7563070058822632 12899
1763549469363 1.7450250387191772 13199
1763549538512 1.7372617721557617 13499
1763549607183 1.73989999294281 13799
1763549676309 1.7446151971817017 14099
1763549745310 1.7318577766418457 14399
1763549814787 1.7366669178009033 14699
1763549884287 1.7227327823638916 14999
1763549953685 1.7311644554138184 15299
1763550022797 1.7321566343307495 15599
1763550091681 1.7305238246917725 15899
1763550160264 1.7338402271270752 16199
1763550228991 1.7245042324066162 16499
1763550298110 1.7282689809799194 16799
1763550367792 1.7125154733657837 17099
1763550437134 1.728642463684082 17399
1763550505914 1.7179663181304932 17699
1763550575313 1.7204406261444092 17999
1763550644088 1.7133009433746338 18299
1763550712922 1.706607699394226 18599
1763550781636 1.7077805995941162 18899
1763550851288 1.711625576019287 19199
1763550920262 1.6915035247802734 19499
1763550989131 1.7087103128433228 19799
1763551057981 1.6920338869094849 20099
1763551126928 1.6967145204544067 20399
1763551196041 1.6945874691009521 20699
1763551265343 1.6970798969268799 20999
1763551334565 1.6931382417678833 21299
1763551403906 1.7114508152008057 21599
1763551472938 1.699235200881958 21899
1763551542170 1.6844276189804077 22199
1763551610865 1.7050695419311523 22499
1763551679668 1.7048962116241455 22799
1763551748983 1.6853883266448975 23099
1763551818200 1.7027677297592163 23399
1763551887082 1.6964324712753296 23699
1763551956178 1.7073265314102173 23999
1763552024477 1.7026326656341553 24299
1763552093562 1.6927061080932617 24599
1763552162833 1.6826138496398926 24899
1763552232038 1.6982265710830688 25199
1763552300981 1.6999528408050537 25499
1763552369797 1.6843957901000977 25799
1763552439090 1.685880422592163 26099
1763552508203 1.6909972429275513 26399
1763552577467 1.6833785772323608 26699
1763552647010 1.6969820261001587 26999
1763552715801 1.6901129484176636 27299
1763552785037 1.69724440574646 27599
1763552853891 1.691429615020752 27899
1763552922652 1.7003761529922485 28199
1763552992016 1.6905971765518188 28499
1763553061141 1.6898322105407715 28799
1763553130562 1.6952542066574097 29099
1763553199613 1.6947710514068604 29399
1763553268523 1.6868014335632324 29699
1763553336949 1.6854232549667358 29999
1763553405885 1.6805850267410278 30299
1763553474484 1.6900147199630737 30599
1763553543453 1.6787947416305542 30899
1763553612766 1.6813886165618896 31199
1763553681679 1.6880110502243042 31499
1763553750883 1.680659532546997 31799
1763553819740 1.6752954721450806 32099
1763553888652 1.684694766998291 32399
1763553958015 1.6907835006713867 32699
1763554027448 1.686660647392273 32999
1763554096222 1.6822365522384644 33299
1763554165153 1.6799343824386597 33599
1763554233544 1.6800576448440552 33899
