1763546517842 2.462200403213501 299
1763546586363 1.8427289724349976 599
1763546654895 1.6879619359970093 899
1763546723288 1.657812476158142 1199
1763546791427 1.5925589799880981 1499
1763546860339 1.5709165334701538 1799
1763546928744 1.570373773574829 2099
1763546997304 1.537068247795105 2399
1763547066161 1.5667436122894287 2699
1763547134730 1.546032190322876 2999
1763547203163 1.5096882581710815 3299
1763547271633 1.4998838901519775 3599
1763547340106 1.489652395248413 3899
1763547409087 1.4916319847106934 4199
1763547478240 1.4862905740737915 4499
1763547547405 1.5065003633499146 4799
1763547616155 1.4737703800201416 5099
1763547684801 1.478686809539795 5399
1763547753156 1.4627233743667603 5699
1763547822212 1.4632595777511597 5999
1763547890782 1.4695985317230225 6299
1763547959298 1.4421604871749878 6599
1763548028436 1.4453002214431763 6899
1763548097029 1.4295680522918701 7199
1763548165662 1.4403176307678223 7499
1763548234282 1.4474388360977173 7799
1763548302926 1.4467809200286865 8099
1763548371452 1.4370520114898682 8399
1763548439859 1.4315545558929443 8699
1763548508901 1.4398059844970703 8999
1763548577439 1.4289411306381226 9299
1763548645660 1.4307050704956055 9599
1763548714367 1.4170501232147217 9899
1763548782766 1.4208877086639404 10199
1763548851270 1.4183170795440674 10499
1763548919999 1.4119384288787842 10799
1763548989007 1.429140329360962 11099
1763549057340 1.4160799980163574 11399
1763549125654 1.4175641536712646 11699
1763549194253 1.4153422117233276 11999
1763549262464 1.35808527469635 12299
1763549331371 1.3623813390731812 12599
1763549399983 1.3676837682724 12899
1763549469363 1.3571401834487915 13199
1763549538512 1.353064775466919 13499
1763549607183 1.3562160730361938 13799
1763549676309 1.3614975214004517 14099
1763549745310 1.3613978624343872 14399
1763549814787 1.359928011894226 14699
1763549884287 1.353442668914795 14999
1763549953685 1.3616292476654053 15299
1763550022797 1.3544483184814453 15599
1763550091681 1.3564540147781372 15899
1763550160264 1.3549479246139526 16199
1763550228991 1.3574254512786865 16499
1763550298110 1.3494120836257935 16799
1763550367792 1.3524082899093628 17099
1763550437134 1.351118803024292 17399
1763550505914 1.3529618978500366 17699
1763550575313 1.3553729057312012 17999
1763550644088 1.339846134185791 18299
1763550712922 1.3374583721160889 18599
1763550781636 1.335675835609436 18899
1763550851288 1.3475710153579712 19199
1763550920262 1.3284133672714233 19499
1763550989131 1.3319144248962402 19799
1763551057981 1.3297327756881714 20099
1763551126928 1.3369672298431396 20399
1763551196041 1.3410001993179321 20699
1763551265343 1.3331118822097778 20999
1763551334565 1.3296912908554077 21299
1763551403906 1.3358501195907593 21599
1763551472938 1.3357998132705688 21899
1763551542170 1.3262947797775269 22199
1763551610865 1.3300024271011353 22499
1763551679668 1.3363497257232666 22799
1763551748983 1.331261157989502 23099
1763551818200 1.3392515182495117 23399
1763551887082 1.3291093111038208 23699
1763551956178 1.3380506038665771 23999
1763552024477 1.3268194198608398 24299
1763552093562 1.332798957824707 24599
1763552162833 1.3313472270965576 24899
1763552232038 1.330336332321167 25199
1763552300981 1.3289060592651367 25499
1763552369797 1.331924557685852 25799
1763552439090 1.3346924781799316 26099
1763552508203 1.3250075578689575 26399
1763552577467 1.3274152278900146 26699
1763552647010 1.3289227485656738 26999
1763552715801 1.3235297203063965 27299
1763552785037 1.329904556274414 27599
1763552853891 1.3334497213363647 27899
1763552922652 1.3214753866195679 28199
1763552992016 1.3267122507095337 28499
1763553061141 1.3268508911132812 28799
1763553130562 1.3278433084487915 29099
1763553199613 1.3241201639175415 29399
1763553268523 1.3299497365951538 29699
1763553336949 1.3226410150527954 29999
1763553405885 1.316855549812317 30299
1763553474484 1.3213423490524292 30599
1763553543453 1.3218947649002075 30899
1763553612766 1.324607253074646 31199
1763553681679 1.3229237794876099 31499
1763553750883 1.32806396484375 31799
1763553819740 1.3224780559539795 32099
1763553888652 1.323683738708496 32399
1763553958015 1.326107382774353 32699
1763554027448 1.3201179504394531 32999
1763554096222 1.3236141204833984 33299
1763554165153 1.3220516443252563 33599
1763554233544 1.3251938819885254 33899
