1763546517842 2.068892002105713 299
1763546586363 1.4828323125839233 599
1763546654895 1.3614115715026855 899
1763546723288 1.3336409330368042 1199
1763546791427 1.2863210439682007 1499
1763546860339 1.2648242712020874 1799
1763546928744 1.2756060361862183 2099
1763546997304 1.2514333724975586 2399
1763547066161 1.2885518074035645 2699
1763547134730 1.2569464445114136 2999
1763547203163 1.2311357259750366 3299
1763547271633 1.225508451461792 3599
1763547340106 1.2187414169311523 3899
1763547409087 1.219170093536377 4199
1763547478240 1.214455246925354 4499
1763547547405 1.224608302116394 4799
1763547616155 1.2114707231521606 5099
1763547684801 1.212687373161316 5399
1763547753156 1.199827790260315 5699
1763547822212 1.1993868350982666 5999
1763547890782 1.2021437883377075 6299
1763547959298 1.1810299158096313 6599
1763548028436 1.188035488128662 6899
1763548097029 1.1767617464065552 7199
1763548165662 1.1771851778030396 7499
1763548234282 1.1866118907928467 7799
1763548302926 1.1826481819152832 8099
1763548371452 1.1758663654327393 8399
1763548439859 1.1740914583206177 8699
1763548508901 1.181265950202942 8999
1763548577439 1.1751368045806885 9299
1763548645660 1.1753475666046143 9599
1763548714367 1.1775315999984741 9899
1763548782766 1.1723333597183228 10199
1763548851270 1.1652079820632935 10499
1763548919999 1.1632816791534424 10799
1763548989007 1.176916241645813 11099
1763549057340 1.1638470888137817 11399
1763549125654 1.1644020080566406 11699
1763549194253 1.1631656885147095 11999
1763549262464 1.121187686920166 12299
1763549331371 1.12294602394104 12599
1763549399983 1.1219569444656372 12899
1763549469363 1.11195969581604 13199
1763549538512 1.115882396697998 13499
1763549607183 1.114071249961853 13799
1763549676309 1.1193180084228516 14099
1763549745310 1.1212228536605835 14399
1763549814787 1.1214641332626343 14699
1763549884287 1.1146825551986694 14999
1763549953685 1.1195964813232422 15299
1763550022797 1.118024468421936 15599
1763550091681 1.1165715456008911 15899
1763550160264 1.1201465129852295 16199
1763550228991 1.1224017143249512 16499
1763550298110 1.1140812635421753 16799
1763550367792 1.1174637079238892 17099
1763550437134 1.1167032718658447 17399
1763550505914 1.11111581325531 17699
1763550575313 1.1188570261001587 17999
1763550644088 1.103366732597351 18299
1763550712922 1.0998084545135498 18599
1763550781636 1.0993109941482544 18899
1763550851288 1.1098588705062866 19199
1763550920262 1.0928597450256348 19499
1763550989131 1.100663185119629 19799
1763551057981 1.0975421667099 20099
1763551126928 1.1048527956008911 20399
1763551196041 1.1055736541748047 20699
1763551265343 1.1006267070770264 20999
1763551334565 1.0976920127868652 21299
1763551403906 1.1011409759521484 21599
1763551472938 1.100891351699829 21899
1763551542170 1.097510576248169 22199
1763551610865 1.0971277952194214 22499
1763551679668 1.1038322448730469 22799
1763551748983 1.0999138355255127 23099
1763551818200 1.1036815643310547 23399
1763551887082 1.0945935249328613 23699
1763551956178 1.1018211841583252 23999
1763552024477 1.0963160991668701 24299
1763552093562 1.1022217273712158 24599
1763552162833 1.1001977920532227 24899
1763552232038 1.097619891166687 25199
1763552300981 1.0993127822875977 25499
1763552369797 1.1000919342041016 25799
1763552439090 1.1045480966567993 26099
1763552508203 1.0959577560424805 26399
1763552577467 1.098381757736206 26699
1763552647010 1.0969945192337036 26999
1763552715801 1.0944761037826538 27299
1763552785037 1.0999284982681274 27599
1763552853891 1.1020199060440063 27899
1763552922652 1.0966330766677856 28199
1763552992016 1.0952767133712769 28499
1763553061141 1.095408320426941 28799
1763553130562 1.0966191291809082 29099
1763553199613 1.0951639413833618 29399
1763553268523 1.0970772504806519 29699
1763553336949 1.0959969758987427 29999
1763553405885 1.090846061706543 30299
1763553474484 1.0938318967819214 30599
1763553543453 1.0923843383789062 30899
1763553612766 1.0963443517684937 31199
1763553681679 1.09536874294281 31499
1763553750883 1.0994666814804077 31799
1763553819740 1.0936520099639893 32099
1763553888652 1.0923501253128052 32399
1763553958015 1.0976793766021729 32699
1763554027448 1.09035062789917 32999
1763554096222 1.0967813730239868 33299
1763554165153 1.0908616781234741 33599
1763554233544 1.091923713684082 33899
