1763546517842 2.2030417919158936 299
1763546586363 1.5373138189315796 599
1763546654895 1.4082767963409424 899
1763546723288 1.3776472806930542 1199
1763546791427 1.327378511428833 1499
1763546860339 1.3048824071884155 1799
1763546928744 1.3154679536819458 2099
1763546997304 1.289414882659912 2399
1763547066161 1.3304154872894287 2699
1763547134730 1.2961878776550293 2999
1763547203163 1.2694085836410522 3299
1763547271633 1.263066053390503 3599
1763547340106 1.2563409805297852 3899
1763547409087 1.256013035774231 4199
1763547478240 1.25123131275177 4499
1763547547405 1.262014627456665 4799
1763547616155 1.2478874921798706 5099
1763547684801 1.2511875629425049 5399
1763547753156 1.2350364923477173 5699
1763547822212 1.2352949380874634 5999
1763547890782 1.2377997636795044 6299
1763547959298 1.2155779600143433 6599
1763548028436 1.223775863647461 6899
1763548097029 1.2111936807632446 7199
1763548165662 1.2124179601669312 7499
1763548234282 1.2212085723876953 7799
1763548302926 1.2175394296646118 8099
1763548371452 1.2109160423278809 8399
1763548439859 1.2076208591461182 8699
1763548508901 1.2162981033325195 8999
1763548577439 1.210508942604065 9299
1763548645660 1.2103047370910645 9599
1763548714367 1.2115001678466797 9899
1763548782766 1.207148551940918 10199
1763548851270 1.1985546350479126 10499
1763548919999 1.1979010105133057 10799
1763548989007 1.2127118110656738 11099
1763549057340 1.1987303495407104 11399
1763549125654 1.1987868547439575 11699
1763549194253 1.1975268125534058 11999
1763549262464 1.1523914337158203 12299
1763549331371 1.154024362564087 12599
1763549399983 1.1538833379745483 12899
1763549469363 1.143552541732788 13199
1763549538512 1.1471668481826782 13499
1763549607183 1.1461166143417358 13799
1763549676309 1.1513067483901978 14099
1763549745310 1.1529455184936523 14399
1763549814787 1.1539340019226074 14699
1763549884287 1.1454155445098877 14999
1763549953685 1.1512057781219482 15299
1763550022797 1.149261236190796 15599
1763550091681 1.147438406944275 15899
1763550160264 1.1507893800735474 16199
1763550228991 1.1541250944137573 16499
1763550298110 1.1456397771835327 16799
1763550367792 1.148661494255066 17099
1763550437134 1.1470797061920166 17399
1763550505914 1.1421692371368408 17699
1763550575313 1.1501184701919556 17999
1763550644088 1.1332552433013916 18299
1763550712922 1.1300910711288452 18599
1763550781636 1.1306530237197876 18899
1763550851288 1.1406149864196777 19199
1763550920262 1.1241868734359741 19499
1763550989131 1.131186842918396 19799
1763551057981 1.1285572052001953 20099
1763551126928 1.1358351707458496 20399
1763551196041 1.1360676288604736 20699
1763551265343 1.1312735080718994 20999
1763551334565 1.1282150745391846 21299
1763551403906 1.1324766874313354 21599
1763551472938 1.131112813949585 21899
1763551542170 1.1282169818878174 22199
1763551610865 1.1277517080307007 22499
1763551679668 1.1349681615829468 22799
1763551748983 1.1302379369735718 23099
1763551818200 1.134745478630066 23399
1763551887082 1.1255123615264893 23699
1763551956178 1.1326526403427124 23999
1763552024477 1.1272164583206177 24299
1763552093562 1.1332522630691528 24599
1763552162833 1.1308362483978271 24899
1763552232038 1.1282143592834473 25199
1763552300981 1.1298519372940063 25499
1763552369797 1.1303538084030151 25799
1763552439090 1.1341620683670044 26099
1763552508203 1.126685619354248 26399
1763552577467 1.1288955211639404 26699
1763552647010 1.1279295682907104 26999
1763552715801 1.1254093647003174 27299
1763552785037 1.130458116531372 27599
1763552853891 1.1328125 27899
1763552922652 1.1266223192214966 28199
1763552992016 1.1265748739242554 28499
1763553061141 1.1261948347091675 28799
1763553130562 1.1267298460006714 29099
1763553199613 1.1258959770202637 29399
1763553268523 1.1275148391723633 29699
1763553336949 1.1259589195251465 29999
1763553405885 1.1215600967407227 30299
1763553474484 1.1235394477844238 30599
1763553543453 1.1221606731414795 30899
1763553612766 1.1270469427108765 31199
1763553681679 1.1253979206085205 31499
1763553750883 1.1294662952423096 31799
1763553819740 1.1236869096755981 32099
1763553888652 1.1227800846099854 32399
1763553958015 1.1283235549926758 32699
1763554027448 1.1206815242767334 32999
1763554096222 1.1265150308609009 33299
1763554165153 1.1214959621429443 33599
1763554233544 1.1227729320526123 33899
