1763546517842 1.8868839740753174 299
1763546586363 1.2422122955322266 599
1763546654895 1.1287057399749756 899
1763546723288 1.105503797531128 1199
1763546791427 1.067399024963379 1499
1763546860339 1.055965781211853 1799
1763546928744 1.0709296464920044 2099
1763546997304 1.0507858991622925 2399
1763547066161 1.0957385301589966 2699
1763547134730 1.0605571269989014 2999
1763547203163 1.038866639137268 3299
1763547271633 1.0306787490844727 3599
1763547340106 1.027707576751709 3899
1763547409087 1.0274022817611694 4199
1763547478240 1.0215939283370972 4499
1763547547405 1.0337415933609009 4799
1763547616155 1.0232073068618774 5099
1763547684801 1.0238045454025269 5399
1763547753156 1.0093047618865967 5699
1763547822212 1.0147227048873901 5999
1763547890782 1.0157030820846558 6299
1763547959298 0.998191237449646 6599
1763548028436 1.0034821033477783 6899
1763548097029 0.9983553290367126 7199
1763548165662 0.9981494545936584 7499
1763548234282 1.0048726797103882 7799
1763548302926 1.0030072927474976 8099
1763548371452 0.9960669279098511 8399
1763548439859 0.9935266375541687 8699
1763548508901 1.0034555196762085 8999
1763548577439 1.0019328594207764 9299
1763548645660 0.9961236715316772 9599
1763548714367 1.0028460025787354 9899
1763548782766 0.9959600567817688 10199
1763548851270 0.9901499152183533 10499
1763548919999 0.9918109774589539 10799
1763548989007 0.9983512163162231 11099
1763549057340 0.989783763885498 11399
1763549125654 0.9906399250030518 11699
1763549194253 0.9867106080055237 11999
1763549262464 0.950339138507843 12299
1763549331371 0.9542476534843445 12599
1763549399983 0.9498506188392639 12899
1763549469363 0.9416559338569641 13199
1763549538512 0.9482507109642029 13499
1763549607183 0.9473205804824829 13799
1763549676309 0.9495994448661804 14099
1763549745310 0.9484313726425171 14399
1763549814787 0.9553819298744202 14699
1763549884287 0.949543833732605 14999
1763549953685 0.9514843225479126 15299
1763550022797 0.9495527148246765 15599
1763550091681 0.947615385055542 15899
1763550160264 0.9541549682617188 16199
1763550228991 0.9534509778022766 16499
1763550298110 0.9503574371337891 16799
1763550367792 0.950977623462677 17099
1763550437134 0.952041745185852 17399
1763550505914 0.9468147158622742 17699
1763550575313 0.9536121487617493 17999
1763550644088 0.9402681589126587 18299
1763550712922 0.9357941150665283 18599
1763550781636 0.9369108080863953 18899
1763550851288 0.9420905709266663 19199
1763550920262 0.9297918081283569 19499
1763550989131 0.9402220249176025 19799
1763551057981 0.9384191632270813 20099
1763551126928 0.94376540184021 20399
1763551196041 0.9403306841850281 20699
1763551265343 0.937850832939148 20999
1763551334565 0.9347541332244873 21299
1763551403906 0.9357439279556274 21599
1763551472938 0.9386477470397949 21899
1763551542170 0.9326242208480835 22199
1763551610865 0.9347299933433533 22499
1763551679668 0.9407265782356262 22799
1763551748983 0.9391530156135559 23099
1763551818200 0.9378732442855835 23399
1763551887082 0.9321495294570923 23699
1763551956178 0.9390285015106201 23999
1763552024477 0.9372228980064392 24299
1763552093562 0.9387981295585632 24599
1763552162833 0.9368383884429932 24899
1763552232038 0.9364219903945923 25199
1763552300981 0.937705934047699 25499
1763552369797 0.9384883642196655 25799
1763552439090 0.9435918927192688 26099
1763552508203 0.9356259703636169 26399
1763552577467 0.9367474317550659 26699
1763552647010 0.936003565788269 26999
1763552715801 0.9324864745140076 27299
1763552785037 0.9364618062973022 27599
1763552853891 0.9404305815696716 27899
1763552922652 0.9368436336517334 28199
1763552992016 0.9353761672973633 28499
1763553061141 0.9362674355506897 28799
1763553130562 0.9383697509765625 29099
1763553199613 0.9369853138923645 29399
1763553268523 0.9378563165664673 29699
1763553336949 0.9380155205726624 29999
1763553405885 0.9316843152046204 30299
1763553474484 0.9356098175048828 30599
1763553543453 0.9334561228752136 30899
1763553612766 0.9337783455848694 31199
1763553681679 0.9327053427696228 31499
1763553750883 0.9370599389076233 31799
1763553819740 0.9354961514472961 32099
1763553888652 0.9333670735359192 32399
1763553958015 0.9374815225601196 32699
1763554027448 0.9322478175163269 32999
1763554096222 0.9365854263305664 33299
1763554165153 0.9326560497283936 33599
1763554233544 0.9316797256469727 33899
