1763546517842 0.29141533374786377 299
1763546586363 0.23013587296009064 599
1763546654895 0.21649019420146942 899
1763546723288 0.2139313817024231 1199
1763546791427 0.20745907723903656 1499
1763546860339 0.20505259931087494 1799
1763546928744 0.20565906167030334 2099
1763546997304 0.20231805741786957 2399
1763547066161 0.20539556443691254 2699
1763547134730 0.2029789835214615 2999
1763547203163 0.19907470047473907 3299
1763547271633 0.19740228354930878 3599
1763547340106 0.19707907736301422 3899
1763547409087 0.19736064970493317 4199
1763547478240 0.19629941880702972 4499
1763547547405 0.19751521944999695 4799
1763547616155 0.19510002434253693 5099
1763547684801 0.19498051702976227 5399
1763547753156 0.19402167201042175 5699
1763547822212 0.19350820779800415 5999
1763547890782 0.1932917833328247 6299
1763547959298 0.19121605157852173 6599
1763548028436 0.19140411913394928 6899
1763548097029 0.18966177105903625 7199
1763548165662 0.19040870666503906 7499
1763548234282 0.1912342607975006 7799
1763548302926 0.19010025262832642 8099
1763548371452 0.19010859727859497 8399
1763548439859 0.18898941576480865 8699
1763548508901 0.1896708458662033 8999
1763548577439 0.18886642158031464 9299
1763548645660 0.1882128268480301 9599
1763548714367 0.18823017179965973 9899
1763548782766 0.18844032287597656 10199
1763548851270 0.1875065714120865 10499
1763548919999 0.18726707994937897 10799
1763548989007 0.1885797381401062 11099
1763549057340 0.18737630546092987 11399
1763549125654 0.1863163709640503 11699
1763549194253 0.1867723912000656 11999
1763549262464 0.18091486394405365 12299
1763549331371 0.1809181123971939 12599
1763549399983 0.18181583285331726 12899
1763549469363 0.1806960105895996 13199
1763549538512 0.1800300031900406 13499
1763549607183 0.1805424839258194 13799
1763549676309 0.18086418509483337 14099
1763549745310 0.1802760511636734 14399
1763549814787 0.18033474683761597 14699
1763549884287 0.17951078712940216 14999
1763549953685 0.1801053285598755 15299
1763550022797 0.17966963350772858 15599
1763550091681 0.18000172078609467 15899
1763550160264 0.17993074655532837 16199
1763550228991 0.1794162094593048 16499
1763550298110 0.1796647012233734 16799
1763550367792 0.17863811552524567 17099
1763550437134 0.17945359647274017 17399
1763550505914 0.17845526337623596 17699
1763550575313 0.17906446754932404 17999
1763550644088 0.1773989051580429 18299
1763550712922 0.17681466042995453 18599
1763550781636 0.17745183408260345 18899
1763550851288 0.17815831303596497 19199
1763550920262 0.17624260485172272 19499
1763550989131 0.1772277057170868 19799
1763551057981 0.17639051377773285 20099
1763551126928 0.17683199048042297 20399
1763551196041 0.17676705121994019 20699
1763551265343 0.176391139626503 20999
1763551334565 0.17649802565574646 21299
1763551403906 0.1774854212999344 21599
1763551472938 0.17672039568424225 21899
1763551542170 0.17542390525341034 22199
1763551610865 0.17675118148326874 22499
1763551679668 0.1771976798772812 22799
1763551748983 0.17618641257286072 23099
1763551818200 0.17697151005268097 23399
1763551887082 0.17614327371120453 23699
1763551956178 0.17725682258605957 23999
1763552024477 0.176642507314682 24299
1763552093562 0.1763230264186859 24599
1763552162833 0.17562393844127655 24899
1763552232038 0.1762707680463791 25199
1763552300981 0.17642630636692047 25499
1763552369797 0.175620436668396 25799
1763552439090 0.1758321225643158 26099
1763552508203 0.1756204217672348 26399
1763552577467 0.17557349801063538 26699
1763552647010 0.17629282176494598 26999
1763552715801 0.17565736174583435 27299
1763552785037 0.17620784044265747 27599
1763552853891 0.17644618451595306 27899
1763552922652 0.17610472440719604 28199
1763552992016 0.17549431324005127 28499
1763553061141 0.17601166665554047 28799
1763553130562 0.17627905309200287 29099
1763553199613 0.1756928265094757 29399
1763553268523 0.17565694451332092 29699
1763553336949 0.17521017789840698 29999
1763553405885 0.1747680902481079 30299
1763553474484 0.17529726028442383 30599
1763553543453 0.17485567927360535 30899
1763553612766 0.17509548366069794 31199
1763553681679 0.1752403974533081 31499
1763553750883 0.1750480979681015 31799
1763553819740 0.1744232028722763 32099
1763553888652 0.17529480159282684 32399
1763553958015 0.17552371323108673 32699
1763554027448 0.1754888892173767 32999
1763554096222 0.17489558458328247 33299
1763554165153 0.17490337789058685 33599
1763554233544 0.17499949038028717 33899
