1763546517842 2.398195266723633 299
1763546586363 1.929650902748108 599
1763546654895 1.8184312582015991 899
1763546723288 1.8000880479812622 1199
1763546791427 1.7468037605285645 1499
1763546860339 1.7260935306549072 1799
1763546928744 1.7328225374221802 2099
1763546997304 1.7070789337158203 2399
1763547066161 1.7293387651443481 2699
1763547134730 1.7104731798171997 2999
1763547203163 1.677369475364685 3299
1763547271633 1.6655654907226562 3599
1763547340106 1.6633353233337402 3899
1763547409087 1.6648449897766113 4199
1763547478240 1.6567604541778564 4499
1763547547405 1.6659629344940186 4799
1763547616155 1.6479591131210327 5099
1763547684801 1.6456692218780518 5399
1763547753156 1.6390244960784912 5699
1763547822212 1.6350501775741577 5999
1763547890782 1.6340153217315674 6299
1763547959298 1.6163787841796875 6599
1763548028436 1.6176389455795288 6899
1763548097029 1.6038838624954224 7199
1763548165662 1.6093331575393677 7499
1763548234282 1.6174919605255127 7799
1763548302926 1.6071035861968994 8099
1763548371452 1.6070860624313354 8399
1763548439859 1.6012150049209595 8699
1763548508901 1.6042770147323608 8999
1763548577439 1.597228765487671 9299
1763548645660 1.5927542448043823 9599
1763548714367 1.59336519241333 9899
1763548782766 1.5936225652694702 10199
1763548851270 1.585707426071167 10499
1763548919999 1.5845496654510498 10799
1763548989007 1.5934878587722778 11099
1763549057340 1.584714412689209 11399
1763549125654 1.5763944387435913 11699
1763549194253 1.580000877380371 11999
1763549262464 1.534024953842163 12299
1763549331371 1.5333224534988403 12599
1763549399983 1.5394748449325562 12899
1763549469363 1.530360460281372 13199
1763549538512 1.5254459381103516 13499
1763549607183 1.5286098718643188 13799
1763549676309 1.5320159196853638 14099
1763549745310 1.528046727180481 14399
1763549814787 1.5268793106079102 14699
1763549884287 1.5210633277893066 14999
1763549953685 1.5269808769226074 15299
1763550022797 1.5232824087142944 15599
1763550091681 1.5252699851989746 15899
1763550160264 1.5256648063659668 16199
1763550228991 1.521012544631958 16499
1763550298110 1.5227240324020386 16799
1763550367792 1.5142369270324707 17099
1763550437134 1.5218238830566406 17399
1763550505914 1.5139974355697632 17699
1763550575313 1.5178248882293701 17999
1763550644088 1.5052253007888794 18299
1763550712922 1.5001137256622314 18599
1763550781636 1.5041712522506714 18899
1763550851288 1.5093884468078613 19199
1763550920262 1.4926035404205322 19499
1763550989131 1.5027130842208862 19799
1763551057981 1.4948281049728394 20099
1763551126928 1.499691128730774 20399
1763551196041 1.4984033107757568 20699
1763551265343 1.4955250024795532 20999
1763551334565 1.4970226287841797 21299
1763551403906 1.5040627717971802 21599
1763551472938 1.4994733333587646 21899
1763551542170 1.4875794649124146 22199
1763551610865 1.4984767436981201 22499
1763551679668 1.5020475387573242 22799
1763551748983 1.4939688444137573 23099
1763551818200 1.5011017322540283 23399
1763551887082 1.4931362867355347 23699
1763551956178 1.5034807920455933 23999
1763552024477 1.4981050491333008 24299
1763552093562 1.4953323602676392 24599
1763552162833 1.4894278049468994 24899
1763552232038 1.4957937002182007 25199
1763552300981 1.4956438541412354 25499
1763552369797 1.490206241607666 25799
1763552439090 1.4927128553390503 26099
1763552508203 1.4896552562713623 26399
1763552577467 1.4883495569229126 26699
1763552647010 1.4947201013565063 26999
1763552715801 1.4890474081039429 27299
1763552785037 1.4949967861175537 27599
1763552853891 1.4961621761322021 27899
1763552922652 1.493863582611084 28199
1763552992016 1.4878313541412354 28499
1763553061141 1.4931422472000122 28799
1763553130562 1.4947837591171265 29099
1763553199613 1.489885687828064 29399
1763553268523 1.4903230667114258 29699
1763553336949 1.4874836206436157 29999
1763553405885 1.4814224243164062 30299
1763553474484 1.487400770187378 30599
1763553543453 1.4841364622116089 30899
1763553612766 1.484392523765564 31199
1763553681679 1.4881644248962402 31499
1763553750883 1.485877275466919 31799
1763553819740 1.4800825119018555 32099
1763553888652 1.4872033596038818 32399
1763553958015 1.4892991781234741 32699
1763554027448 1.4877513647079468 32999
1763554096222 1.4839421510696411 33299
1763554165153 1.4835001230239868 33599
1763554233544 1.4837028980255127 33899
