1763546517842 10.489267349243164 299
1763546586363 7.272092819213867 599
1763546654895 6.670224189758301 899
1763546723288 6.234318256378174 1199
1763546791427 6.102316856384277 1499
1763546860339 5.873961925506592 1799
1763546928744 5.8460211753845215 2099
1763546997304 5.604249954223633 2399
1763547066161 5.952334403991699 2699
1763547134730 5.80851936340332 2999
1763547203163 5.728755474090576 3299
1763547271633 5.542500019073486 3599
1763547340106 5.39917516708374 3899
1763547409087 5.473677158355713 4199
1763547478240 5.409529685974121 4499
1763547547405 5.491708278656006 4799
1763547616155 5.281898498535156 5099
1763547684801 5.3710126876831055 5399
1763547753156 5.286799907684326 5699
1763547822212 5.192199230194092 5999
1763547890782 5.169495582580566 6299
1763547959298 5.11638879776001 6599
1763548028436 5.113961696624756 6899
1763548097029 5.042705535888672 7199
1763548165662 5.132700443267822 7499
1763548234282 5.113193035125732 7799
1763548302926 5.137650966644287 8099
1763548371452 5.138450622558594 8399
1763548439859 4.726048946380615 8699
1763548508901 4.994585990905762 8999
1763548577439 5.051076412200928 9299
1763548645660 4.9041266441345215 9599
1763548714367 4.937602519989014 9899
1763548782766 4.945380210876465 10199
1763548851270 4.993130683898926 10499
1763548919999 4.934060096740723 10799
1763548989007 5.128749370574951 11099
1763549057340 4.938176155090332 11399
1763549125654 4.901280879974365 11699
1763549194253 4.912872791290283 11999
1763549262464 4.602174758911133 12299
1763549331371 4.577678680419922 12599
1763549399983 4.6386399269104 12899
1763549469363 4.723472595214844 13199
1763549538512 4.5510053634643555 13499
1763549607183 4.692978382110596 13799
1763549676309 4.689268112182617 14099
1763549745310 4.560757637023926 14399
1763549814787 4.719771862030029 14699
1763549884287 4.550863742828369 14999
1763549953685 4.48012113571167 15299
1763550022797 4.509973049163818 15599
1763550091681 4.500205993652344 15899
1763550160264 4.528987884521484 16199
1763550228991 4.5644307136535645 16499
1763550298110 4.595191955566406 16799
1763550367792 4.493696212768555 17099
1763550437134 4.4685444831848145 17399
1763550505914 4.422957420349121 17699
1763550575313 4.566339492797852 17999
1763550644088 4.33340311050415 18299
1763550712922 4.349908828735352 18599
1763550781636 4.57215690612793 18899
1763550851288 4.5301690101623535 19199
1763550920262 4.556404113769531 19499
1763550989131 4.44206428527832 19799
1763551057981 4.482913970947266 20099
1763551126928 4.452286243438721 20399
1763551196041 4.5090179443359375 20699
1763551265343 4.412661075592041 20999
1763551334565 4.351110935211182 21299
1763551403906 4.51296854019165 21599
1763551472938 4.4045090675354 21899
1763551542170 4.449002265930176 22199
1763551610865 4.461419105529785 22499
1763551679668 4.494837284088135 22799
1763551748983 4.454918384552002 23099
1763551818200 4.473441123962402 23399
1763551887082 4.478424549102783 23699
1763551956178 4.380556583404541 23999
1763552024477 4.416186332702637 24299
1763552093562 4.398277759552002 24599
1763552162833 4.486614227294922 24899
1763552232038 4.328573226928711 25199
1763552300981 4.476858139038086 25499
1763552369797 4.323319435119629 25799
1763552439090 4.359642505645752 26099
1763552508203 4.373344421386719 26399
1763552577467 4.483116149902344 26699
1763552647010 4.39675760269165 26999
1763552715801 4.43919038772583 27299
1763552785037 4.365548610687256 27599
1763552853891 4.386999607086182 27899
1763552922652 4.320366859436035 28199
1763552992016 4.439550876617432 28499
1763553061141 4.371043682098389 28799
1763553130562 4.392133712768555 29099
1763553199613 4.371118068695068 29399
1763553268523 4.366393089294434 29699
1763553336949 4.263269901275635 29999
1763553405885 4.409684181213379 30299
1763553474484 4.298793792724609 30599
1763553543453 4.322667121887207 30899
1763553612766 4.418494701385498 31199
1763553681679 4.205486297607422 31499
1763553750883 4.250423908233643 31799
1763553819740 4.326748371124268 32099
1763553888652 4.418848991394043 32399
1763553958015 4.327573776245117 32699
1763554027448 4.498348712921143 32999
1763554096222 4.304256916046143 33299
1763554165153 4.383894443511963 33599
1763554233544 4.444924831390381 33899
