1763546517842 11.409817695617676 299
1763546586363 8.612271308898926 599
1763546654895 8.03585147857666 899
1763546723288 7.73483943939209 1199
1763546791427 7.5416059494018555 1499
1763546860339 7.626164436340332 1799
1763546928744 7.4534382820129395 2099
1763546997304 7.139366149902344 2399
1763547066161 7.469130039215088 2699
1763547134730 7.311958312988281 2999
1763547203163 7.328520774841309 3299
1763547271633 6.976562023162842 3599
1763547340106 6.962164402008057 3899
1763547409087 7.049315929412842 4199
1763547478240 6.976349830627441 4499
1763547547405 7.126364707946777 4799
1763547616155 6.824582576751709 5099
1763547684801 6.901201248168945 5399
1763547753156 6.76643705368042 5699
1763547822212 6.625349998474121 5999
1763547890782 6.663376331329346 6299
1763547959298 6.608416557312012 6599
1763548028436 6.599408149719238 6899
1763548097029 6.439570426940918 7199
1763548165662 6.516141891479492 7499
1763548234282 6.456798553466797 7799
1763548302926 6.482500076293945 8099
1763548371452 6.511429309844971 8399
1763548439859 6.176609039306641 8699
1763548508901 6.444155216217041 8999
1763548577439 6.336111068725586 9299
1763548645660 6.228084087371826 9599
1763548714367 6.304495334625244 9899
1763548782766 6.372570514678955 10199
1763548851270 6.432520866394043 10499
1763548919999 6.218305587768555 10799
1763548989007 6.577035903930664 11099
1763549057340 6.3455963134765625 11399
1763549125654 6.241245269775391 11699
1763549194253 6.332664489746094 11999
1763549262464 5.818954944610596 12299
1763549331371 5.918367385864258 12599
1763549399983 6.079301834106445 12899
1763549469363 5.930593967437744 13199
1763549538512 5.917745590209961 13499
1763549607183 5.990912437438965 13799
1763549676309 5.95133638381958 14099
1763549745310 5.794105529785156 14399
1763549814787 5.9369215965271 14699
1763549884287 5.957032680511475 14999
1763549953685 5.790306091308594 15299
1763550022797 5.778808116912842 15599
1763550091681 5.949587345123291 15899
1763550160264 5.836182117462158 16199
1763550228991 5.835494518280029 16499
1763550298110 5.841172218322754 16799
1763550367792 5.849913120269775 17099
1763550437134 5.806389808654785 17399
1763550505914 5.616588592529297 17699
1763550575313 5.8632588386535645 17999
1763550644088 5.701746940612793 18299
1763550712922 5.645087718963623 18599
1763550781636 5.693257808685303 18899
1763550851288 5.840574264526367 19199
1763550920262 5.781567573547363 19499
1763550989131 5.7751784324646 19799
1763551057981 5.756644248962402 20099
1763551126928 5.646841526031494 20399
1763551196041 5.79359245300293 20699
1763551265343 5.770114421844482 20999
1763551334565 5.707503795623779 21299
1763551403906 5.833736419677734 21599
1763551472938 5.541149139404297 21899
1763551542170 5.622454643249512 22199
1763551610865 5.764406681060791 22499
1763551679668 5.7932963371276855 22799
1763551748983 5.7981133460998535 23099
1763551818200 5.570504188537598 23399
1763551887082 5.792901992797852 23699
1763551956178 5.633187294006348 23999
1763552024477 5.665352821350098 24299
1763552093562 5.693904876708984 24599
1763552162833 5.659167766571045 24899
1763552232038 5.579238414764404 25199
1763552300981 5.754339218139648 25499
1763552369797 5.498719215393066 25799
1763552439090 5.5243611335754395 26099
1763552508203 5.615058422088623 26399
1763552577467 5.743398666381836 26699
1763552647010 5.68987512588501 26999
1763552715801 5.725042343139648 27299
1763552785037 5.6983442306518555 27599
1763552853891 5.6588850021362305 27899
1763552922652 5.697957515716553 28199
1763552992016 5.6591596603393555 28499
1763553061141 5.704202651977539 28799
1763553130562 5.711373805999756 29099
1763553199613 5.684042930603027 29399
1763553268523 5.582487106323242 29699
1763553336949 5.485520362854004 29999
1763553405885 5.685277462005615 30299
1763553474484 5.573286056518555 30599
1763553543453 5.487371921539307 30899
1763553612766 5.716898441314697 31199
1763553681679 5.434794902801514 31499
1763553750883 5.465517997741699 31799
1763553819740 5.553225994110107 32099
1763553888652 5.57108736038208 32399
1763553958015 5.52642297744751 32699
1763554027448 5.732410430908203 32999
1763554096222 5.533029079437256 33299
1763554165153 5.643430233001709 33599
1763554233544 5.653998374938965 33899
