1763546517842 11.908061027526855 299
1763546586363 7.200165271759033 599
1763546654895 6.46031379699707 899
1763546723288 6.326558589935303 1199
1763546791427 5.997839450836182 1499
1763546860339 5.878850936889648 1799
1763546928744 5.891788482666016 2099
1763546997304 5.731433391571045 2399
1763547066161 5.874780654907227 2699
1763547134730 5.768434047698975 2999
1763547203163 5.5544352531433105 3299
1763547271633 5.464511871337891 3599
1763547340106 5.457263946533203 3899
1763547409087 5.485005855560303 4199
1763547478240 5.4062113761901855 4499
1763547547405 5.46649169921875 4799
1763547616155 5.348768711090088 5099
1763547684801 5.321792125701904 5399
1763547753156 5.297107696533203 5699
1763547822212 5.260704517364502 5999
1763547890782 5.24018669128418 6299
1763547959298 5.143381118774414 6599
1763548028436 5.150363922119141 6899
1763548097029 5.059925556182861 7199
1763548165662 5.10532283782959 7499
1763548234282 5.149692058563232 7799
1763548302926 5.084166049957275 8099
1763548371452 5.0851850509643555 8399
1763548439859 5.017842769622803 8699
1763548508901 5.056646823883057 8999
1763548577439 5.0095977783203125 9299
1763548645660 4.978015899658203 9599
1763548714367 4.978607654571533 9899
1763548782766 5.004021167755127 10199
1763548851270 4.958614826202393 10499
1763548919999 4.938887596130371 10799
1763548989007 5.002954483032227 11099
1763549057340 4.953813552856445 11399
1763549125654 4.873294353485107 11699
1763549194253 4.913991928100586 11999
1763549262464 4.627917289733887 12299
1763549331371 4.646728515625 12599
1763549399983 4.701874732971191 12899
1763549469363 4.643011569976807 13199
1763549538512 4.610019207000732 13499
1763549607183 4.634182929992676 13799
1763549676309 4.6449127197265625 14099
1763549745310 4.623666286468506 14399
1763549814787 4.61175012588501 14699
1763549884287 4.564022541046143 14999
1763549953685 4.600043773651123 15299
1763550022797 4.5765275955200195 15599
1763550091681 4.6012372970581055 15899
1763550160264 4.587627410888672 16199
1763550228991 4.553292751312256 16499
1763550298110 4.582413673400879 16799
1763550367792 4.513928413391113 17099
1763550437134 4.562007904052734 17399
1763550505914 4.5053839683532715 17699
1763550575313 4.554357051849365 17999
1763550644088 4.470456600189209 18299
1763550712922 4.448572158813477 18599
1763550781636 4.48443603515625 18899
1763550851288 4.5216965675354 19199
1763550920262 4.419841766357422 19499
1763550989131 4.462510585784912 19799
1763551057981 4.422093391418457 20099
1763551126928 4.441657066345215 20399
1763551196041 4.431308269500732 20699
1763551265343 4.40450382232666 20999
1763551334565 4.421960353851318 21299
1763551403906 4.482657432556152 21599
1763551472938 4.438867568969727 21899
1763551542170 4.363480567932129 22199
1763551610865 4.443187236785889 22499
1763551679668 4.4692158699035645 22799
1763551748983 4.4088029861450195 23099
1763551818200 4.455718040466309 23399
1763551887082 4.39546537399292 23699
1763551956178 4.47955846786499 23999
1763552024477 4.4420166015625 24299
1763552093562 4.412473201751709 24599
1763552162833 4.369445323944092 24899
1763552232038 4.425820350646973 25199
1763552300981 4.433566093444824 25499
1763552369797 4.3876142501831055 25799
1763552439090 4.384106159210205 26099
1763552508203 4.374228000640869 26399
1763552577467 4.375387191772461 26699
1763552647010 4.438076972961426 26999
1763552715801 4.393693923950195 27299
1763552785037 4.417830467224121 27599
1763552853891 4.415765285491943 27899
1763552922652 4.413459300994873 28199
1763552992016 4.374583721160889 28499
1763553061141 4.3954315185546875 28799
1763553130562 4.403456687927246 29099
1763553199613 4.377793312072754 29399
1763553268523 4.398813724517822 29699
1763553336949 4.362921714782715 29999
1763553405885 4.337553024291992 30299
1763553474484 4.377989768981934 30599
1763553543453 4.349005699157715 30899
1763553612766 4.365211486816406 31199
1763553681679 4.371496677398682 31499
1763553750883 4.352718353271484 31799
1763553819740 4.3172383308410645 32099
1763553888652 4.382294178009033 32399
1763553958015 4.387418270111084 32699
1763554027448 4.381546497344971 32999
1763554096222 4.3521409034729 33299
1763554165153 4.358305931091309 33599
1763554233544 4.3555006980896 33899
