1763546517842 6.909907341003418 299
1763546586363 2.971506118774414 599
1763546654895 2.4278972148895264 899
1763546723288 2.2460813522338867 1199
1763546791427 2.007084608078003 1499
1763546860339 1.953732967376709 1799
1763546928744 1.932196855545044 2099
1763546997304 1.835442304611206 2399
1763547066161 2.1306564807891846 2699
1763547134730 1.9478729963302612 2999
1763547203163 1.8881758451461792 3299
1763547271633 1.7944961786270142 3599
1763547340106 1.7837493419647217 3899
1763547409087 1.7857856750488281 4199
1763547478240 1.7430200576782227 4499
1763547547405 1.8112232685089111 4799
1763547616155 1.7370933294296265 5099
1763547684801 1.8261168003082275 5399
1763547753156 1.6194831132888794 5699
1763547822212 1.6902974843978882 5999
1763547890782 1.7048795223236084 6299
1763547959298 1.619789481163025 6599
1763548028436 1.6752328872680664 6899
1763548097029 1.6309161186218262 7199
1763548165662 1.6386752128601074 7499
1763548234282 1.633865237236023 7799
1763548302926 1.6096364259719849 8099
1763548371452 1.6348954439163208 8399
1763548439859 1.565117359161377 8699
1763548508901 1.666150689125061 8999
1763548577439 1.6665050983428955 9299
1763548645660 1.6264232397079468 9599
1763548714367 1.593440055847168 9899
1763548782766 1.644984245300293 10199
1763548851270 1.5825670957565308 10499
1763548919999 1.6468021869659424 10799
1763548989007 1.6397658586502075 11099
1763549057340 1.6234663724899292 11399
1763549125654 1.6176260709762573 11699
1763549194253 1.6206954717636108 11999
1763549262464 1.390071153640747 12299
1763549331371 1.3868248462677002 12599
1763549399983 1.4274039268493652 12899
1763549469363 1.4104872941970825 13199
1763549538512 1.4141530990600586 13499
1763549607183 1.4737077951431274 13799
1763549676309 1.4410123825073242 14099
1763549745310 1.4204927682876587 14399
1763549814787 1.5230495929718018 14699
1763549884287 1.3995176553726196 14999
1763549953685 1.4306707382202148 15299
1763550022797 1.4053890705108643 15599
1763550091681 1.3873931169509888 15899
1763550160264 1.3916144371032715 16199
1763550228991 1.4310625791549683 16499
1763550298110 1.4185409545898438 16799
1763550367792 1.4299228191375732 17099
1763550437134 1.389622449874878 17399
1763550505914 1.3896554708480835 17699
1763550575313 1.4406654834747314 17999
1763550644088 1.3517043590545654 18299
1763550712922 1.3730957508087158 18599
1763550781636 1.4140163660049438 18899
1763550851288 1.3618899583816528 19199
1763550920262 1.4223666191101074 19499
1763550989131 1.3779557943344116 19799
1763551057981 1.4373770952224731 20099
1763551126928 1.388783574104309 20399
1763551196041 1.3643996715545654 20699
1763551265343 1.3812693357467651 20999
1763551334565 1.3893319368362427 21299
1763551403906 1.4137731790542603 21599
1763551472938 1.3512150049209595 21899
1763551542170 1.386660099029541 22199
1763551610865 1.373839020729065 22499
1763551679668 1.4117658138275146 22799
1763551748983 1.3662461042404175 23099
1763551818200 1.4099507331848145 23399
1763551887082 1.4196916818618774 23699
1763551956178 1.3858764171600342 23999
1763552024477 1.4025988578796387 24299
1763552093562 1.376867413520813 24599
1763552162833 1.4137263298034668 24899
1763552232038 1.3925063610076904 25199
1763552300981 1.3690727949142456 25499
1763552369797 1.3823363780975342 25799
1763552439090 1.3566337823867798 26099
1763552508203 1.3960380554199219 26399
1763552577467 1.4199258089065552 26699
1763552647010 1.391194224357605 26999
1763552715801 1.3925355672836304 27299
1763552785037 1.359387993812561 27599
1763552853891 1.39699387550354 27899
1763552922652 1.3673912286758423 28199
1763552992016 1.4278756380081177 28499
1763553061141 1.382580280303955 28799
1763553130562 1.3464385271072388 29099
1763553199613 1.4085988998413086 29399
1763553268523 1.3521192073822021 29699
1763553336949 1.3536659479141235 29999
1763553405885 1.3970085382461548 30299
1763553474484 1.3574037551879883 30599
1763553543453 1.3282241821289062 30899
1763553612766 1.4080400466918945 31199
1763553681679 1.3474676609039307 31499
1763553750883 1.3713880777359009 31799
1763553819740 1.352104663848877 32099
1763553888652 1.3654016256332397 32399
1763553958015 1.361920952796936 32699
1763554027448 1.3829731941223145 32999
1763554096222 1.3526241779327393 33299
1763554165153 1.402546763420105 33599
1763554233544 1.3773053884506226 33899
