1763456838844 0.0 299
1763456838912 0.0 299
1763456891792 1.0 599
1763456891847 1.0 599
1763456944339 2.0 899
1763456944356 2.0 899
1763456997592 3.0 1199
1763456997652 3.0 1199
1763457056866 4.0 1499
1763457056939 4.0 1499
1763457115791 5.0 1799
1763457115864 5.0 1799
1763457172704 6.0 2099
1763457172722 6.0 2099
1763457230098 7.0 2399
1763457230169 7.0 2399
1763457286053 8.0 2699
1763457286074 8.0 2699
1763457340498 9.0 2999
1763457340515 9.0 2999
1763457395475 10.0 3299
1763457395492 10.0 3299
1763457453022 11.0 3599
1763457453090 11.0 3599
1763457510566 12.0 3899
1763457510587 12.0 3899
1763457568033 13.0 4199
1763457568126 13.0 4199
1763457625515 14.0 4499
1763457625530 14.0 4499
1763457682368 15.0 4799
1763457682397 15.0 4799
1763457739794 16.0 5099
1763457739814 16.0 5099
1763457793140 17.0 5399
1763457793156 17.0 5399
1763457846193 18.0 5699
1763457846252 18.0 5699
1763457898981 19.0 5999
1763457898997 19.0 5999
1763457955450 20.0 6299
1763457955472 20.0 6299
1763458009402 21.0 6599
1763458009417 21.0 6599
1763458062602 22.0 6899
1763458062664 22.0 6899
1763458116063 23.0 7199
1763458116123 23.0 7199
1763458169169 24.0 7499
1763458169187 24.0 7499
1763458222182 25.0 7799
1763458222239 25.0 7799
1763458278058 26.0 8099
1763458278077 26.0 8099
1763458335100 27.0 8399
1763458335117 27.0 8399
1763458391263 28.0 8699
1763458391282 28.0 8699
1763458448810 29.0 8999
1763458448833 29.0 8999
1763458506450 30.0 9299
1763458506474 30.0 9299
1763458563576 31.0 9599
1763458563605 31.0 9599
1763458620959 32.0 9899
1763458620979 32.0 9899
1763458678022 33.0 10199
1763458678043 33.0 10199
1763458734687 34.0 10499
1763458734712 34.0 10499
1763458791877 35.0 10799
1763458791902 35.0 10799
1763458848846 36.0 11099
1763458848864 36.0 11099
1763458905551 37.0 11399
1763458905571 37.0 11399
1763458962297 38.0 11699
1763458962314 38.0 11699
1763459019084 39.0 11999
1763459019102 39.0 11999
1763459075662 40.0 12299
1763459075679 40.0 12299
1763459133137 41.0 12599
1763459133154 41.0 12599
1763459190469 42.0 12899
1763459190488 42.0 12899
1763459248586 43.0 13199
1763459248611 43.0 13199
1763459306416 44.0 13499
1763459306433 44.0 13499
1763459364845 45.0 13799
1763459364863 45.0 13799
1763459423557 46.0 14099
1763459423576 46.0 14099
1763459480991 47.0 14399
1763459481007 47.0 14399
1763459536723 48.0 14699
1763459536739 48.0 14699
1763459593246 49.0 14999
1763459593269 49.0 14999
1763459647107 50.0 15299
1763459647124 50.0 15299
1763459699735 51.0 15599
1763459699753 51.0 15599
1763459752699 52.0 15899
1763459752714 52.0 15899
1763459805321 53.0 16199
1763459805337 53.0 16199
1763459858442 54.0 16499
1763459858465 54.0 16499
1763459911935 55.0 16799
1763459911952 55.0 16799
1763459965220 56.0 17099
1763459965236 56.0 17099
1763460018403 57.0 17399
1763460018420 57.0 17399
1763460071383 58.0 17699
1763460071400 58.0 17699
1763460124661 59.0 17999
1763460124679 59.0 17999
1763460177562 60.0 18299
1763460177577 60.0 18299
1763460231062 61.0 18599
1763460231079 61.0 18599
1763460284783 62.0 18899
1763460284799 62.0 18899
1763460338054 63.0 19199
1763460338070 63.0 19199
1763460391153 64.0 19499
1763460391169 64.0 19499
1763460444069 65.0 19799
1763460444084 65.0 19799
1763460497318 66.0 20099
1763460497334 66.0 20099
1763460550201 67.0 20399
1763460550217 67.0 20399
1763460603785 68.0 20699
1763460603802 68.0 20699
1763460657208 69.0 20999
1763460657224 69.0 20999
1763460714399 70.0 21299
1763460714419 70.0 21299
1763460771080 71.0 21599
1763460771099 71.0 21599
1763460827766 72.0 21899
1763460827785 72.0 21899
1763460884174 73.0 22199
1763460884199 73.0 22199
1763460941287 74.0 22499
1763460941308 74.0 22499
1763460998169 75.0 22799
1763460998187 75.0 22799
1763461028014 76.0 22800
