1763456794088 0.001 49
1763456801848 0.001 99
1763456809567 0.001 149
1763456817291 0.001 199
1763456825011 0.001 249
1763456832740 0.001 299
1763456846634 0.001 349
1763456854495 0.001 399
1763456862322 0.001 449
1763456870160 0.001 499
1763456877911 0.001 549
1763456885700 0.001 599
1763456899497 0.001 649
1763456907258 0.001 699
1763456915041 0.001 749
1763456922807 0.001 799
1763456930538 0.001 849
1763456938260 0.001 899
1763456951980 0.001 949
1763456959757 0.001 999
1763456967651 0.001 1049
1763456975540 0.001 1099
1763456983442 0.001 1149
1763456991340 0.001 1199
1763457006246 0.001 1249
1763457015040 0.001 1299
1763457023665 0.001 1349
1763457032249 0.001 1399
1763457040849 0.001 1449
1763457049338 0.001 1499
1763457065330 0.001 1549
1763457073767 0.001 1599
1763457082295 0.001 1649
1763457090831 0.001 1699
1763457099350 0.001 1749
1763457108211 0.001 1799
1763457124349 0.001 1849
1763457132828 0.001 1899
1763457141017 0.001 1949
1763457149272 0.001 1999
1763457157427 0.001 2049
1763457165569 0.001 2099
1763457180740 0.001 2149
1763457188944 0.001 2199
1763457197280 0.001 2249
1763457205627 0.001 2299
1763457213971 0.001 2349
1763457222387 0.001 2399
1763457238368 0.001 2449
1763457246522 0.001 2499
1763457254672 0.001 2549
1763457262832 0.001 2599
1763457270958 0.001 2649
1763457279073 0.001 2699
1763457294063 0.001 2749
1763457302189 0.001 2799
1763457310325 0.001 2849
1763457318308 0.001 2899
1763457326220 0.001 2949
1763457334148 0.001 2999
1763457348318 0.001 3049
1763457356164 0.001 3099
1763457363979 0.001 3149
1763457371830 0.001 3199
1763457379702 0.001 3249
1763457387967 0.001 3299
1763457403720 0.001 3349
1763457412085 0.001 3399
1763457420504 0.001 3449
1763457428972 0.001 3499
1763457437298 0.001 3549
1763457445618 0.001 3599
1763457461362 0.001 3649
1763457469758 0.001 3699
1763457478224 0.001 3749
1763457486680 0.001 3799
1763457495031 0.001 3849
1763457503396 0.001 3899
1763457518841 0.001 3949
1763457527148 0.001 3999
1763457535542 0.001 4049
1763457543935 0.001 4099
1763457552293 0.001 4149
1763457560714 0.001 4199
1763457576545 0.001 4249
1763457584886 0.001 4299
1763457593248 0.001 4349
1763457601632 0.001 4399
1763457609861 0.001 4449
1763457618237 0.001 4499
1763457633811 0.001 4549
1763457642062 0.001 4599
1763457650324 0.001 4649
1763457658570 0.001 4699
1763457666857 0.001 4749
1763457675300 0.001 4799
1763457690596 0.001 4849
1763457698871 0.001 4899
1763457707233 0.001 4949
1763457715580 0.001 4999
1763457724024 0.001 5049
1763457732547 0.001 5099
1763457747696 0.001 5149
1763457755649 0.001 5199
1763457763563 0.001 5249
1763457771383 0.001 5299
1763457779181 0.001 5349
1763457786973 0.001 5399
1763457800882 0.001 5449
1763457808746 0.001 5499
1763457816617 0.001 5549
1763457824468 0.001 5599
1763457832270 0.001 5649
1763457840037 0.001 5699
1763457853944 0.001 5749
1763457861736 0.001 5799
1763457869549 0.001 5849
1763457877324 0.001 5899
1763457885099 0.001 5949
1763457892850 0.001 5999
1763457906895 0.001 6049
1763457915122 0.001 6099
1763457923421 0.001 6149
1763457931761 0.001 6199
1763457940125 0.001 6249
1763457948454 0.001 6299
1763457963626 0.001 6349
1763457971883 0.001 6399
1763457979902 0.001 6449
1763457987700 0.001 6499
1763457995485 0.001 6549
1763458003277 0.001 6599
1763458017071 0.001 6649
1763458024841 0.001 6699
1763458032596 0.001 6749
1763458040430 0.001 6799
1763458048352 0.001 6849
1763458056270 0.001 6899
1763458070415 0.001 6949
1763458078255 0.001 6999
1763458086093 0.001 7049
1763458093945 0.001 7099
1763458101825 0.001 7149
1763458109770 0.001 7199
1763458123936 0.001 7249
1763458131760 0.001 7299
1763458139558 0.001 7349
1763458147349 0.001 7399
1763458155135 0.001 7449
1763458162991 0.001 7499
1763458176955 0.001 7549
1763458184843 0.001 7599
1763458192663 0.001 7649
1763458200446 0.001 7699
1763458208235 0.001 7749
1763458216028 0.001 7799
1763458229916 0.001 7849
1763458237766 0.001 7899
1763458245807 0.001 7949
1763458254299 0.001 7999
1763458262515 0.001 8049
1763458270815 0.001 8099
1763458286264 0.001 8149
1763458294563 0.001 8199
1763458302787 0.001 8249
1763458311031 0.001 8299
1763458319403 0.001 8349
1763458327767 0.001 8399
1763458343205 0.001 8449
1763458351359 0.001 8499
1763458359444 0.001 8549
1763458367724 0.001 8599
1763458375912 0.001 8649
1763458384230 0.001 8699
1763458399550 0.001 8749
1763458408129 0.001 8799
1763458416508 0.001 8849
1763458424823 0.001 8899
1763458433125 0.001 8949
1763458441492 0.001 8999
1763458457054 0.001 9049
1763458465427 0.001 9099
1763458473804 0.001 9149
1763458482181 0.001 9199
1763458490552 0.001 9249
1763458499026 0.001 9299
1763458514738 0.001 9349
1763458523127 0.001 9399
1763458531438 0.001 9449
1763458539806 0.001 9499
1763458548112 0.001 9549
1763458556339 0.001 9599
1763458571803 0.001 9649
1763458580219 0.001 9699
1763458588668 0.001 9749
1763458597052 0.001 9799
1763458605340 0.001 9849
1763458613739 0.001 9899
1763458629265 0.001 9949
1763458637597 0.001 9999
1763458645897 0.001 10049
1763458654226 0.001 10099
1763458662557 0.001 10149
1763458670867 0.001 10199
1763458686152 0.001 10249
1763458694414 0.001 10299
1763458702612 0.001 10349
1763458711024 0.001 10399
1763458719330 0.001 10449
1763458727580 0.001 10499
1763458742957 0.001 10549
1763458751347 0.001 10599
1763458759617 0.001 10649
1763458767958 0.001 10699
1763458776254 0.001 10749
1763458784573 0.001 10799
1763458800129 0.001 10849
1763458808494 0.001 10899
1763458816811 0.001 10949
1763458825159 0.001 10999
1763458833443 0.001 11049
1763458841784 0.001 11099
1763458857043 0.001 11149
1763458865345 0.001 11199
1763458873616 0.001 11249
1763458881934 0.001 11299
1763458890159 0.001 11349
1763458898420 0.001 11399
1763458913758 0.001 11449
1763458922065 0.001 11499
1763458930311 0.001 11549
1763458938569 0.001 11599
1763458946798 0.001 11649
1763458955046 0.001 11699
1763458970471 0.001 11749
1763458978729 0.001 11799
1763458987065 0.001 11849
1763458995397 0.001 11899
1763459003683 0.001 11949
1763459011952 0.001 11999
1763459027309 0.0003 12049
1763459035604 0.0003 12099
1763459043922 0.0003 12149
1763459052261 0.0003 12199
1763459060510 0.0003 12249
1763459068799 0.0003 12299
1763459083843 0.0003 12349
1763459092208 0.0003 12399
1763459100789 0.0003 12449
1763459109322 0.0003 12499
1763459117615 0.0003 12549
1763459125966 0.0003 12599
1763459141441 0.0003 12649
1763459149939 0.0003 12699
1763459158279 0.0003 12749
1763459166644 0.0003 12799
1763459174941 0.0003 12849
1763459183307 0.0003 12899
1763459198783 0.0003 12949
1763459207171 0.0003 12999
1763459215591 0.0003 13049
1763459224198 0.0003 13099
1763459232725 0.0003 13149
1763459241218 0.0003 13199
1763459257028 0.0003 13249
1763459265501 0.0003 13299
1763459273940 0.0003 13349
1763459282213 0.0003 13399
1763459290586 0.0003 13449
1763459298984 0.0003 13499
1763459314799 0.0003 13549
1763459323304 0.0003 13599
1763459331825 0.0003 13649
1763459340437 0.0003 13699
1763459348976 0.0003 13749
1763459357460 0.0003 13799
1763459373284 0.0003 13849
1763459381847 0.0003 13899
1763459390361 0.0003 13949
1763459399138 0.0003 13999
1763459407628 0.0003 14049
1763459416032 0.0003 14099
1763459432105 0.0003 14149
1763459440642 0.0003 14199
1763459449159 0.0003 14249
1763459457834 0.0003 14299
1763459466338 0.0003 14349
1763459474600 0.0003 14399
1763459488833 0.0003 14449
1763459496778 0.0003 14499
1763459504760 0.0003 14549
1763459512691 0.0003 14599
1763459521009 0.0003 14649
1763459529205 0.0003 14699
1763459544815 0.0003 14749
1763459553030 0.0003 14799
1763459561225 0.0003 14849
1763459569545 0.0003 14899
1763459577704 0.0003 14949
1763459585993 0.0003 14999
1763459601474 0.0003 15049
1763459609709 0.0003 15099
1763459617580 0.0003 15149
1763459625432 0.0003 15199
1763459633221 0.0003 15249
1763459640991 0.0003 15299
1763459654796 0.0003 15349
1763459662563 0.0003 15399
1763459670338 0.0003 15449
1763459678110 0.0003 15499
1763459685883 0.0003 15549
1763459693636 0.0003 15599
1763459707419 0.0003 15649
1763459715171 0.0003 15699
1763459723002 0.0003 15749
1763459730871 0.0003 15799
1763459738716 0.0003 15849
1763459746576 0.0003 15899
1763459760376 0.0003 15949
1763459768150 0.0003 15999
1763459775920 0.0003 16049
1763459783680 0.0003 16099
1763459791454 0.0003 16149
1763459799216 0.0003 16199
1763459812990 0.0003 16249
1763459820775 0.0003 16299
1763459828549 0.0003 16349
1763459836321 0.0003 16399
1763459844226 0.0003 16449
1763459852174 0.0003 16499
1763459866265 0.0003 16549
1763459874141 0.0003 16599
1763459882004 0.0003 16649
1763459889900 0.0003 16699
1763459897778 0.0003 16749
1763459905691 0.0003 16799
1763459919743 0.0003 16849
1763459927693 0.0003 16899
1763459935511 0.0003 16949
1763459943327 0.0003 16999
1763459951129 0.0003 17049
1763459958953 0.0003 17099
1763459972976 0.0003 17149
1763459980903 0.0003 17199
1763459988793 0.0003 17249
1763459996606 0.0003 17299
1763460004419 0.0003 17349
1763460012219 0.0003 17399
1763460026134 0.0003 17449
1763460033949 0.0003 17499
1763460041749 0.0003 17549
1763460049567 0.0003 17599
1763460057377 0.0003 17649
1763460065186 0.0003 17699
1763460079107 0.0003 17749
1763460087019 0.0003 17799
1763460094927 0.0003 17849
1763460102828 0.0003 17899
1763460110685 0.0003 17949
1763460118487 0.0003 17999
1763460132383 8.999999999999999e-05 18049
1763460140180 8.999999999999999e-05 18099
1763460147987 8.999999999999999e-05 18149
1763460155792 8.999999999999999e-05 18199
1763460163609 8.999999999999999e-05 18249
1763460171408 8.999999999999999e-05 18299
1763460185267 8.999999999999999e-05 18349
1763460193062 8.999999999999999e-05 18399
1763460200927 8.999999999999999e-05 18449
1763460208874 8.999999999999999e-05 18499
1763460216835 8.999999999999999e-05 18549
1763460224756 8.999999999999999e-05 18599
1763460238837 8.999999999999999e-05 18649
1763460246699 8.999999999999999e-05 18699
1763460254591 8.999999999999999e-05 18749
1763460262543 8.999999999999999e-05 18799
1763460270479 8.999999999999999e-05 18849
1763460278444 8.999999999999999e-05 18899
1763460292524 8.999999999999999e-05 18949
1763460300372 8.999999999999999e-05 18999
1763460308198 8.999999999999999e-05 19049
1763460316036 8.999999999999999e-05 19099
1763460323922 8.999999999999999e-05 19149
1763460331799 8.999999999999999e-05 19199
1763460345861 8.999999999999999e-05 19249
1763460353690 8.999999999999999e-05 19299
1763460361517 8.999999999999999e-05 19349
1763460369339 8.999999999999999e-05 19399
1763460377164 8.999999999999999e-05 19449
1763460384956 8.999999999999999e-05 19499
1763460398868 8.999999999999999e-05 19549
1763460406678 8.999999999999999e-05 19599
1763460414485 8.999999999999999e-05 19649
1763460422279 8.999999999999999e-05 19699
1763460430061 8.999999999999999e-05 19749
1763460437869 8.999999999999999e-05 19799
1763460451867 8.999999999999999e-05 19849
1763460459779 8.999999999999999e-05 19899
1763460467685 8.999999999999999e-05 19949
1763460475506 8.999999999999999e-05 19999
1763460483325 8.999999999999999e-05 20049
1763460491134 8.999999999999999e-05 20099
1763460505039 8.999999999999999e-05 20149
1763460512846 8.999999999999999e-05 20199
1763460520668 8.999999999999999e-05 20249
1763460528490 8.999999999999999e-05 20299
1763460536266 8.999999999999999e-05 20349
1763460544037 8.999999999999999e-05 20399
1763460557936 8.999999999999999e-05 20449
1763460565848 8.999999999999999e-05 20499
1763460573786 8.999999999999999e-05 20549
1763460581703 8.999999999999999e-05 20599
1763460589597 8.999999999999999e-05 20649
1763460597496 8.999999999999999e-05 20699
1763460611551 8.999999999999999e-05 20749
1763460619440 8.999999999999999e-05 20799
1763460627331 8.999999999999999e-05 20849
1763460635262 8.999999999999999e-05 20899
1763460643178 8.999999999999999e-05 20949
1763460651034 8.999999999999999e-05 20999
1763460665288 8.999999999999999e-05 21049
1763460673571 8.999999999999999e-05 21099
1763460681994 8.999999999999999e-05 21149
1763460690290 8.999999999999999e-05 21199
1763460698560 8.999999999999999e-05 21249
1763460707087 8.999999999999999e-05 21299
1763460722653 8.999999999999999e-05 21349
1763460730972 8.999999999999999e-05 21399
1763460739230 8.999999999999999e-05 21449
1763460747480 8.999999999999999e-05 21499
1763460755735 8.999999999999999e-05 21549
1763460764033 8.999999999999999e-05 21599
1763460779255 8.999999999999999e-05 21649
1763460787543 8.999999999999999e-05 21699
1763460795806 8.999999999999999e-05 21749
1763460804047 8.999999999999999e-05 21799
1763460812307 8.999999999999999e-05 21849
1763460820574 8.999999999999999e-05 21899
1763460835882 8.999999999999999e-05 21949
1763460844086 8.999999999999999e-05 21999
1763460852338 8.999999999999999e-05 22049
1763460860571 8.999999999999999e-05 22099
1763460868858 8.999999999999999e-05 22149
1763460877087 8.999999999999999e-05 22199
1763460892393 8.999999999999999e-05 22249
1763460900753 8.999999999999999e-05 22299
1763460909065 8.999999999999999e-05 22349
1763460917314 8.999999999999999e-05 22399
1763460925641 8.999999999999999e-05 22449
1763460934037 8.999999999999999e-05 22499
1763460949548 8.999999999999999e-05 22549
1763460957791 8.999999999999999e-05 22599
1763460966055 8.999999999999999e-05 22649
1763460974409 8.999999999999999e-05 22699
1763460982692 8.999999999999999e-05 22749
1763460991039 8.999999999999999e-05 22799
