1763456838912 1.963442325592041 299
1763456891847 1.3761048316955566 599
1763456944356 1.2520244121551514 899
1763456997652 1.187961220741272 1199
1763457056939 1.1191761493682861 1499
1763457115864 1.107625961303711 1799
1763457172722 1.1038799285888672 2099
1763457230169 1.07208251953125 2399
1763457286074 1.068512201309204 2699
1763457340515 1.051283836364746 2999
1763457395492 1.0190649032592773 3299
1763457453090 1.014652967453003 3599
1763457510587 1.0323485136032104 3899
1763457568126 1.0130337476730347 4199
1763457625530 1.0225605964660645 4499
1763457682397 1.0132462978363037 4799
1763457739814 1.0007139444351196 5099
1763457793156 0.9975636601448059 5399
1763457846252 1.0059177875518799 5699
1763457898997 0.9842835664749146 5999
1763457955472 0.9837872982025146 6299
1763458009417 0.989030659198761 6599
1763458062664 0.9795618057250977 6899
1763458116123 0.9713290333747864 7199
1763458169187 0.9796041250228882 7499
1763458222239 0.979091227054596 7799
1763458278077 0.9662476181983948 8099
1763458335117 0.9718257188796997 8399
1763458391282 0.9603687524795532 8699
1763458448833 0.9680973887443542 8999
1763458506474 0.9679061770439148 9299
1763458563605 0.9710739850997925 9599
1763458620979 0.958295464515686 9899
1763458678043 0.9484058618545532 10199
1763458734712 0.9621871709823608 10499
1763458791902 0.958332359790802 10799
1763458848864 0.9447857141494751 11099
1763458905571 0.9664634466171265 11399
1763458962314 0.960188090801239 11699
1763459019102 0.9428200721740723 11999
1763459075679 0.8908134698867798 12299
1763459133154 0.8892439603805542 12599
1763459190488 0.886062502861023 12899
1763459248611 0.8901085257530212 13199
1763459306433 0.8880188465118408 13499
1763459364863 0.8840565085411072 13799
1763459423576 0.8931023478507996 14099
1763459481007 0.8932751417160034 14399
1763459536739 0.8875194787979126 14699
1763459593269 0.8869914412498474 14999
1763459647124 0.8959042429924011 15299
1763459699753 0.8895595669746399 15599
1763459752714 0.8815741539001465 15899
1763459805337 0.8857479691505432 16199
1763459858465 0.8878269195556641 16499
1763459911952 0.885275661945343 16799
1763459965236 0.8868311643600464 17099
1763460018420 0.885637640953064 17399
1763460071400 0.880185604095459 17699
1763460124679 0.8848273754119873 17999
1763460177577 0.8722267150878906 18299
1763460231079 0.8712895512580872 18599
1763460284799 0.8637799024581909 18899
1763460338070 0.865861713886261 19199
1763460391169 0.8686175346374512 19499
1763460444084 0.8666629195213318 19799
1763460497334 0.8639636635780334 20099
1763460550217 0.8658064603805542 20399
1763460603802 0.8691647052764893 20699
1763460657224 0.8621088266372681 20999
1763460714419 0.867486834526062 21299
1763460771099 0.8668769598007202 21599
1763460827785 0.8760636448860168 21899
1763460884199 0.86939537525177 22199
1763460941308 0.8633687496185303 22499
1763460998187 0.8659553527832031 22799
