1763456838912 0.26836130023002625 299
1763456891847 0.2164958417415619 599
1763456944356 0.20284873247146606 899
1763456997652 0.19824741780757904 1199
1763457056939 0.19073939323425293 1499
1763457115864 0.1886216551065445 1799
1763457172722 0.18790070712566376 2099
1763457230169 0.1838868260383606 2399
1763457286074 0.1836373209953308 2699
1763457340515 0.18143980205059052 2999
1763457395492 0.17741337418556213 3299
1763457453090 0.1776254028081894 3599
1763457510587 0.17719882726669312 3899
1763457568126 0.17568272352218628 4199
1763457625530 0.17610660195350647 4499
1763457682397 0.17503628134727478 4799
1763457739814 0.17377638816833496 5099
1763457793156 0.17196013033390045 5399
1763457846252 0.1727527529001236 5699
1763457898997 0.17076227068901062 5999
1763457955472 0.17119434475898743 6299
1763458009417 0.1707603484392166 6599
1763458062664 0.16971956193447113 6899
1763458116123 0.16811516880989075 7199
1763458169187 0.16884608566761017 7499
1763458222239 0.1687731295824051 7799
1763458278077 0.16690897941589355 8099
1763458335117 0.1677197366952896 8399
1763458391282 0.16536641120910645 8699
1763458448833 0.165553480386734 8999
1763458506474 0.16557689011096954 9299
1763458563605 0.16549070179462433 9599
1763458620979 0.1644509881734848 9899
1763458678043 0.1621844470500946 10199
1763458734712 0.16318807005882263 10499
1763458791902 0.16309216618537903 10799
1763458848864 0.1610087752342224 11099
1763458905571 0.16251805424690247 11399
1763458962314 0.16133326292037964 11699
1763459019102 0.1598283350467682 11999
1763459075679 0.15355278551578522 12299
1763459133154 0.1522938311100006 12599
1763459190488 0.1513156145811081 12899
1763459248611 0.1522737294435501 13199
1763459306433 0.15129302442073822 13499
1763459364863 0.1508939266204834 13799
1763459423576 0.15093016624450684 14099
1763459481007 0.14991693198680878 14399
1763459536739 0.1500350832939148 14699
1763459593269 0.1492186188697815 14999
1763459647124 0.15031784772872925 15299
1763459699753 0.14940235018730164 15599
1763459752714 0.14824701845645905 15899
1763459805337 0.14867153763771057 16199
1763459858465 0.14846108853816986 16499
1763459911952 0.1477956622838974 16799
1763459965236 0.14777986705303192 17099
1763460018420 0.14713793992996216 17399
1763460071400 0.14664536714553833 17699
1763460124679 0.14710333943367004 17999
1763460177577 0.1442396491765976 18299
1763460231079 0.1442173421382904 18599
1763460284799 0.14310549199581146 18899
1763460338070 0.14316652715206146 19199
1763460391169 0.1431768536567688 19499
1763460444084 0.14345623552799225 19799
1763460497334 0.142769917845726 20099
1763460550217 0.14240902662277222 20399
1763460603802 0.14305327832698822 20699
1763460657224 0.14232990145683289 20999
1763460714419 0.14213474094867706 21299
1763460771099 0.14224837720394135 21599
1763460827785 0.14280782639980316 21899
1763460884199 0.142710343003273 22199
1763460941308 0.141342893242836 22499
1763460998187 0.14185018837451935 22799
