1763456838912 1.6696982383728027 299
1763456891847 1.0649677515029907 599
1763456944356 0.9416897892951965 899
1763456997652 0.881287693977356 1199
1763457056939 0.8162841200828552 1499
1763457115864 0.8102006912231445 1799
1763457172722 0.8168861865997314 2099
1763457230169 0.7776432633399963 2399
1763457286074 0.7854072451591492 2699
1763457340515 0.761215329170227 2999
1763457395492 0.7427192330360413 3299
1763457453090 0.7368108630180359 3599
1763457510587 0.7557486295700073 3899
1763457568126 0.7352198362350464 4199
1763457625530 0.7460822463035583 4499
1763457682397 0.7384039759635925 4799
1763457739814 0.7284502983093262 5099
1763457793156 0.7273879647254944 5399
1763457846252 0.7330474257469177 5699
1763457898997 0.7135915160179138 5999
1763457955472 0.7126069664955139 6299
1763458009417 0.718300998210907 6599
1763458062664 0.7120180726051331 6899
1763458116123 0.7040178775787354 7199
1763458169187 0.7170158624649048 7499
1763458222239 0.7179779410362244 7799
1763458278077 0.7035548090934753 8099
1763458335117 0.7097669243812561 8399
1763458391282 0.6967447400093079 8699
1763458448833 0.7070512175559998 8999
1763458506474 0.705895721912384 9299
1763458563605 0.7074153423309326 9599
1763458620979 0.7005882859230042 9899
1763458678043 0.6919605135917664 10199
1763458734712 0.70567786693573 10499
1763458791902 0.7020550966262817 10799
1763458848864 0.6873446106910706 11099
1763458905571 0.7104201316833496 11399
1763458962314 0.707439124584198 11699
1763459019102 0.6839038729667664 11999
1763459075679 0.6387218832969666 12299
1763459133154 0.6377249956130981 12599
1763459190488 0.6352961659431458 12899
1763459248611 0.638883113861084 13199
1763459306433 0.6372756361961365 13499
1763459364863 0.6352037191390991 13799
1763459423576 0.6407853364944458 14099
1763459481007 0.6403992176055908 14399
1763459536739 0.6356576681137085 14699
1763459593269 0.6357412934303284 14999
1763459647124 0.6442621350288391 15299
1763459699753 0.6361666321754456 15599
1763459752714 0.6346275210380554 15899
1763459805337 0.6356295347213745 16199
1763459858465 0.6394796371459961 16499
1763459911952 0.640034556388855 16799
1763459965236 0.6366312503814697 17099
1763460018420 0.6361018419265747 17399
1763460071400 0.6335153579711914 17699
1763460124679 0.6361544132232666 17999
1763460177577 0.623337984085083 18299
1763460231079 0.6236714720726013 18599
1763460284799 0.6194434762001038 18899
1763460338070 0.6188111901283264 19199
1763460391169 0.6221243739128113 19499
1763460444084 0.6198267936706543 19799
1763460497334 0.6199474334716797 20099
1763460550217 0.6197059154510498 20399
1763460603802 0.6210905313491821 20699
1763460657224 0.6179620027542114 20999
1763460714419 0.6225259304046631 21299
1763460771099 0.6204137206077576 21599
1763460827785 0.6251598000526428 21899
1763460884199 0.623115062713623 22199
1763460941308 0.6200233697891235 22499
1763460998187 0.6183770895004272 22799
