1763456838912 2.0985829830169678 299
1763456891847 1.6343615055084229 599
1763456944356 1.5084139108657837 899
1763456997652 1.4468077421188354 1199
1763457056939 1.377760410308838 1499
1763457115864 1.3562589883804321 1799
1763457172722 1.3484407663345337 2099
1763457230169 1.3163639307022095 2399
1763457286074 1.312408208847046 2699
1763457340515 1.2949260473251343 2999
1763457395492 1.2618762254714966 3299
1763457453090 1.2534881830215454 3599
1763457510587 1.265174150466919 3899
1763457568126 1.248660683631897 4199
1763457625530 1.245422124862671 4499
1763457682397 1.2408287525177002 4799
1763457739814 1.232692837715149 5099
1763457793156 1.2173517942428589 5399
1763457846252 1.2314924001693726 5699
1763457898997 1.2134191989898682 5999
1763457955472 1.2126619815826416 6299
1763458009417 1.2166428565979004 6599
1763458062664 1.2053642272949219 6899
1763458116123 1.1920255422592163 7199
1763458169187 1.1993337869644165 7499
1763458222239 1.2000547647476196 7799
1763458278077 1.184576153755188 8099
1763458335117 1.1933640241622925 8399
1763458391282 1.1755239963531494 8699
1763458448833 1.1822279691696167 8999
1763458506474 1.1852502822875977 9299
1763458563605 1.1884304285049438 9599
1763458620979 1.1733251810073853 9899
1763458678043 1.1575978994369507 10199
1763458734712 1.1688203811645508 10499
1763458791902 1.1680688858032227 10799
1763458848864 1.1583631038665771 11099
1763458905571 1.1744283437728882 11399
1763458962314 1.1629234552383423 11699
1763459019102 1.1492290496826172 11999
1763459075679 1.091981291770935 12299
1763459133154 1.0910354852676392 12599
1763459190488 1.0896180868148804 12899
1763459248611 1.0943241119384766 13199
1763459306433 1.089320421218872 13499
1763459364863 1.0895781517028809 13799
1763459423576 1.0955307483673096 14099
1763459481007 1.0918865203857422 14399
1763459536739 1.0896861553192139 14699
1763459593269 1.0802626609802246 14999
1763459647124 1.0947319269180298 15299
1763459699753 1.086710810661316 15599
1763459752714 1.078479528427124 15899
1763459805337 1.0847355127334595 16199
1763459858465 1.0786172151565552 16499
1763459911952 1.0789762735366821 16799
1763459965236 1.0805779695510864 17099
1763460018420 1.075856328010559 17399
1763460071400 1.0720528364181519 17699
1763460124679 1.07850182056427 17999
1763460177577 1.0623129606246948 18299
1763460231079 1.0617506504058838 18599
1763460284799 1.050884485244751 18899
1763460338070 1.0572257041931152 19199
1763460391169 1.0574885606765747 19499
1763460444084 1.0526409149169922 19799
1763460497334 1.052249789237976 20099
1763460550217 1.0527328252792358 20399
1763460603802 1.0548301935195923 20699
1763460657224 1.0494906902313232 20999
1763460714419 1.0506322383880615 21299
1763460771099 1.052240014076233 21599
1763460827785 1.0615339279174805 21899
1763460884199 1.0562471151351929 22199
1763460941308 1.0416486263275146 22499
1763460998187 1.0515167713165283 22799
