1763456838912 10.44957447052002 299
1763456891847 6.440469264984131 599
1763456944356 5.754306316375732 899
1763456997652 5.566293239593506 1199
1763457056939 5.211883068084717 1499
1763457115864 5.112724304199219 1799
1763457172722 5.0607075691223145 2099
1763457230169 4.901707172393799 2399
1763457286074 4.8835368156433105 2699
1763457340515 4.774572372436523 2999
1763457395492 4.601160049438477 3299
1763457453090 4.610023498535156 3599
1763457510587 4.56071138381958 3899
1763457568126 4.498623371124268 4199
1763457625530 4.536454677581787 4499
1763457682397 4.483176231384277 4799
1763457739814 4.425705909729004 5099
1763457793156 4.337515354156494 5399
1763457846252 4.355312347412109 5699
1763457898997 4.26103401184082 5999
1763457955472 4.295584201812744 6299
1763458009417 4.2642741203308105 6599
1763458062664 4.228997707366943 6899
1763458116123 4.129653453826904 7199
1763458169187 4.15935754776001 7499
1763458222239 4.182921886444092 7799
1763458278077 4.101714611053467 8099
1763458335117 4.142970561981201 8399
1763458391282 4.020378112792969 8699
1763458448833 4.019982814788818 8999
1763458506474 4.017398357391357 9299
1763458563605 4.015660285949707 9599
1763458620979 3.981201648712158 9899
1763458678043 3.8611419200897217 10199
1763458734712 3.9134044647216797 10499
1763458791902 3.8977291584014893 10799
1763458848864 3.8065438270568848 11099
1763458905571 3.8450205326080322 11399
1763458962314 3.806605100631714 11699
1763459019102 3.7614541053771973 11999
1763459075679 3.5075392723083496 12299
1763459133154 3.4590563774108887 12599
1763459190488 3.4058990478515625 12899
1763459248611 3.4553260803222656 13199
1763459306433 3.423366069793701 13499
1763459364863 3.382432460784912 13799
1763459423576 3.38995361328125 14099
1763459481007 3.3262767791748047 14399
1763459536739 3.350773811340332 14699
1763459593269 3.3077168464660645 14999
1763459647124 3.3384785652160645 15299
1763459699753 3.3124728202819824 15599
1763459752714 3.265437364578247 15899
1763459805337 3.2815189361572266 16199
1763459858465 3.256582021713257 16499
1763459911952 3.2330169677734375 16799
1763459965236 3.2331736087799072 17099
1763460018420 3.2088656425476074 17399
1763460071400 3.1797854900360107 17699
1763460124679 3.201996326446533 17999
1763460177577 3.096402168273926 18299
1763460231079 3.100026845932007 18599
1763460284799 3.043734550476074 18899
1763460338070 3.0528481006622314 19199
1763460391169 3.0535290241241455 19499
1763460444084 3.0554325580596924 19799
1763460497334 3.0222790241241455 20099
1763460550217 3.011068344116211 20399
1763460603802 3.0461275577545166 20699
1763460657224 2.9964330196380615 20999
1763460714419 2.9957218170166016 21299
1763460771099 2.9999563694000244 21599
1763460827785 3.0228681564331055 21899
1763460884199 3.0313384532928467 22199
1763460941308 2.9723188877105713 22499
1763460998187 2.9812545776367188 22799
