1763456838912 2.63272762298584 299
1763456891847 2.2744128704071045 599
1763456944356 2.1816415786743164 899
1763456997652 2.200582265853882 1199
1763457056939 2.1442513465881348 1499
1763457115864 2.1350386142730713 1799
1763457172722 2.124833583831787 2099
1763457230169 2.111272096633911 2399
1763457286074 2.090576410293579 2699
1763457340515 2.083043336868286 2999
1763457395492 2.0438413619995117 3299
1763457453090 2.0463056564331055 3599
1763457510587 2.0408313274383545 3899
1763457568126 2.0203301906585693 4199
1763457625530 2.0275626182556152 4499
1763457682397 2.0180020332336426 4799
1763457739814 2.0181314945220947 5099
1763457793156 1.9918808937072754 5399
1763457846252 1.9930801391601562 5699
1763457898997 1.9858112335205078 5999
1763457955472 1.9868559837341309 6299
1763458009417 1.97319757938385 6599
1763458062664 1.9630991220474243 6899
1763458116123 1.9384021759033203 7199
1763458169187 1.9477242231369019 7499
1763458222239 1.962166428565979 7799
1763458278077 1.933511734008789 8099
1763458335117 1.9435302019119263 8399
1763458391282 1.9122337102890015 8699
1763458448833 1.9125921726226807 8999
1763458506474 1.9053666591644287 9299
1763458563605 1.8958619832992554 9599
1763458620979 1.8956689834594727 9899
1763458678043 1.8705157041549683 10199
1763458734712 1.8858438730239868 10499
1763458791902 1.886127233505249 10799
1763458848864 1.8540270328521729 11099
1763458905571 1.8599834442138672 11399
1763458962314 1.8509397506713867 11699
1763459019102 1.8456987142562866 11999
1763459075679 1.788917064666748 12299
1763459133154 1.7658295631408691 12599
1763459190488 1.7546632289886475 12899
1763459248611 1.7634878158569336 13199
1763459306433 1.751771092414856 13499
1763459364863 1.751336932182312 13799
1763459423576 1.737421989440918 14099
1763459481007 1.729628562927246 14399
1763459536739 1.7355444431304932 14699
1763459593269 1.7291513681411743 14999
1763459647124 1.7239810228347778 15299
1763459699753 1.7262003421783447 15599
1763459752714 1.7142213582992554 15899
1763459805337 1.717250108718872 16199
1763459858465 1.7096551656723022 16499
1763459911952 1.6996639966964722 16799
1763459965236 1.7066928148269653 17099
1763460018420 1.695051908493042 17399
1763460071400 1.6827287673950195 17699
1763460124679 1.678149938583374 17999
1763460177577 1.6587847471237183 18299
1763460231079 1.6499849557876587 18599
1763460284799 1.6489524841308594 18899
1763460338070 1.6355677843093872 19199
1763460391169 1.6405397653579712 19499
1763460444084 1.6500322818756104 19799
1763460497334 1.6403942108154297 20099
1763460550217 1.6322301626205444 20399
1763460603802 1.6431937217712402 20699
1763460657224 1.633668065071106 20999
1763460714419 1.6281172037124634 21299
1763460771099 1.6296353340148926 21599
1763460827785 1.6423287391662598 21899
1763460884199 1.6261584758758545 22199
1763460941308 1.626933217048645 22499
1763460998187 1.6213178634643555 22799
