1763456838912 2.215306282043457 299
1763456891847 1.8181418180465698 599
1763456944356 1.7073907852172852 899
1763456997652 1.6696044206619263 1199
1763457056939 1.608067274093628 1499
1763457115864 1.591365098953247 1799
1763457172722 1.5852347612380981 2099
1763457230169 1.5526275634765625 2399
1763457286074 1.5505625009536743 2699
1763457340515 1.532028079032898 2999
1763457395492 1.4996360540390015 3299
1763457453090 1.499328374862671 3599
1763457510587 1.4976907968521118 3899
1763457568126 1.4854520559310913 4199
1763457625530 1.4900987148284912 4499
1763457682397 1.480292558670044 4799
1763457739814 1.4712812900543213 5099
1763457793156 1.4560158252716064 5399
1763457846252 1.4620602130889893 5699
1763457898997 1.44728422164917 5999
1763457955472 1.4502805471420288 6299
1763458009417 1.445704698562622 6599
1763458062664 1.4388997554779053 6899
1763458116123 1.4262912273406982 7199
1763458169187 1.4308480024337769 7499
1763458222239 1.430554986000061 7799
1763458278077 1.415848970413208 8099
1763458335117 1.4211928844451904 8399
1763458391282 1.4030261039733887 8699
1763458448833 1.404319167137146 8999
1763458506474 1.4042996168136597 9299
1763458563605 1.402976632118225 9599
1763458620979 1.3957723379135132 9899
1763458678043 1.3781098127365112 10199
1763458734712 1.3848721981048584 10499
1763458791902 1.3841087818145752 10799
1763458848864 1.365710973739624 11099
1763458905571 1.3797472715377808 11399
1763458962314 1.3699605464935303 11699
1763459019102 1.3581732511520386 11999
1763459075679 1.3043712377548218 12299
1763459133154 1.2957736253738403 12599
1763459190488 1.2877482175827026 12899
1763459248611 1.2951714992523193 13199
1763459306433 1.2883269786834717 13499
1763459364863 1.2838547229766846 13799
1763459423576 1.2836449146270752 14099
1763459481007 1.2771525382995605 14399
1763459536739 1.2778385877609253 14699
1763459593269 1.2697217464447021 14999
1763459647124 1.2800192832946777 15299
1763459699753 1.2704819440841675 15599
1763459752714 1.263005018234253 15899
1763459805337 1.2649966478347778 16199
1763459858465 1.2642216682434082 16499
1763459911952 1.259298324584961 16799
1763459965236 1.2581812143325806 17099
1763460018420 1.2524020671844482 17399
1763460071400 1.2494158744812012 17699
1763460124679 1.2526532411575317 17999
1763460177577 1.2298614978790283 18299
1763460231079 1.229754090309143 18599
1763460284799 1.2201597690582275 18899
1763460338070 1.220494270324707 19199
1763460391169 1.2203705310821533 19499
1763460444084 1.222527265548706 19799
1763460497334 1.2165950536727905 20099
1763460550217 1.2136212587356567 20399
1763460603802 1.2196491956710815 20699
1763460657224 1.2138646841049194 20999
1763460714419 1.2113847732543945 21299
1763460771099 1.2129769325256348 21599
1763460827785 1.2176169157028198 21899
1763460884199 1.2161102294921875 22199
1763460941308 1.2053688764572144 22499
1763460998187 1.2096225023269653 22799
