1763456838912 10.934727668762207 299
1763456891847 9.267072677612305 599
1763456944356 8.632387161254883 899
1763456997652 8.53591251373291 1199
1763457056939 8.292258262634277 1499
1763457115864 8.304203987121582 1799
1763457172722 8.19775390625 2099
1763457230169 8.037726402282715 2399
1763457286074 8.002434730529785 2699
1763457340515 8.023184776306152 2999
1763457395492 7.656257629394531 3299
1763457453090 8.123706817626953 3599
1763457510587 7.781462669372559 3899
1763457568126 7.581976413726807 4199
1763457625530 7.540434837341309 4499
1763457682397 7.644930839538574 4799
1763457739814 7.360337257385254 5099
1763457793156 7.314776420593262 5399
1763457846252 7.267386436462402 5699
1763457898997 7.2812395095825195 5999
1763457955472 7.246429443359375 6299
1763458009417 7.350035667419434 6599
1763458062664 7.076817989349365 6899
1763458116123 6.840494155883789 7199
1763458169187 6.924476623535156 7499
1763458222239 7.12705659866333 7799
1763458278077 6.819827556610107 8099
1763458335117 6.987135887145996 8399
1763458391282 6.729129791259766 8699
1763458448833 6.733142375946045 8999
1763458506474 6.753519058227539 9299
1763458563605 6.8416852951049805 9599
1763458620979 6.587118625640869 9899
1763458678043 6.358842372894287 10199
1763458734712 6.564526557922363 10499
1763458791902 6.536808967590332 10799
1763458848864 6.592301845550537 11099
1763458905571 6.517024517059326 11399
1763458962314 6.373593807220459 11699
1763459019102 6.306685447692871 11999
1763459075679 6.194591999053955 12299
1763459133154 5.815926551818848 12599
1763459190488 5.752966403961182 12899
1763459248611 5.869638442993164 13199
1763459306433 5.7166056632995605 13499
1763459364863 5.87935733795166 13799
1763459423576 5.8226189613342285 14099
1763459481007 5.650175094604492 14399
1763459536739 5.650116920471191 14699
1763459593269 5.761892795562744 14999
1763459647124 5.5483222007751465 15299
1763459699753 5.8361334800720215 15599
1763459752714 5.520190715789795 15899
1763459805337 5.687893390655518 16199
1763459858465 5.4689836502075195 16499
1763459911952 5.46873140335083 16799
1763459965236 5.4867024421691895 17099
1763460018420 5.610620498657227 17399
1763460071400 5.459620475769043 17699
1763460124679 5.479730606079102 17999
1763460177577 5.280807018280029 18299
1763460231079 5.177541255950928 18599
1763460284799 5.138498783111572 18899
1763460338070 5.221715450286865 19199
1763460391169 5.188715934753418 19499
1763460444084 5.356565952301025 19799
1763460497334 5.2806620597839355 20099
1763460550217 5.309089660644531 20399
1763460603802 5.15803861618042 20699
1763460657224 5.096365451812744 20999
1763460714419 5.187255859375 21299
1763460771099 5.161650657653809 21599
1763460827785 5.16033935546875 21899
1763460884199 5.248210906982422 22199
1763460941308 5.115200042724609 22499
1763460998187 5.129798889160156 22799
