1763456838912 8.933813095092773 299
1763456891847 6.34883451461792 599
1763456944356 5.752079963684082 899
1763456997652 5.547880172729492 1199
1763457056939 5.247573375701904 1499
1763457115864 5.111963272094727 1799
1763457172722 5.130349636077881 2099
1763457230169 4.901941776275635 2399
1763457286074 4.92587947845459 2699
1763457340515 4.8795166015625 2999
1763457395492 4.64318323135376 3299
1763457453090 4.813866138458252 3599
1763457510587 4.719945430755615 3899
1763457568126 4.581065654754639 4199
1763457625530 4.528387069702148 4499
1763457682397 4.554101943969727 4799
1763457739814 4.407538414001465 5099
1763457793156 4.37421989440918 5399
1763457846252 4.4269866943359375 5699
1763457898997 4.262331485748291 5999
1763457955472 4.320284366607666 6299
1763458009417 4.37332010269165 6599
1763458062664 4.174449443817139 6899
1763458116123 4.082293510437012 7199
1763458169187 4.244526386260986 7499
1763458222239 4.199166774749756 7799
1763458278077 4.068301677703857 8099
1763458335117 4.19883918762207 8399
1763458391282 4.015415668487549 8699
1763458448833 4.06092643737793 8999
1763458506474 4.078413009643555 9299
1763458563605 4.112599849700928 9599
1763458620979 3.975254535675049 9899
1763458678043 3.812138795852661 10199
1763458734712 3.935340404510498 10499
1763458791902 3.9505786895751953 10799
1763458848864 3.9656529426574707 11099
1763458905571 3.9106767177581787 11399
1763458962314 3.864311695098877 11699
1763459019102 3.7574970722198486 11999
1763459075679 3.6398959159851074 12299
1763459133154 3.460031509399414 12599
1763459190488 3.41609263420105 12899
1763459248611 3.4967970848083496 13199
1763459306433 3.360654830932617 13499
1763459364863 3.4250295162200928 13799
1763459423576 3.4656476974487305 14099
1763459481007 3.299067974090576 14399
1763459536739 3.3120503425598145 14699
1763459593269 3.4074623584747314 14999
1763459647124 3.3509762287139893 15299
1763459699753 3.458861827850342 15599
1763459752714 3.2584526538848877 15899
1763459805337 3.389370918273926 16199
1763459858465 3.3156967163085938 16499
1763459911952 3.243659734725952 16799
1763459965236 3.3101885318756104 17099
1763460018420 3.322382926940918 17399
1763460071400 3.2325100898742676 17699
1763460124679 3.291656255722046 17999
1763460177577 3.109551191329956 18299
1763460231079 3.09696364402771 18599
1763460284799 3.0660881996154785 18899
1763460338070 3.086580991744995 19199
1763460391169 3.1129469871520996 19499
1763460444084 3.131518602371216 19799
1763460497334 3.1248772144317627 20099
1763460550217 3.114025592803955 20399
1763460603802 3.0704588890075684 20699
1763460657224 3.035432815551758 20999
1763460714419 3.098188638687134 21299
1763460771099 3.0473411083221436 21599
1763460827785 3.069061756134033 21899
1763460884199 3.1199119091033936 22199
1763460941308 3.0338144302368164 22499
1763460998187 3.0418150424957275 22799
