1763456838912 5.623412132263184 299
1763456891847 2.083186626434326 599
1763456944356 1.5235154628753662 899
1763456997652 1.1806588172912598 1199
1763457056939 1.0350168943405151 1499
1763457115864 0.9557395577430725 1799
1763457172722 0.9385585188865662 2099
1763457230169 0.8460173010826111 2399
1763457286074 0.842729389667511 2699
1763457340515 0.7966249585151672 2999
1763457395492 0.7716532349586487 3299
1763457453090 0.7130969166755676 3599
1763457510587 0.7998458743095398 3899
1763457568126 0.7133301496505737 4199
1763457625530 0.7010249495506287 4499
1763457682397 0.7051990628242493 4799
1763457739814 0.7101556062698364 5099
1763457793156 0.6877937912940979 5399
1763457846252 0.7034757733345032 5699
1763457898997 0.6130738854408264 5999
1763457955472 0.6837922930717468 6299
1763458009417 0.6915024518966675 6599
1763458062664 0.6360623240470886 6899
1763458116123 0.6416349411010742 7199
1763458169187 0.656623899936676 7499
1763458222239 0.6526855826377869 7799
1763458278077 0.6092343926429749 8099
1763458335117 0.6355193853378296 8399
1763458391282 0.5937066674232483 8699
1763458448833 0.6505737900733948 8999
1763458506474 0.6432262659072876 9299
1763458563605 0.6427303552627563 9599
1763458620979 0.6100755333900452 9899
1763458678043 0.5767627358436584 10199
1763458734712 0.6169670224189758 10499
1763458791902 0.6020939350128174 10799
1763458848864 0.6175280213356018 11099
1763458905571 0.6138015985488892 11399
1763458962314 0.6430699229240417 11699
1763459019102 0.5704450607299805 11999
1763459075679 0.48362019658088684 12299
1763459133154 0.4723793566226959 12599
1763459190488 0.45574483275413513 12899
1763459248611 0.44504764676094055 13199
1763459306433 0.4498682916164398 13499
1763459364863 0.45794111490249634 13799
1763459423576 0.47123584151268005 14099
1763459481007 0.4667491912841797 14399
1763459536739 0.44558364152908325 14699
1763459593269 0.48252952098846436 14999
1763459647124 0.4834652841091156 15299
1763459699753 0.4795832633972168 15599
1763459752714 0.44863981008529663 15899
1763459805337 0.45992937684059143 16199
1763459858465 0.47911980748176575 16499
1763459911952 0.4568841755390167 16799
1763459965236 0.46881037950515747 17099
1763460018420 0.4897802174091339 17399
1763460071400 0.4706067442893982 17699
1763460124679 0.4580274820327759 17999
1763460177577 0.4535389840602875 18299
1763460231079 0.42978179454803467 18599
1763460284799 0.42432692646980286 18899
1763460338070 0.41913628578186035 19199
1763460391169 0.45458120107650757 19499
1763460444084 0.44858741760253906 19799
1763460497334 0.43251946568489075 20099
1763460550217 0.4519729018211365 20399
1763460603802 0.4346473813056946 20699
1763460657224 0.4363126754760742 20999
1763460714419 0.4617333710193634 21299
1763460771099 0.445042222738266 21599
1763460827785 0.4501456022262573 21899
1763460884199 0.4451454281806946 22199
1763460941308 0.4351934492588043 22499
1763460998187 0.41963863372802734 22799
