1763456838912 2.3713011741638184 299
1763456891847 2.044586420059204 599
1763456944356 1.9329156875610352 899
1763456997652 1.9119622707366943 1199
1763457056939 1.856725811958313 1499
1763457115864 1.8453563451766968 1799
1763457172722 1.8294024467468262 2099
1763457230169 1.7945749759674072 2399
1763457286074 1.801270842552185 2699
1763457340515 1.7830908298492432 2999
1763457395492 1.7516026496887207 3299
1763457453090 1.7547152042388916 3599
1763457510587 1.7445231676101685 3899
1763457568126 1.7326390743255615 4199
1763457625530 1.7430461645126343 4499
1763457682397 1.730199933052063 4799
1763457739814 1.7154319286346436 5099
1763457793156 1.6980422735214233 5399
1763457846252 1.7034348249435425 5699
1763457898997 1.6892476081848145 5999
1763457955472 1.7024316787719727 6299
1763458009417 1.686729073524475 6599
1763458062664 1.6829819679260254 6899
1763458116123 1.6683588027954102 7199
1763458169187 1.6746171712875366 7499
1763458222239 1.6712952852249146 7799
1763458278077 1.648567795753479 8099
1763458335117 1.6603344678878784 8399
1763458391282 1.6397364139556885 8699
1763458448833 1.6403710842132568 8999
1763458506474 1.6351484060287476 9299
1763458563605 1.634921908378601 9599
1763458620979 1.6244579553604126 9899
1763458678043 1.6124770641326904 10199
1763458734712 1.6079678535461426 10499
1763458791902 1.6137663125991821 10799
1763458848864 1.5839592218399048 11099
1763458905571 1.5960475206375122 11399
1763458962314 1.5849177837371826 11699
1763459019102 1.5764572620391846 11999
1763459075679 1.521039605140686 12299
1763459133154 1.5063085556030273 12599
1763459190488 1.4918409585952759 12899
1763459248611 1.4983271360397339 13199
1763459306433 1.4935024976730347 13499
1763459364863 1.4841967821121216 13799
1763459423576 1.4860738515853882 14099
1763459481007 1.4747130870819092 14399
1763459536739 1.4721282720565796 14699
1763459593269 1.4683830738067627 14999
1763459647124 1.472454309463501 15299
1763459699753 1.463180422782898 15599
1763459752714 1.4534761905670166 15899
1763459805337 1.454917311668396 16199
1763459858465 1.4536138772964478 16499
1763459911952 1.4447906017303467 16799
1763459965236 1.4458094835281372 17099
1763460018420 1.4370044469833374 17399
1763460071400 1.4373575448989868 17699
1763460124679 1.4395438432693481 17999
1763460177577 1.4056227207183838 18299
1763460231079 1.4102041721343994 18599
1763460284799 1.3998085260391235 18899
1763460338070 1.3952046632766724 19199
1763460391169 1.391276478767395 19499
1763460444084 1.4036264419555664 19799
1763460497334 1.388077974319458 20099
1763460550217 1.38435697555542 20399
1763460603802 1.3921685218811035 20699
1763460657224 1.3842353820800781 20999
1763460714419 1.380020022392273 21299
1763460771099 1.3809993267059326 21599
1763460827785 1.38716721534729 21899
1763460884199 1.3898059129714966 22199
1763460941308 1.373024821281433 22499
1763460998187 1.379357933998108 22799
