1763456838912 2.3731942176818848 299
1763456891847 1.9144740104675293 599
1763456944356 1.7937899827957153 899
1763456997652 1.7531025409698486 1199
1763457056939 1.6867053508758545 1499
1763457115864 1.6679824590682983 1799
1763457172722 1.661609411239624 2099
1763457230169 1.6261178255081177 2399
1763457286074 1.6239075660705566 2699
1763457340515 1.6044808626174927 2999
1763457395492 1.5688635110855103 3299
1763457453090 1.5707422494888306 3599
1763457510587 1.5669680833816528 3899
1763457568126 1.5535712242126465 4199
1763457625530 1.5573137998580933 4499
1763457682397 1.5478522777557373 4799
1763457739814 1.5367120504379272 5099
1763457793156 1.52064049243927 5399
1763457846252 1.527645468711853 5699
1763457898997 1.5100538730621338 5999
1763457955472 1.5138671398162842 6299
1763458009417 1.5100363492965698 6599
1763458062664 1.5008249282836914 6899
1763458116123 1.4866386651992798 7199
1763458169187 1.4931162595748901 7499
1763458222239 1.4924671649932861 7799
1763458278077 1.4759880304336548 8099
1763458335117 1.483152151107788 8399
1763458391282 1.4623379707336426 8699
1763458448833 1.463991403579712 8999
1763458506474 1.4642060995101929 9299
1763458563605 1.4634404182434082 9599
1763458620979 1.4542397260665894 9899
1763458678043 1.4341973066329956 10199
1763458734712 1.4430737495422363 10499
1763458791902 1.442226767539978 10799
1763458848864 1.4237979650497437 11099
1763458905571 1.4371496438980103 11399
1763458962314 1.4266685247421265 11699
1763459019102 1.4133634567260742 11999
1763459075679 1.3578667640686035 12299
1763459133154 1.3467421531677246 12599
1763459190488 1.338089108467102 12899
1763459248611 1.3465580940246582 13199
1763459306433 1.337886929512024 13499
1763459364863 1.3343526124954224 13799
1763459423576 1.3346819877624512 14099
1763459481007 1.3257198333740234 14399
1763459536739 1.3267607688903809 14699
1763459593269 1.3195370435714722 14999
1763459647124 1.3292608261108398 15299
1763459699753 1.3211640119552612 15599
1763459752714 1.3109511137008667 15899
1763459805337 1.3147073984146118 16199
1763459858465 1.3128411769866943 16499
1763459911952 1.3069595098495483 16799
1763459965236 1.3068199157714844 17099
1763460018420 1.3011428117752075 17399
1763460071400 1.2967870235443115 17699
1763460124679 1.3008379936218262 17999
1763460177577 1.2755118608474731 18299
1763460231079 1.2753105163574219 18599
1763460284799 1.2654855251312256 18899
1763460338070 1.2660237550735474 19199
1763460391169 1.266118049621582 19499
1763460444084 1.2685915231704712 19799
1763460497334 1.262516975402832 20099
1763460550217 1.2593274116516113 20399
1763460603802 1.2650206089019775 20699
1763460657224 1.2586276531219482 20999
1763460714419 1.2568994760513306 21299
1763460771099 1.2579010725021362 21599
1763460827785 1.2628544569015503 21899
1763460884199 1.2619953155517578 22199
1763460941308 1.2498948574066162 22499
1763460998187 1.2543848752975464 22799
