1763456838912 2.5551395416259766 299
1763456891847 2.1690094470977783 599
1763456944356 2.0459022521972656 899
1763456997652 2.022196054458618 1199
1763457056939 1.9616477489471436 1499
1763457115864 1.9479706287384033 1799
1763457172722 1.9317257404327393 2099
1763457230169 1.892210602760315 2399
1763457286074 1.9010144472122192 2699
1763457340515 1.8809446096420288 2999
1763457395492 1.8453469276428223 3299
1763457453090 1.8511749505996704 3599
1763457510587 1.8369439840316772 3899
1763457568126 1.8241924047470093 4199
1763457625530 1.8333320617675781 4499
1763457682397 1.8213810920715332 4799
1763457739814 1.8037922382354736 5099
1763457793156 1.7851802110671997 5399
1763457846252 1.7923760414123535 5699
1763457898997 1.773872971534729 5999
1763457955472 1.7871594429016113 6299
1763458009417 1.7727184295654297 6599
1763458062664 1.7657932043075562 6899
1763458116123 1.7501667737960815 7199
1763458169187 1.7584705352783203 7499
1763458222239 1.7534633874893188 7799
1763458278077 1.729722023010254 8099
1763458335117 1.742973804473877 8399
1763458391282 1.71990168094635 8699
1763458448833 1.7198379039764404 8999
1763458506474 1.715086579322815 9299
1763458563605 1.7153477668762207 9599
1763458620979 1.7022560834884644 9899
1763458678043 1.6874357461929321 10199
1763458734712 1.6859891414642334 10499
1763458791902 1.691413402557373 10799
1763458848864 1.660934329032898 11099
1763458905571 1.6714248657226562 11399
1763458962314 1.6608155965805054 11699
1763459019102 1.6495996713638306 11999
1763459075679 1.5922060012817383 12299
1763459133154 1.5741766691207886 12599
1763459190488 1.5589464902877808 12899
1763459248611 1.56683349609375 13199
1763459306433 1.5587859153747559 13499
1763459364863 1.5508357286453247 13799
1763459423576 1.5543729066848755 14099
1763459481007 1.53870689868927 14399
1763459536739 1.5367189645767212 14699
1763459593269 1.533462643623352 14999
1763459647124 1.5371545553207397 15299
1763459699753 1.5295289754867554 15599
1763459752714 1.51589035987854 15899
1763459805337 1.5196424722671509 16199
1763459858465 1.5176156759262085 16499
1763459911952 1.507076382637024 16799
1763459965236 1.510547399520874 17099
1763460018420 1.500295877456665 17399
1763460071400 1.4990780353546143 17699
1763460124679 1.502472996711731 17999
1763460177577 1.4653770923614502 18299
1763460231079 1.4687882661819458 18599
1763460284799 1.4591306447982788 18899
1763460338070 1.4531564712524414 19199
1763460391169 1.4512128829956055 19499
1763460444084 1.4628605842590332 19799
1763460497334 1.447320580482483 20099
1763460550217 1.4437261819839478 20399
1763460603802 1.4508249759674072 20699
1763460657224 1.4422986507415771 20999
1763460714419 1.4385335445404053 21299
1763460771099 1.4388388395309448 21599
1763460827785 1.4449490308761597 21899
1763460884199 1.448989987373352 22199
1763460941308 1.4295979738235474 22499
1763460998187 1.437265157699585 22799
