1763456838912 7.64383602142334 299
1763456891847 4.526267051696777 599
1763456944356 3.9002158641815186 899
1763456997652 3.6604487895965576 1199
1763457056939 3.4058520793914795 1499
1763457115864 3.1703720092773438 1799
1763457172722 3.324028491973877 2099
1763457230169 3.045168399810791 2399
1763457286074 3.06057071685791 2699
1763457340515 2.990540027618408 2999
1763457395492 2.8234221935272217 3299
1763457453090 2.9356794357299805 3599
1763457510587 2.9071192741394043 3899
1763457568126 2.8047571182250977 4199
1763457625530 2.74936842918396 4499
1763457682397 2.7922818660736084 4799
1763457739814 2.713151216506958 5099
1763457793156 2.645308017730713 5399
1763457846252 2.7199018001556396 5699
1763457898997 2.5453543663024902 5999
1763457955472 2.675374746322632 6299
1763458009417 2.6955032348632812 6599
1763458062664 2.564305305480957 6899
1763458116123 2.4749724864959717 7199
1763458169187 2.6302826404571533 7499
1763458222239 2.5669665336608887 7799
1763458278077 2.454361915588379 8099
1763458335117 2.5579774379730225 8399
1763458391282 2.4474291801452637 8699
1763458448833 2.513721466064453 8999
1763458506474 2.5275046825408936 9299
1763458563605 2.5535190105438232 9599
1763458620979 2.4220986366271973 9899
1763458678043 2.312161922454834 10199
1763458734712 2.3708128929138184 10499
1763458791902 2.45112943649292 10799
1763458848864 2.525053024291992 11099
1763458905571 2.4754133224487305 11399
1763458962314 2.3766114711761475 11699
1763459019102 2.3275837898254395 11999
1763459075679 2.194664239883423 12299
1763459133154 2.0928287506103516 12599
1763459190488 2.0405945777893066 12899
1763459248611 2.1321909427642822 13199
1763459306433 2.101975440979004 13499
1763459364863 2.1015586853027344 13799
1763459423576 2.0990288257598877 14099
1763459481007 2.0424673557281494 14399
1763459536739 2.0861546993255615 14699
1763459593269 2.146540403366089 14999
1763459647124 2.0831074714660645 15299
1763459699753 2.1404807567596436 15599
1763459752714 2.031529426574707 15899
1763459805337 2.1424031257629395 16199
1763459858465 2.0810463428497314 16499
1763459911952 2.051957368850708 16799
1763459965236 2.062669038772583 17099
1763460018420 2.107097625732422 17399
1763460071400 2.067758560180664 17699
1763460124679 2.102189540863037 17999
1763460177577 1.9552865028381348 18299
1763460231079 2.0019843578338623 18599
1763460284799 1.9198112487792969 18899
1763460338070 2.0090036392211914 19199
1763460391169 1.9796565771102905 19499
1763460444084 2.01414155960083 19799
1763460497334 2.029611349105835 20099
1763460550217 1.9885748624801636 20399
1763460603802 2.0187830924987793 20699
1763460657224 1.9011082649230957 20999
1763460714419 2.0338330268859863 21299
1763460771099 1.9633042812347412 21599
1763460827785 2.0040242671966553 21899
1763460884199 1.9967726469039917 22199
1763460941308 2.0054492950439453 22499
1763460998187 1.9585423469543457 22799
