1763456838912 10.245044708251953 299
1763456891847 8.143271446228027 599
1763456944356 7.4722185134887695 899
1763456997652 7.2692766189575195 1199
1763457056939 6.949551582336426 1499
1763457115864 6.886206150054932 1799
1763457172722 6.860114574432373 2099
1763457230169 6.473637580871582 2399
1763457286074 6.704319000244141 2699
1763457340515 6.623034954071045 2999
1763457395492 6.303321838378906 3299
1763457453090 6.5517683029174805 3599
1763457510587 6.348552703857422 3899
1763457568126 6.179198741912842 4199
1763457625530 6.145110607147217 4499
1763457682397 6.152141571044922 4799
1763457739814 5.996878147125244 5099
1763457793156 5.988360404968262 5399
1763457846252 6.068603992462158 5699
1763457898997 5.7883830070495605 5999
1763457955472 5.827415943145752 6299
1763458009417 5.910763740539551 6599
1763458062664 5.630990505218506 6899
1763458116123 5.578705787658691 7199
1763458169187 5.795421600341797 7499
1763458222239 5.608290195465088 7799
1763458278077 5.521854400634766 8099
1763458335117 5.664056777954102 8399
1763458391282 5.475279331207275 8699
1763458448833 5.464468002319336 8999
1763458506474 5.531391620635986 9299
1763458563605 5.5270609855651855 9599
1763458620979 5.349640369415283 9899
1763458678043 5.1570539474487305 10199
1763458734712 5.360337257385254 10499
1763458791902 5.337865352630615 10799
1763458848864 5.337107181549072 11099
1763458905571 5.204305171966553 11399
1763458962314 5.225234508514404 11699
1763459019102 5.048978328704834 11999
1763459075679 4.928716659545898 12299
1763459133154 4.678744792938232 12599
1763459190488 4.631806373596191 12899
1763459248611 4.770659923553467 13199
1763459306433 4.533035755157471 13499
1763459364863 4.584768295288086 13799
1763459423576 4.731366157531738 14099
1763459481007 4.429799556732178 14399
1763459536739 4.484968662261963 14699
1763459593269 4.549959659576416 14999
1763459647124 4.484736919403076 15299
1763459699753 4.596973419189453 15599
1763459752714 4.344197750091553 15899
1763459805337 4.526157855987549 16199
1763459858465 4.450546741485596 16499
1763459911952 4.271528244018555 16799
1763459965236 4.488173007965088 17099
1763460018420 4.4098310470581055 17399
1763460071400 4.271362781524658 17699
1763460124679 4.379467487335205 17999
1763460177577 4.131629943847656 18299
1763460231079 4.078409671783447 18599
1763460284799 4.10731315612793 18899
1763460338070 4.003273963928223 19199
1763460391169 4.182514190673828 19499
1763460444084 4.108386516571045 19799
1763460497334 4.119330406188965 20099
1763460550217 4.122747898101807 20399
1763460603802 4.0524468421936035 20699
1763460657224 4.055327892303467 20999
1763460714419 4.070234298706055 21299
1763460771099 4.04871129989624 21599
1763460827785 4.000207424163818 21899
1763460884199 4.111050128936768 22199
1763460941308 3.9536948204040527 22499
1763460998187 4.03666353225708 22799
