1763456838912 1.7690883874893188 299
1763456891847 1.0959969758987427 599
1763456944356 0.9657378196716309 899
1763456997652 0.9014661908149719 1199
1763457056939 0.8345033526420593 1499
1763457115864 0.8275954127311707 1799
1763457172722 0.8342574238777161 2099
1763457230169 0.7936654090881348 2399
1763457286074 0.801368772983551 2699
1763457340515 0.7766571044921875 2999
1763457395492 0.7574873566627502 3299
1763457453090 0.7513918280601501 3599
1763457510587 0.7713419198989868 3899
1763457568126 0.7496275305747986 4199
1763457625530 0.7601540684700012 4499
1763457682397 0.7526946067810059 4799
1763457739814 0.7424525022506714 5099
1763457793156 0.7414740920066833 5399
1763457846252 0.7471206784248352 5699
1763457898997 0.7264925241470337 5999
1763457955472 0.7263014912605286 6299
1763458009417 0.7324769496917725 6599
1763458062664 0.7252677083015442 6899
1763458116123 0.7170829772949219 7199
1763458169187 0.7307224273681641 7499
1763458222239 0.7312952280044556 7799
1763458278077 0.7162732481956482 8099
1763458335117 0.72306889295578 8399
1763458391282 0.7094466686248779 8699
1763458448833 0.7205425500869751 8999
1763458506474 0.7191569805145264 9299
1763458563605 0.7208825945854187 9599
1763458620979 0.7133277654647827 9899
1763458678043 0.7042922973632812 10199
1763458734712 0.7186218500137329 10499
1763458791902 0.7150650024414062 10799
1763458848864 0.7003571391105652 11099
1763458905571 0.7232747673988342 11399
1763458962314 0.7206881046295166 11699
1763459019102 0.6961786150932312 11999
1763459075679 0.6497097015380859 12299
1763459133154 0.6484346389770508 12599
1763459190488 0.645713746547699 12899
1763459248611 0.6493873000144958 13199
1763459306433 0.6477124094963074 13499
1763459364863 0.6458240747451782 13799
1763459423576 0.6515710353851318 14099
1763459481007 0.6508715152740479 14399
1763459536739 0.6461120247840881 14699
1763459593269 0.6463958621025085 14999
1763459647124 0.6549587845802307 15299
1763459699753 0.6470500230789185 15599
1763459752714 0.6452475786209106 15899
1763459805337 0.6463974714279175 16199
1763459858465 0.6503102779388428 16499
1763459911952 0.6507186889648438 16799
1763459965236 0.647325873374939 17099
1763460018420 0.6470527052879333 17399
1763460071400 0.6442418694496155 17699
1763460124679 0.6469433307647705 17999
1763460177577 0.6337087154388428 18299
1763460231079 0.6337281465530396 18599
1763460284799 0.6294528841972351 18899
1763460338070 0.6289992332458496 19199
1763460391169 0.6325739026069641 19499
1763460444084 0.6301698684692383 19799
1763460497334 0.630304217338562 20099
1763460550217 0.6302577257156372 20399
1763460603802 0.6314900517463684 20699
1763460657224 0.6281189918518066 20999
1763460714419 0.6329728364944458 21299
1763460771099 0.6307293176651001 21599
1763460827785 0.6356849670410156 21899
1763460884199 0.6333333253860474 22199
1763460941308 0.6303696632385254 22499
1763460998187 0.6281709671020508 22799
