1763456838912 2.4388067722320557 299
1763456891847 2.1280596256256104 599
1763456944356 2.0472044944763184 899
1763456997652 2.0670325756073 1199
1763457056939 2.017070770263672 1499
1763457115864 2.006903886795044 1799
1763457172722 1.999627947807312 2099
1763457230169 1.9880149364471436 2399
1763457286074 1.969036340713501 2699
1763457340515 1.9608845710754395 2999
1763457395492 1.928193211555481 3299
1763457453090 1.9235272407531738 3599
1763457510587 1.9242675304412842 3899
1763457568126 1.9053233861923218 4199
1763457625530 1.9135196208953857 4499
1763457682397 1.9022263288497925 4799
1763457739814 1.906905174255371 5099
1763457793156 1.8818007707595825 5399
1763457846252 1.8833860158920288 5699
1763457898997 1.8767591714859009 5999
1763457955472 1.8782975673675537 6299
1763458009417 1.8638538122177124 6599
1763458062664 1.857142448425293 6899
1763458116123 1.836115837097168 7199
1763458169187 1.8447550535202026 7499
1763458222239 1.8548243045806885 7799
1763458278077 1.8313462734222412 8099
1763458335117 1.839706540107727 8399
1763458391282 1.8118281364440918 8699
1763458448833 1.8125686645507812 8999
1763458506474 1.804300308227539 9299
1763458563605 1.7943323850631714 9599
1763458620979 1.7977609634399414 9899
1763458678043 1.7761188745498657 10199
1763458734712 1.7880079746246338 10499
1763458791902 1.7894461154937744 10799
1763458848864 1.756243109703064 11099
1763458905571 1.7635308504104614 11399
1763458962314 1.756937026977539 11699
1763459019102 1.7531564235687256 11999
1763459075679 1.698553442955017 12299
1763459133154 1.6808470487594604 12599
1763459190488 1.669814944267273 12899
1763459248611 1.6774765253067017 13199
1763459306433 1.6682835817337036 13499
1763459364863 1.6653932332992554 13799
1763459423576 1.652374267578125 14099
1763459481007 1.6471096277236938 14399
1763459536739 1.6525299549102783 14699
1763459593269 1.6456866264343262 14999
1763459647124 1.6429674625396729 15299
1763459699753 1.6413147449493408 15599
1763459752714 1.6331679821014404 15899
1763459805337 1.6342750787734985 16199
1763459858465 1.630357027053833 16499
1763459911952 1.619997501373291 16799
1763459965236 1.626633882522583 17099
1763460018420 1.6137930154800415 17399
1763460071400 1.603733777999878 17699
1763460124679 1.5991456508636475 17999
1763460177577 1.5831838846206665 18299
1763460231079 1.5749086141586304 18599
1763460284799 1.5745102167129517 18899
1763460338070 1.559511661529541 19199
1763460391169 1.5649502277374268 19499
1763460444084 1.5723047256469727 19799
1763460497334 1.5641523599624634 20099
1763460550217 1.5559953451156616 20399
1763460603802 1.5682069063186646 20699
1763460657224 1.5597606897354126 20999
1763460714419 1.5535811185836792 21299
1763460771099 1.554526448249817 21599
1763460827785 1.5676865577697754 21899
1763460884199 1.5506805181503296 22199
1763460941308 1.5537277460098267 22499
1763460998187 1.547331690788269 22799
