1763456838912 9.150935173034668 299
1763456891847 6.52158784866333 599
1763456944356 6.004031181335449 899
1763456997652 5.8459930419921875 1199
1763457056939 5.456491947174072 1499
1763457115864 5.206304550170898 1799
1763457172722 5.32436466217041 2099
1763457230169 5.0476250648498535 2399
1763457286074 5.002787113189697 2699
1763457340515 4.98673677444458 2999
1763457395492 4.78636360168457 3299
1763457453090 4.855220794677734 3599
1763457510587 4.785738468170166 3899
1763457568126 4.634878635406494 4199
1763457625530 4.608720779418945 4499
1763457682397 4.582690238952637 4799
1763457739814 4.436365604400635 5099
1763457793156 4.393561840057373 5399
1763457846252 4.490192413330078 5699
1763457898997 4.356393337249756 5999
1763457955472 4.392825126647949 6299
1763458009417 4.393295764923096 6599
1763458062664 4.22829008102417 6899
1763458116123 4.058169841766357 7199
1763458169187 4.336101055145264 7499
1763458222239 4.271516799926758 7799
1763458278077 4.143640041351318 8099
1763458335117 4.321877956390381 8399
1763458391282 4.071307182312012 8699
1763458448833 4.123859405517578 8999
1763458506474 4.168402194976807 9299
1763458563605 4.15447473526001 9599
1763458620979 4.057994365692139 9899
1763458678043 3.870184898376465 10199
1763458734712 3.999746561050415 10499
1763458791902 4.053938865661621 10799
1763458848864 4.01528263092041 11099
1763458905571 3.9744274616241455 11399
1763458962314 3.9319493770599365 11699
1763459019102 3.831146478652954 11999
1763459075679 3.7689285278320312 12299
1763459133154 3.5184378623962402 12599
1763459190488 3.509730577468872 12899
1763459248611 3.5740249156951904 13199
1763459306433 3.4049229621887207 13499
1763459364863 3.4307668209075928 13799
1763459423576 3.521481990814209 14099
1763459481007 3.353525400161743 14399
1763459536739 3.3333969116210938 14699
1763459593269 3.463273525238037 14999
1763459647124 3.463392496109009 15299
1763459699753 3.5515763759613037 15599
1763459752714 3.319091320037842 15899
1763459805337 3.497171401977539 16199
1763459858465 3.4125866889953613 16499
1763459911952 3.3209657669067383 16799
1763459965236 3.3944480419158936 17099
1763460018420 3.3604373931884766 17399
1763460071400 3.2665817737579346 17699
1763460124679 3.39512038230896 17999
1763460177577 3.163803815841675 18299
1763460231079 3.1851844787597656 18599
1763460284799 3.1156089305877686 18899
1763460338070 3.203601837158203 19199
1763460391169 3.1746902465820312 19499
1763460444084 3.1678450107574463 19799
1763460497334 3.1850950717926025 20099
1763460550217 3.153761148452759 20399
1763460603802 3.139259099960327 20699
1763460657224 3.092320442199707 20999
1763460714419 3.1703267097473145 21299
1763460771099 3.0819504261016846 21599
1763460827785 3.1496167182922363 21899
1763460884199 3.196183681488037 22199
1763460941308 3.113821268081665 22499
1763460998187 3.1138370037078857 22799
