1763456838912 6.429542541503906 299
1763456891847 3.150829315185547 599
1763456944356 2.538374662399292 899
1763456997652 2.21785306930542 1199
1763457056939 1.9935851097106934 1499
1763457115864 1.90753173828125 1799
1763457172722 1.9144177436828613 2099
1763457230169 1.7944037914276123 2399
1763457286074 1.7811822891235352 2699
1763457340515 1.7327666282653809 2999
1763457395492 1.5991004705429077 3299
1763457453090 1.6529265642166138 3599
1763457510587 1.7097952365875244 3899
1763457568126 1.627690315246582 4199
1763457625530 1.5928449630737305 4499
1763457682397 1.5769224166870117 4799
1763457739814 1.553963303565979 5099
1763457793156 1.5275088548660278 5399
1763457846252 1.539145588874817 5699
1763457898997 1.437354326248169 5999
1763457955472 1.5201820135116577 6299
1763458009417 1.5952117443084717 6599
1763458062664 1.4466139078140259 6899
1763458116123 1.4243369102478027 7199
1763458169187 1.5247843265533447 7499
1763458222239 1.4815278053283691 7799
1763458278077 1.3864729404449463 8099
1763458335117 1.469787836074829 8399
1763458391282 1.3788840770721436 8699
1763458448833 1.4337313175201416 8999
1763458506474 1.4143720865249634 9299
1763458563605 1.4717063903808594 9599
1763458620979 1.3823809623718262 9899
1763458678043 1.3700731992721558 10199
1763458734712 1.3774595260620117 10499
1763458791902 1.4064817428588867 10799
1763458848864 1.418689250946045 11099
1763458905571 1.391313910484314 11399
1763458962314 1.4120382070541382 11699
1763459019102 1.3454368114471436 11999
1763459075679 1.2087621688842773 12299
1763459133154 1.1491037607192993 12599
1763459190488 1.1456185579299927 12899
1763459248611 1.1567776203155518 13199
1763459306433 1.166111707687378 13499
1763459364863 1.1706180572509766 13799
1763459423576 1.1938692331314087 14099
1763459481007 1.1435049772262573 14399
1763459536739 1.1515425443649292 14699
1763459593269 1.1766430139541626 14999
1763459647124 1.158304214477539 15299
1763459699753 1.1904772520065308 15599
1763459752714 1.1339304447174072 15899
1763459805337 1.1833921670913696 16199
1763459858465 1.1709696054458618 16499
1763459911952 1.1539913415908813 16799
1763459965236 1.1620969772338867 17099
1763460018420 1.196027398109436 17399
1763460071400 1.159825325012207 17699
1763460124679 1.1603435277938843 17999
1763460177577 1.106911063194275 18299
1763460231079 1.104117512702942 18599
1763460284799 1.091959834098816 18899
1763460338070 1.0956077575683594 19199
1763460391169 1.1112765073776245 19499
1763460444084 1.1370797157287598 19799
1763460497334 1.1437220573425293 20099
1763460550217 1.1313259601593018 20399
1763460603802 1.1299469470977783 20699
1763460657224 1.0935765504837036 20999
1763460714419 1.149170994758606 21299
1763460771099 1.1075912714004517 21599
1763460827785 1.1395463943481445 21899
1763460884199 1.1086726188659668 22199
1763460941308 1.1318351030349731 22499
1763460998187 1.0715773105621338 22799
