1763456838912 1.8511016368865967 299
1763456891847 1.3307253122329712 599
1763456944356 1.2146847248077393 899
1763456997652 1.1544159650802612 1199
1763457056939 1.0888612270355225 1499
1763457115864 1.0783244371414185 1799
1763457172722 1.0745229721069336 2099
1763457230169 1.044115662574768 2399
1763457286074 1.040684461593628 2699
1763457340515 1.0242242813110352 2999
1763457395492 0.9934827089309692 3299
1763457453090 0.9880067706108093 3599
1763457510587 1.0050286054611206 3899
1763457568126 0.9869424700737 4199
1763457625530 0.9969997406005859 4499
1763457682397 0.9879692792892456 4799
1763457739814 0.9756160974502563 5099
1763457793156 0.9729886054992676 5399
1763457846252 0.9811397194862366 5699
1763457898997 0.9609689116477966 5999
1763457955472 0.9590745568275452 6299
1763458009417 0.9637580513954163 6599
1763458062664 0.9560629725456238 6899
1763458116123 0.9480271935462952 7199
1763458169187 0.9553029537200928 7499
1763458222239 0.9553161263465881 7799
1763458278077 0.9433956146240234 8099
1763458335117 0.9479590058326721 8399
1763458391282 0.9374803900718689 8699
1763458448833 0.9444442987442017 8999
1763458506474 0.9445936679840088 9299
1763458563605 0.9471415281295776 9599
1763458620979 0.9357616901397705 9899
1763458678043 0.9261711835861206 10199
1763458734712 0.9395048022270203 10499
1763458791902 0.9351781010627747 10799
1763458848864 0.9215154647827148 11099
1763458905571 0.9436162710189819 11399
1763458962314 0.9370782971382141 11699
1763459019102 0.9206575155258179 11999
1763459075679 0.8703343868255615 12299
1763459133154 0.8693419098854065 12599
1763459190488 0.8664351105690002 12899
1763459248611 0.8703113794326782 13199
1763459306433 0.8682000637054443 13499
1763459364863 0.8639982342720032 13799
1763459423576 0.8727421760559082 14099
1763459481007 0.8737940788269043 14399
1763459536739 0.8678761720657349 14699
1763459593269 0.8668957948684692 14999
1763459647124 0.8760770559310913 15299
1763459699753 0.8691338896751404 15599
1763459752714 0.8621011972427368 15899
1763459805337 0.8654652833938599 16199
1763459858465 0.867883563041687 16499
1763459911952 0.8656206130981445 16799
1763459965236 0.8670459389686584 17099
1763460018420 0.8653591871261597 17399
1763460071400 0.8603966236114502 17699
1763460124679 0.8649656772613525 17999
1763460177577 0.8532540798187256 18299
1763460231079 0.8521121740341187 18599
1763460284799 0.8448593616485596 18899
1763460338070 0.846625030040741 19199
1763460391169 0.8492881059646606 19499
1763460444084 0.8471506237983704 19799
1763460497334 0.84442538022995 20099
1763460550217 0.8462932705879211 20399
1763460603802 0.8495619893074036 20699
1763460657224 0.8431196212768555 20999
1763460714419 0.8478223085403442 21299
1763460771099 0.8474311828613281 21599
1763460827785 0.856333315372467 21899
1763460884199 0.8499206900596619 22199
1763460941308 0.843736469745636 22499
1763460998187 0.847224235534668 22799
