1763456838912 2.3004438877105713 299
1763456891847 1.910011887550354 599
1763456944356 1.8000500202178955 899
1763456997652 1.7437177896499634 1199
1763457056939 1.678167462348938 1499
1763457115864 1.6549568176269531 1799
1763457172722 1.6581602096557617 2099
1763457230169 1.611122965812683 2399
1763457286074 1.6097723245620728 2699
1763457340515 1.5884993076324463 2999
1763457395492 1.552336573600769 3299
1763457453090 1.5610114336013794 3599
1763457510587 1.5431303977966309 3899
1763457568126 1.5397629737854004 4199
1763457625530 1.5387506484985352 4499
1763457682397 1.5314322710037231 4799
1763457739814 1.5234458446502686 5099
1763457793156 1.507055401802063 5399
1763457846252 1.5064265727996826 5699
1763457898997 1.4950984716415405 5999
1763457955472 1.4932817220687866 6299
1763458009417 1.4949378967285156 6599
1763458062664 1.487396240234375 6899
1763458116123 1.480814814567566 7199
1763458169187 1.4746204614639282 7499
1763458222239 1.4704980850219727 7799
1763458278077 1.465757131576538 8099
1763458335117 1.4653477668762207 8399
1763458391282 1.447510004043579 8699
1763458448833 1.442125678062439 8999
1763458506474 1.449059247970581 9299
1763458563605 1.4475470781326294 9599
1763458620979 1.4423943758010864 9899
1763458678043 1.4171364307403564 10199
1763458734712 1.4266749620437622 10499
1763458791902 1.4219335317611694 10799
1763458848864 1.4090614318847656 11099
1763458905571 1.4247655868530273 11399
1763458962314 1.4124149084091187 11699
1763459019102 1.3953081369400024 11999
1763459075679 1.3456782102584839 12299
1763459133154 1.3381253480911255 12599
1763459190488 1.331378698348999 12899
1763459248611 1.3422372341156006 13199
1763459306433 1.332645058631897 13499
1763459364863 1.3255902528762817 13799
1763459423576 1.3254787921905518 14099
1763459481007 1.3173174858093262 14399
1763459536739 1.3188213109970093 14699
1763459593269 1.3044798374176025 14999
1763459647124 1.3243073225021362 15299
1763459699753 1.309639573097229 15599
1763459752714 1.3058418035507202 15899
1763459805337 1.3079010248184204 16199
1763459858465 1.307314157485962 16499
1763459911952 1.3061150312423706 16799
1763459965236 1.2933396100997925 17099
1763460018420 1.2950767278671265 17399
1763460071400 1.2877336740493774 17699
1763460124679 1.291796326637268 17999
1763460177577 1.2679613828659058 18299
1763460231079 1.2686190605163574 18599
1763460284799 1.255983591079712 18899
1763460338070 1.2652500867843628 19199
1763460391169 1.2626824378967285 19499
1763460444084 1.2584378719329834 19799
1763460497334 1.2577568292617798 20099
1763460550217 1.2533963918685913 20399
1763460603802 1.2592154741287231 20699
1763460657224 1.2552955150604248 20999
1763460714419 1.253057599067688 21299
1763460771099 1.2535557746887207 21599
1763460827785 1.2504936456680298 21899
1763460884199 1.2552045583724976 22199
1763460941308 1.2403236627578735 22499
1763460998187 1.2467478513717651 22799
