1763456838912 2.2322030067443848 299
1763456891847 1.7000800371170044 599
1763456944356 1.5651341676712036 899
1763456997652 1.4999951124191284 1199
1763457056939 1.4274044036865234 1499
1763457115864 1.4024169445037842 1799
1763457172722 1.396618127822876 2099
1763457230169 1.3616604804992676 2399
1763457286074 1.357264757156372 2699
1763457340515 1.3386235237121582 2999
1763457395492 1.3036516904830933 3299
1763457453090 1.296628475189209 3599
1763457510587 1.3080464601516724 3899
1763457568126 1.2900558710098267 4199
1763457625530 1.2859911918640137 4499
1763457682397 1.282037615776062 4799
1763457739814 1.272556185722351 5099
1763457793156 1.2564224004745483 5399
1763457846252 1.2714520692825317 5699
1763457898997 1.2509987354278564 5999
1763457955472 1.2518664598464966 6299
1763458009417 1.2560874223709106 6599
1763458062664 1.2435822486877441 6899
1763458116123 1.2291892766952515 7199
1763458169187 1.2380473613739014 7499
1763458222239 1.2377254962921143 7799
1763458278077 1.220882773399353 8099
1763458335117 1.2312506437301636 8399
1763458391282 1.2118005752563477 8699
1763458448833 1.2194762229919434 8999
1763458506474 1.2225093841552734 9299
1763458563605 1.2259275913238525 9599
1763458620979 1.2094718217849731 9899
1763458678043 1.1919246912002563 10199
1763458734712 1.2045252323150635 10499
1763458791902 1.2047063112258911 10799
1763458848864 1.1956799030303955 11099
1763458905571 1.2112514972686768 11399
1763458962314 1.1984525918960571 11699
1763459019102 1.1840373277664185 11999
1763459075679 1.1251896619796753 12299
1763459133154 1.1228229999542236 12599
1763459190488 1.1209617853164673 12899
1763459248611 1.1265677213668823 13199
1763459306433 1.1211196184158325 13499
1763459364863 1.1216803789138794 13799
1763459423576 1.127515435218811 14099
1763459481007 1.1229236125946045 14399
1763459536739 1.1214523315429688 14699
1763459593269 1.1127099990844727 14999
1763459647124 1.1264989376068115 15299
1763459699753 1.1192891597747803 15599
1763459752714 1.1098092794418335 15899
1763459805337 1.1173200607299805 16199
1763459858465 1.1102845668792725 16499
1763459911952 1.1102334260940552 16799
1763459965236 1.1118921041488647 17099
1763460018420 1.1080303192138672 17399
1763460071400 1.103107213973999 17699
1763460124679 1.110079288482666 17999
1763460177577 1.0922054052352905 18299
1763460231079 1.0921911001205444 18599
1763460284799 1.080655813217163 18899
1763460338070 1.088128685951233 19199
1763460391169 1.0877820253372192 19499
1763460444084 1.0832502841949463 19799
1763460497334 1.0830748081207275 20099
1763460550217 1.0830788612365723 20399
1763460603802 1.0858683586120605 20699
1763460657224 1.0787328481674194 20999
1763460714419 1.0816650390625 21299
1763460771099 1.0823044776916504 21599
1763460827785 1.0921729803085327 21899
1763460884199 1.0870698690414429 22199
1763460941308 1.0723034143447876 22499
1763460998187 1.0817172527313232 22799
