1763456838912 2.458590030670166 299
1763456891847 2.00783109664917 599
1763456944356 1.8884886503219604 899
1763456997652 1.8292372226715088 1199
1763457056939 1.7580312490463257 1499
1763457115864 1.7312350273132324 1799
1763457172722 1.7358050346374512 2099
1763457230169 1.6848762035369873 2399
1763457286074 1.6826575994491577 2699
1763457340515 1.6606764793395996 2999
1763457395492 1.621922492980957 3299
1763457453090 1.6312739849090576 3599
1763457510587 1.611601710319519 3899
1763457568126 1.6069352626800537 4199
1763457625530 1.6057076454162598 4499
1763457682397 1.5977115631103516 4799
1763457739814 1.5876466035842896 5099
1763457793156 1.5702568292617798 5399
1763457846252 1.5712791681289673 5699
1763457898997 1.5570002794265747 5999
1763457955472 1.5559682846069336 6299
1763458009417 1.5581644773483276 6599
1763458062664 1.5485399961471558 6899
1763458116123 1.5394378900527954 7199
1763458169187 1.5373824834823608 7499
1763458222239 1.532096028327942 7799
1763458278077 1.5256623029708862 8099
1763458335117 1.5279090404510498 8399
1763458391282 1.5060797929763794 8699
1763458448833 1.5014503002166748 8999
1763458506474 1.5087496042251587 9299
1763458563605 1.5075467824935913 9599
1763458620979 1.50087308883667 9899
1763458678043 1.472962498664856 10199
1763458734712 1.4844876527786255 10499
1763458791902 1.4799708127975464 10799
1763458848864 1.4662243127822876 11099
1763458905571 1.4817848205566406 11399
1763458962314 1.4688879251480103 11699
1763459019102 1.450676679611206 11999
1763459075679 1.3995795249938965 12299
1763459133154 1.3893893957138062 12599
1763459190488 1.382001280784607 12899
1763459248611 1.3937382698059082 13199
1763459306433 1.3821721076965332 13499
1763459364863 1.375215768814087 13799
1763459423576 1.3763021230697632 14099
1763459481007 1.3653920888900757 14399
1763459536739 1.3672010898590088 14699
1763459593269 1.3543118238449097 14999
1763459647124 1.3743406534194946 15299
1763459699753 1.3606631755828857 15599
1763459752714 1.3537241220474243 15899
1763459805337 1.3580518960952759 16199
1763459858465 1.3565975427627563 16499
1763459911952 1.3535634279251099 16799
1763459965236 1.342223048210144 17099
1763460018420 1.343877911567688 17399
1763460071400 1.3351619243621826 17699
1763460124679 1.3404712677001953 17999
1763460177577 1.3137423992156982 18299
1763460231079 1.3147335052490234 18599
1763460284799 1.301438331604004 18899
1763460338070 1.3116633892059326 19199
1763460391169 1.3087948560714722 19499
1763460444084 1.3047090768814087 19799
1763460497334 1.3037645816802979 20099
1763460550217 1.2989555597305298 20399
1763460603802 1.304831862449646 20699
1763460657224 1.3003208637237549 20999
1763460714419 1.298937201499939 21299
1763460771099 1.2984458208084106 21599
1763460827785 1.2966783046722412 21899
1763460884199 1.3015713691711426 22199
1763460941308 1.285562515258789 22499
1763460998187 1.2918989658355713 22799
