1763468197126 0.0 299
1763468197191 0.0 299
1763468250215 1.0 599
1763468250271 1.0 599
1763468303221 2.0 899
1763468303277 2.0 899
1763468356122 3.0 1199
1763468356180 3.0 1199
1763468409665 4.0 1499
1763468409722 4.0 1499
1763468462815 5.0 1799
1763468462831 5.0 1799
1763468516369 6.0 2099
1763468516386 6.0 2099
1763468570185 7.0 2399
1763468570202 7.0 2399
1763468623540 8.0 2699
1763468623602 8.0 2699
1763468676677 9.0 2999
1763468676733 9.0 2999
1763468729853 10.0 3299
1763468729872 10.0 3299
1763468783125 11.0 3599
1763468783143 11.0 3599
1763468836204 12.0 3899
1763468836262 12.0 3899
1763468889905 13.0 4199
1763468889929 13.0 4199
1763468943546 14.0 4499
1763468943563 14.0 4499
1763468997103 15.0 4799
1763468997122 15.0 4799
1763469050179 16.0 5099
1763469050236 16.0 5099
1763469103418 17.0 5399
1763469103433 17.0 5399
1763469156586 18.0 5699
1763469156604 18.0 5699
1763469209704 19.0 5999
1763469209721 19.0 5999
1763469263440 20.0 6299
1763469263460 20.0 6299
1763469316920 21.0 6599
1763469316938 21.0 6599
1763469370480 22.0 6899
1763469370501 22.0 6899
1763469423541 23.0 7199
1763469423558 23.0 7199
1763469476799 24.0 7499
1763469476858 24.0 7499
1763469529871 25.0 7799
1763469529928 25.0 7799
1763469583465 26.0 8099
1763469583486 26.0 8099
1763469637134 27.0 8399
1763469637191 27.0 8399
1763469690753 28.0 8699
1763469690771 28.0 8699
1763469744017 29.0 8999
1763469744080 29.0 8999
1763469797188 30.0 9299
1763469797246 30.0 9299
1763469850667 31.0 9599
1763469850683 31.0 9599
1763469903688 32.0 9899
1763469903706 32.0 9899
1763469957355 33.0 10199
1763469957412 33.0 10199
1763470011215 34.0 10499
1763470011232 34.0 10499
1763470064776 35.0 10799
1763470064833 35.0 10799
1763470117996 36.0 11099
1763470118015 36.0 11099
1763470171515 37.0 11399
1763470171546 37.0 11399
1763470224817 38.0 11699
1763470224835 38.0 11699
1763470277956 39.0 11999
1763470277974 39.0 11999
1763470334785 40.0 12299
1763470334855 40.0 12299
1763470392008 41.0 12599
1763470392074 41.0 12599
1763470448969 42.0 12899
1763470449001 42.0 12899
1763470506020 43.0 13199
1763470506081 43.0 13199
1763470562697 44.0 13499
1763470562716 44.0 13499
1763470618929 45.0 13799
1763470618951 45.0 13799
1763470676190 46.0 14099
1763470676215 46.0 14099
1763470733022 47.0 14399
1763470733042 47.0 14399
1763470789984 48.0 14699
1763470790001 48.0 14699
1763470846761 49.0 14999
1763470846781 49.0 14999
1763470903297 50.0 15299
1763470903316 50.0 15299
1763470959643 51.0 15599
1763470959665 51.0 15599
1763471016254 52.0 15899
1763471016275 52.0 15899
1763471073082 53.0 16199
1763471073103 53.0 16199
1763471129745 54.0 16499
1763471129765 54.0 16499
1763471186416 55.0 16799
1763471186433 55.0 16799
1763471242761 56.0 17099
1763471242782 56.0 17099
1763471298878 57.0 17399
1763471298896 57.0 17399
1763471355848 58.0 17699
1763471355866 58.0 17699
1763471413019 59.0 17999
1763471413038 59.0 17999
1763471471413 60.0 18299
1763471471442 60.0 18299
1763471528860 61.0 18599
1763471528931 61.0 18599
1763471586008 62.0 18899
1763471586026 62.0 18899
1763471642869 63.0 19199
1763471642886 63.0 19199
1763471698880 64.0 19499
1763471698910 64.0 19499
1763471758205 65.0 19799
1763471758277 65.0 19799
1763471815875 66.0 20099
1763471815950 66.0 20099
1763471871679 67.0 20399
1763471871694 67.0 20399
1763471928838 68.0 20699
1763471928859 68.0 20699
1763471988053 69.0 20999
1763471988080 69.0 20999
1763472047725 70.0 21299
1763472047751 70.0 21299
1763472106592 71.0 21599
1763472106614 71.0 21599
1763472165812 72.0 21899
1763472165833 72.0 21899
1763472224927 73.0 22199
1763472224945 73.0 22199
1763472283580 74.0 22499
1763472283605 74.0 22499
1763472341995 75.0 22799
1763472342016 75.0 22799
1763472400006 76.0 23099
1763472400024 76.0 23099
1763472458093 77.0 23399
1763472458121 77.0 23399
1763472516400 78.0 23699
1763472516420 78.0 23699
1763472575250 79.0 23999
1763472575275 79.0 23999
1763472633293 80.0 24299
1763472633324 80.0 24299
1763472691160 81.0 24599
1763472691175 81.0 24599
1763472748958 82.0 24899
1763472748978 82.0 24899
1763472807403 83.0 25199
1763472807434 83.0 25199
1763472865172 84.0 25499
1763472865193 84.0 25499
1763472922181 85.0 25799
1763472922211 85.0 25799
1763472980827 86.0 26099
1763472980858 86.0 26099
1763473039261 87.0 26399
1763473039281 87.0 26399
1763473097673 88.0 26699
1763473097692 88.0 26699
1763473155719 89.0 26999
1763473155742 89.0 26999
1763473213254 90.0 27299
1763473213277 90.0 27299
1763473270735 91.0 27599
1763473270759 91.0 27599
1763473328868 92.0 27899
1763473328886 92.0 27899
1763473382151 93.0 28199
1763473382168 93.0 28199
1763473435318 94.0 28499
1763473435333 94.0 28499
1763473488261 95.0 28799
1763473488276 95.0 28799
1763473541735 96.0 29099
1763473541753 96.0 29099
1763473595473 97.0 29399
1763473595491 97.0 29399
1763473649010 98.0 29699
1763473649029 98.0 29699
1763473702470 99.0 29999
1763473702488 99.0 29999
1763473755728 100.0 30299
1763473755744 100.0 30299
1763473809097 101.0 30599
1763473809114 101.0 30599
1763473862116 102.0 30899
1763473862135 102.0 30899
1763473915593 103.0 31199
1763473915611 103.0 31199
1763473969346 104.0 31499
1763473969363 104.0 31499
1763474023741 105.0 31799
1763474023755 105.0 31799
1763474078773 106.0 32099
1763474078789 106.0 32099
1763474133432 107.0 32399
1763474133454 107.0 32399
1763474187014 108.0 32699
1763474187030 108.0 32699
1763474240331 109.0 32999
1763474240349 109.0 32999
1763474296221 110.0 33299
1763474296246 110.0 33299
1763474350999 111.0 33599
1763474351017 111.0 33599
1763474406302 112.0 33899
1763474406316 112.0 33899
1763474462769 113.0 34199
1763474462796 113.0 34199
1763474521588 114.0 34499
1763474521607 114.0 34499
1763474580791 115.0 34799
1763474580813 115.0 34799
1763474639074 116.0 35099
1763474639092 116.0 35099
1763474668497 117.0 35100
