1763468151516 0.001 49
1763468159377 0.001 99
1763468167219 0.001 149
1763468175069 0.001 199
1763468182989 0.001 249
1763468190898 0.001 299
1763468205005 0.001 349
1763468212815 0.001 399
1763468220597 0.001 449
1763468228380 0.001 499
1763468236161 0.001 549
1763468244047 0.001 599
1763468258037 0.001 649
1763468265919 0.001 699
1763468273734 0.001 749
1763468281515 0.001 799
1763468289297 0.001 849
1763468297081 0.001 899
1763468310964 0.001 949
1763468318759 0.001 999
1763468326551 0.001 1049
1763468334346 0.001 1099
1763468342138 0.001 1149
1763468349939 0.001 1199
1763468363958 0.001 1249
1763468371940 0.001 1299
1763468379852 0.001 1349
1763468387770 0.001 1399
1763468395617 0.001 1449
1763468403451 0.001 1499
1763468417441 0.001 1549
1763468425293 0.001 1599
1763468433120 0.001 1649
1763468440960 0.001 1699
1763468448799 0.001 1749
1763468456620 0.001 1799
1763468470527 0.001 1849
1763468478350 0.001 1899
1763468486284 0.001 1949
1763468494203 0.001 1999
1763468502128 0.001 2049
1763468510065 0.001 2099
1763468524186 0.001 2149
1763468532102 0.001 2199
1763468540045 0.001 2249
1763468547985 0.001 2299
1763468555943 0.001 2349
1763468563902 0.001 2399
1763468577934 0.001 2449
1763468585756 0.001 2499
1763468593586 0.001 2549
1763468601479 0.001 2599
1763468609374 0.001 2649
1763468617284 0.001 2699
1763468631378 0.001 2749
1763468639190 0.001 2799
1763468647011 0.001 2849
1763468654850 0.001 2899
1763468662690 0.001 2949
1763468670490 0.001 2999
1763468684466 0.001 3049
1763468692281 0.001 3099
1763468700096 0.001 3149
1763468707922 0.001 3199
1763468715760 0.001 3249
1763468723653 0.001 3299
1763468737659 0.001 3349
1763468745568 0.001 3399
1763468753431 0.001 3449
1763468761287 0.001 3499
1763468769116 0.001 3549
1763468776948 0.001 3599
1763468790863 0.001 3649
1763468798707 0.001 3699
1763468806539 0.001 3749
1763468814367 0.001 3799
1763468822193 0.001 3849
1763468830018 0.001 3899
1763468844041 0.001 3949
1763468851974 0.001 3999
1763468859888 0.001 4049
1763468867802 0.001 4099
1763468875695 0.001 4149
1763468883616 0.001 4199
1763468897741 0.001 4249
1763468905660 0.001 4299
1763468913596 0.001 4349
1763468921529 0.001 4399
1763468929441 0.001 4449
1763468937316 0.001 4499
1763468951323 0.001 4549
1763468959207 0.001 4599
1763468967136 0.001 4649
1763468975063 0.001 4699
1763468982991 0.001 4749
1763468990895 0.001 4799
1763469004864 0.001 4849
1763469012717 0.001 4899
1763469020543 0.001 4949
1763469028347 0.001 4999
1763469036172 0.001 5049
1763469043982 0.001 5099
1763469057959 0.001 5149
1763469065769 0.001 5199
1763469073565 0.001 5249
1763469081442 0.001 5299
1763469089314 0.001 5349
1763469097220 0.001 5399
1763469111189 0.001 5449
1763469119015 0.001 5499
1763469126862 0.001 5549
1763469134671 0.001 5599
1763469142512 0.001 5649
1763469150373 0.001 5699
1763469164305 0.001 5749
1763469172102 0.001 5799
1763469179893 0.001 5849
1763469187688 0.001 5899
1763469195496 0.001 5949
1763469203399 0.001 5999
1763469217563 0.001 6049
1763469225505 0.001 6099
1763469233423 0.001 6149
1763469241323 0.001 6199
1763469249206 0.001 6249
1763469257117 0.001 6299
1763469271294 0.001 6349
1763469279216 0.001 6399
1763469287159 0.001 6449
1763469295006 0.001 6499
1763469302858 0.001 6549
1763469310699 0.001 6599
1763469324763 0.001 6649
1763469332711 0.001 6699
1763469340646 0.001 6749
1763469348575 0.001 6799
1763469356437 0.001 6849
1763469364299 0.001 6899
1763469378247 0.001 6949
1763469386073 0.001 6999
1763469393881 0.001 7049
1763469401705 0.001 7099
1763469409526 0.001 7149
1763469417343 0.001 7199
1763469431245 0.001 7249
1763469439081 0.001 7299
1763469446962 0.001 7349
1763469454837 0.001 7399
1763469462720 0.001 7449
1763469470579 0.001 7499
1763469484560 0.001 7549
1763469492372 0.001 7599
1763469500193 0.001 7649
1763469507997 0.001 7699
1763469515863 0.001 7749
1763469523672 0.001 7799
1763469537636 0.001 7849
1763469545456 0.001 7899
1763469553270 0.001 7949
1763469561177 0.001 7999
1763469569133 0.001 8049
1763469577108 0.001 8099
1763469591303 0.001 8149
1763469599187 0.001 8199
1763469607078 0.001 8249
1763469614987 0.001 8299
1763469622911 0.001 8349
1763469630847 0.001 8399
1763469645047 0.001 8449
1763469652942 0.001 8499
1763469660793 0.001 8549
1763469668668 0.001 8599
1763469676524 0.001 8649
1763469684477 0.001 8699
1763469698596 0.001 8749
1763469706529 0.001 8799
1763469714350 0.001 8849
1763469722159 0.001 8899
1763469729999 0.001 8949
1763469737840 0.001 8999
1763469751798 0.001 9049
1763469759633 0.001 9099
1763469767490 0.001 9149
1763469775299 0.001 9199
1763469783135 0.001 9249
1763469790977 0.001 9299
1763469805068 0.001 9349
1763469812968 0.001 9399
1763469820911 0.001 9449
1763469828816 0.001 9499
1763469836637 0.001 9549
1763469844470 0.001 9599
1763469858404 0.001 9649
1763469866230 0.001 9699
1763469874056 0.001 9749
1763469881870 0.001 9799
1763469889670 0.001 9849
1763469897491 0.001 9899
1763469911417 0.001 9949
1763469919275 0.001 9999
1763469927209 0.001 10049
1763469935178 0.001 10099
1763469943135 0.001 10149
1763469951059 0.001 10199
1763469965212 0.001 10249
1763469973132 0.001 10299
1763469981072 0.001 10349
1763469989030 0.001 10399
1763469996997 0.001 10449
1763470004974 0.001 10499
1763470018995 0.001 10549
1763470026824 0.001 10599
1763470034655 0.001 10649
1763470042578 0.001 10699
1763470050533 0.001 10749
1763470058488 0.001 10799
1763470072606 0.001 10849
1763470080441 0.001 10899
1763470088284 0.001 10949
1763470096135 0.001 10999
1763470103969 0.001 11049
1763470111801 0.001 11099
1763470125750 0.001 11149
1763470133590 0.001 11199
1763470141409 0.001 11249
1763470149250 0.001 11299
1763470157076 0.001 11349
1763470165012 0.001 11399
1763470179362 0.001 11449
1763470187266 0.001 11499
1763470195112 0.001 11549
1763470202959 0.001 11599
1763470210796 0.001 11649
1763470218644 0.001 11699
1763470232567 0.001 11749
1763470240420 0.001 11799
1763470248262 0.001 11849
1763470256100 0.001 11899
1763470263942 0.001 11949
1763470271760 0.001 11999
1763470285818 0.0003 12049
1763470294180 0.0003 12099
1763470302631 0.0003 12149
1763470310993 0.0003 12199
1763470319256 0.0003 12249
1763470327515 0.0003 12299
1763470342991 0.0003 12349
1763470351274 0.0003 12399
1763470359610 0.0003 12449
1763470367980 0.0003 12499
1763470376339 0.0003 12549
1763470384630 0.0003 12599
1763470400296 0.0003 12649
1763470408665 0.0003 12699
1763470417014 0.0003 12749
1763470425316 0.0003 12799
1763470433563 0.0003 12849
1763470441887 0.0003 12899
1763470457125 0.0003 12949
1763470465411 0.0003 12999
1763470473753 0.0003 13049
1763470482101 0.0003 13099
1763470490417 0.0003 13149
1763470498766 0.0003 13199
1763470514277 0.0003 13249
1763470522614 0.0003 13299
1763470530935 0.0003 13349
1763470539272 0.0003 13399
1763470547534 0.0003 13449
1763470555760 0.0003 13499
1763470570793 0.0003 13549
1763470579035 0.0003 13599
1763470587208 0.0003 13649
1763470595439 0.0003 13699
1763470603670 0.0003 13749
1763470611903 0.0003 13799
1763470627116 0.0003 13849
1763470635570 0.0003 13899
1763470643980 0.0003 13949
1763470652377 0.0003 13999
1763470660703 0.0003 14049
1763470669106 0.0003 14099
1763470684391 0.0003 14149
1763470692700 0.0003 14199
1763470701000 0.0003 14249
1763470709220 0.0003 14299
1763470717438 0.0003 14349
1763470725806 0.0003 14399
1763470741311 0.0003 14449
1763470749603 0.0003 14499
1763470757941 0.0003 14549
1763470766243 0.0003 14599
1763470774580 0.0003 14649
1763470782905 0.0003 14699
1763470798128 0.0003 14749
1763470806468 0.0003 14799
1763470814741 0.0003 14849
1763470823028 0.0003 14899
1763470831292 0.0003 14949
1763470839532 0.0003 14999
1763470854907 0.0003 15049
1763470863168 0.0003 15099
1763470871466 0.0003 15149
1763470879791 0.0003 15199
1763470888027 0.0003 15249
1763470896229 0.0003 15299
1763470911438 0.0003 15349
1763470919680 0.0003 15399
1763470927933 0.0003 15449
1763470936213 0.0003 15499
1763470944433 0.0003 15549
1763470952624 0.0003 15599
1763470967701 0.0003 15649
1763470975961 0.0003 15699
1763470984250 0.0003 15749
1763470992518 0.0003 15799
1763471000808 0.0003 15849
1763471009109 0.0003 15899
1763471024518 0.0003 15949
1763471032752 0.0003 15999
1763471041091 0.0003 16049
1763471049386 0.0003 16099
1763471057665 0.0003 16149
1763471065928 0.0003 16199
1763471081295 0.0003 16249
1763471089559 0.0003 16299
1763471097858 0.0003 16349
1763471106084 0.0003 16399
1763471114298 0.0003 16449
1763471122607 0.0003 16499
1763471137953 0.0003 16549
1763471146337 0.0003 16599
1763471154591 0.0003 16649
1763471162933 0.0003 16699
1763471171219 0.0003 16749
1763471179397 0.0003 16799
1763471194572 0.0003 16849
1763471202811 0.0003 16899
1763471211028 0.0003 16949
1763471219266 0.0003 16999
1763471227522 0.0003 17049
1763471235829 0.0003 17099
1763471250910 0.0003 17149
1763471259149 0.0003 17199
1763471267368 0.0003 17249
1763471275543 0.0003 17299
1763471283750 0.0003 17349
1763471291942 0.0003 17399
1763471306959 0.0003 17449
1763471315280 0.0003 17499
1763471323695 0.0003 17549
1763471332061 0.0003 17599
1763471340408 0.0003 17649
1763471348736 0.0003 17699
1763471364297 0.0003 17749
1763471372584 0.0003 17799
1763471380939 0.0003 17849
1763471389305 0.0003 17899
1763471397529 0.0003 17949
1763471405715 0.0003 17999
1763471421422 8.999999999999999e-05 18049
1763471429924 8.999999999999999e-05 18099
1763471438466 8.999999999999999e-05 18149
1763471446979 8.999999999999999e-05 18199
1763471455505 8.999999999999999e-05 18249
1763471464090 8.999999999999999e-05 18299
1763471479784 8.999999999999999e-05 18349
1763471488178 8.999999999999999e-05 18399
1763471496627 8.999999999999999e-05 18449
1763471504947 8.999999999999999e-05 18499
1763471513250 8.999999999999999e-05 18549
1763471521779 8.999999999999999e-05 18599
1763471537089 8.999999999999999e-05 18649
1763471545426 8.999999999999999e-05 18699
1763471553691 8.999999999999999e-05 18749
1763471562035 8.999999999999999e-05 18799
1763471570414 8.999999999999999e-05 18849
1763471578817 8.999999999999999e-05 18899
1763471594319 8.999999999999999e-05 18949
1763471602660 8.999999999999999e-05 18999
1763471611030 8.999999999999999e-05 19049
1763471619297 8.999999999999999e-05 19099
1763471627642 8.999999999999999e-05 19149
1763471635885 8.999999999999999e-05 19199
1763471651067 8.999999999999999e-05 19249
1763471659384 8.999999999999999e-05 19299
1763471667669 8.999999999999999e-05 19349
1763471675668 8.999999999999999e-05 19399
1763471683477 8.999999999999999e-05 19449
1763471691419 8.999999999999999e-05 19499
1763471707543 8.999999999999999e-05 19549
1763471716142 8.999999999999999e-05 19599
1763471724765 8.999999999999999e-05 19649
1763471733387 8.999999999999999e-05 19699
1763471741987 8.999999999999999e-05 19749
1763471750633 8.999999999999999e-05 19799
1763471766754 8.999999999999999e-05 19849
1763471775313 8.999999999999999e-05 19899
1763471783721 8.999999999999999e-05 19949
1763471792028 8.999999999999999e-05 19999
1763471800351 8.999999999999999e-05 20049
1763471808622 8.999999999999999e-05 20099
1763471824168 8.999999999999999e-05 20149
1763471832428 8.999999999999999e-05 20199
1763471840760 8.999999999999999e-05 20249
1763471849041 8.999999999999999e-05 20299
1763471857371 8.999999999999999e-05 20349
1763471865502 8.999999999999999e-05 20399
1763471879657 8.999999999999999e-05 20449
1763471888029 8.999999999999999e-05 20499
1763471896297 8.999999999999999e-05 20549
1763471904610 8.999999999999999e-05 20599
1763471913051 8.999999999999999e-05 20649
1763471921542 8.999999999999999e-05 20699
1763471937167 8.999999999999999e-05 20749
1763471945736 8.999999999999999e-05 20799
1763471954306 8.999999999999999e-05 20849
1763471962959 8.999999999999999e-05 20899
1763471971671 8.999999999999999e-05 20949
1763471980343 8.999999999999999e-05 20999
1763471996601 8.999999999999999e-05 21049
1763472005234 8.999999999999999e-05 21099
1763472013748 8.999999999999999e-05 21149
1763472022290 8.999999999999999e-05 21199
1763472031001 8.999999999999999e-05 21249
1763472039899 8.999999999999999e-05 21299
1763472056212 8.999999999999999e-05 21349
1763472064784 8.999999999999999e-05 21399
1763472073262 8.999999999999999e-05 21449
1763472081865 8.999999999999999e-05 21499
1763472090444 8.999999999999999e-05 21549
1763472099017 8.999999999999999e-05 21599
1763472115119 8.999999999999999e-05 21649
1763472123717 8.999999999999999e-05 21699
1763472132296 8.999999999999999e-05 21749
1763472140927 8.999999999999999e-05 21799
1763472149556 8.999999999999999e-05 21849
1763472158237 8.999999999999999e-05 21899
1763472174326 8.999999999999999e-05 21949
1763472182954 8.999999999999999e-05 21999
1763472191564 8.999999999999999e-05 22049
1763472200169 8.999999999999999e-05 22099
1763472208718 8.999999999999999e-05 22149
1763472217316 8.999999999999999e-05 22199
1763472233400 8.999999999999999e-05 22249
1763472241990 8.999999999999999e-05 22299
1763472250575 8.999999999999999e-05 22349
1763472259091 8.999999999999999e-05 22399
1763472267637 8.999999999999999e-05 22449
1763472276140 8.999999999999999e-05 22499
1763472292031 8.999999999999999e-05 22549
1763472300584 8.999999999999999e-05 22599
1763472309083 8.999999999999999e-05 22649
1763472317665 8.999999999999999e-05 22699
1763472326085 8.999999999999999e-05 22749
1763472334577 8.999999999999999e-05 22799
1763472350570 8.999999999999999e-05 22849
1763472358602 8.999999999999999e-05 22899
1763472367212 8.999999999999999e-05 22949
1763472375591 8.999999999999999e-05 22999
1763472384015 8.999999999999999e-05 23049
1763472392532 8.999999999999999e-05 23099
1763472408502 8.999999999999999e-05 23149
1763472416935 8.999999999999999e-05 23199
1763472425439 8.999999999999999e-05 23249
1763472433781 8.999999999999999e-05 23299
1763472442176 8.999999999999999e-05 23349
1763472450606 8.999999999999999e-05 23399
1763472466590 8.999999999999999e-05 23449
1763472475071 8.999999999999999e-05 23499
1763472483505 8.999999999999999e-05 23549
1763472491916 8.999999999999999e-05 23599
1763472500395 8.999999999999999e-05 23649
1763472508906 8.999999999999999e-05 23699
1763472524765 8.999999999999999e-05 23749
1763472533337 8.999999999999999e-05 23799
1763472541966 8.999999999999999e-05 23849
1763472550533 8.999999999999999e-05 23899
1763472559096 8.999999999999999e-05 23949
1763472567666 8.999999999999999e-05 23999
1763472583678 8.999999999999999e-05 24049
1763472592184 8.999999999999999e-05 24099
1763472600724 8.999999999999999e-05 24149
1763472609191 8.999999999999999e-05 24199
1763472617701 8.999999999999999e-05 24249
1763472626046 8.999999999999999e-05 24299
1763472641599 8.999999999999999e-05 24349
1763472649955 8.999999999999999e-05 24399
1763472658359 8.999999999999999e-05 24449
1763472666851 8.999999999999999e-05 24499
1763472675324 8.999999999999999e-05 24549
1763472683826 8.999999999999999e-05 24599
1763472699502 8.999999999999999e-05 24649
1763472707991 8.999999999999999e-05 24699
1763472716443 8.999999999999999e-05 24749
1763472724928 8.999999999999999e-05 24799
1763472733462 8.999999999999999e-05 24849
1763472741906 8.999999999999999e-05 24899
1763472757416 8.999999999999999e-05 24949
1763472766067 8.999999999999999e-05 24999
1763472774637 8.999999999999999e-05 25049
1763472783079 8.999999999999999e-05 25099
1763472791539 8.999999999999999e-05 25149
1763472799966 8.999999999999999e-05 25199
1763472815820 8.999999999999999e-05 25249
1763472824289 8.999999999999999e-05 25299
1763472832867 8.999999999999999e-05 25349
1763472841391 8.999999999999999e-05 25399
1763472849784 8.999999999999999e-05 25449
1763472857969 8.999999999999999e-05 25499
1763472873273 8.999999999999999e-05 25549
1763472881209 8.999999999999999e-05 25599
1763472889144 8.999999999999999e-05 25649
1763472897642 8.999999999999999e-05 25699
1763472906205 8.999999999999999e-05 25749
1763472914717 8.999999999999999e-05 25799
1763472930598 8.999999999999999e-05 25849
1763472939046 8.999999999999999e-05 25899
1763472947551 8.999999999999999e-05 25949
1763472956259 8.999999999999999e-05 25999
1763472964923 8.999999999999999e-05 26049
1763472973465 8.999999999999999e-05 26099
1763472989296 8.999999999999999e-05 26149
1763472997863 8.999999999999999e-05 26199
1763473006404 8.999999999999999e-05 26249
1763473014971 8.999999999999999e-05 26299
1763473023427 8.999999999999999e-05 26349
1763473031820 8.999999999999999e-05 26399
1763473047542 8.999999999999999e-05 26449
1763473056285 8.999999999999999e-05 26499
1763473065017 8.999999999999999e-05 26549
1763473073588 8.999999999999999e-05 26599
1763473081800 8.999999999999999e-05 26649
1763473090072 8.999999999999999e-05 26699
1763473106097 8.999999999999999e-05 26749
1763473114596 8.999999999999999e-05 26799
1763473123171 8.999999999999999e-05 26849
1763473131571 8.999999999999999e-05 26899
1763473139897 8.999999999999999e-05 26949
1763473148322 8.999999999999999e-05 26999
1763473164133 8.999999999999999e-05 27049
1763473172501 8.999999999999999e-05 27099
1763473180916 8.999999999999999e-05 27149
1763473189398 8.999999999999999e-05 27199
1763473197681 8.999999999999999e-05 27249
1763473205919 8.999999999999999e-05 27299
1763473221490 8.999999999999999e-05 27349
1763473229789 8.999999999999999e-05 27399
1763473238388 8.999999999999999e-05 27449
1763473246886 8.999999999999999e-05 27499
1763473255193 8.999999999999999e-05 27549
1763473263475 8.999999999999999e-05 27599
1763473279422 8.999999999999999e-05 27649
1763473287970 8.999999999999999e-05 27699
1763473296296 8.999999999999999e-05 27749
1763473304659 8.999999999999999e-05 27799
1763473313038 8.999999999999999e-05 27849
1763473321440 8.999999999999999e-05 27899
1763473336662 8.999999999999999e-05 27949
1763473344729 8.999999999999999e-05 27999
1763473352559 8.999999999999999e-05 28049
1763473360365 8.999999999999999e-05 28099
1763473368176 8.999999999999999e-05 28149
1763473376010 8.999999999999999e-05 28199
1763473389879 8.999999999999999e-05 28249
1763473397689 8.999999999999999e-05 28299
1763473405554 8.999999999999999e-05 28349
1763473413415 8.999999999999999e-05 28399
1763473421296 8.999999999999999e-05 28449
1763473429158 8.999999999999999e-05 28499
1763473443053 8.999999999999999e-05 28549
1763473450862 8.999999999999999e-05 28599
1763473458666 8.999999999999999e-05 28649
1763473466472 8.999999999999999e-05 28699
1763473474291 8.999999999999999e-05 28749
1763473482090 8.999999999999999e-05 28799
1763473495959 8.999999999999999e-05 28849
1763473503764 8.999999999999999e-05 28899
1763473511562 8.999999999999999e-05 28949
1763473519439 8.999999999999999e-05 28999
1763473527410 8.999999999999999e-05 29049
1763473535377 8.999999999999999e-05 29099
1763473549597 8.999999999999999e-05 29149
1763473557492 8.999999999999999e-05 29199
1763473565398 8.999999999999999e-05 29249
1763473573285 8.999999999999999e-05 29299
1763473581243 8.999999999999999e-05 29349
1763473589174 8.999999999999999e-05 29399
1763473603341 8.999999999999999e-05 29449
1763473611277 8.999999999999999e-05 29499
1763473619137 8.999999999999999e-05 29549
1763473626978 8.999999999999999e-05 29599
1763473634836 8.999999999999999e-05 29649
1763473642771 8.999999999999999e-05 29699
1763473656864 8.999999999999999e-05 29749
1763473664826 8.999999999999999e-05 29799
1763473672715 8.999999999999999e-05 29849
1763473680570 8.999999999999999e-05 29899
1763473688413 8.999999999999999e-05 29949
1763473696266 8.999999999999999e-05 29999
1763473710222 2.6999999999999996e-05 30049
1763473718058 2.6999999999999996e-05 30099
1763473725881 2.6999999999999996e-05 30149
1763473733706 2.6999999999999996e-05 30199
1763473741525 2.6999999999999996e-05 30249
1763473749339 2.6999999999999996e-05 30299
1763473763528 2.6999999999999996e-05 30349
1763473771434 2.6999999999999996e-05 30399
1763473779320 2.6999999999999996e-05 30449
1763473787224 2.6999999999999996e-05 30499
1763473795051 2.6999999999999996e-05 30549
1763473802869 2.6999999999999996e-05 30599
1763473816805 2.6999999999999996e-05 30649
1763473824647 2.6999999999999996e-05 30699
1763473832481 2.6999999999999996e-05 30749
1763473840320 2.6999999999999996e-05 30799
1763473848148 2.6999999999999996e-05 30849
1763473855939 2.6999999999999996e-05 30899
1763473869814 2.6999999999999996e-05 30949
1763473877613 2.6999999999999996e-05 30999
1763473885528 2.6999999999999996e-05 31049
1763473893453 2.6999999999999996e-05 31099
1763473901370 2.6999999999999996e-05 31149
1763473909282 2.6999999999999996e-05 31199
1763473923413 2.6999999999999996e-05 31249
1763473931310 2.6999999999999996e-05 31299
1763473939247 2.6999999999999996e-05 31349
1763473947174 2.6999999999999996e-05 31399
1763473955140 2.6999999999999996e-05 31449
1763473963080 2.6999999999999996e-05 31499
1763473977656 2.6999999999999996e-05 31549
1763473986012 2.6999999999999996e-05 31599
1763473993891 2.6999999999999996e-05 31649
1763474001778 2.6999999999999996e-05 31699
1763474009668 2.6999999999999996e-05 31749
1763474017564 2.6999999999999996e-05 31799
1763474031716 2.6999999999999996e-05 31849
1763474039990 2.6999999999999996e-05 31899
1763474048165 2.6999999999999996e-05 31949
1763474056315 2.6999999999999996e-05 31999
1763474064379 2.6999999999999996e-05 32049
1763474072451 2.6999999999999996e-05 32099
1763474086708 2.6999999999999996e-05 32149
1763474094537 2.6999999999999996e-05 32199
1763474102792 2.6999999999999996e-05 32249
1763474111044 2.6999999999999996e-05 32299
1763474119009 2.6999999999999996e-05 32349
1763474126941 2.6999999999999996e-05 32399
1763474141260 2.6999999999999996e-05 32449
1763474149234 2.6999999999999996e-05 32499
1763474157246 2.6999999999999996e-05 32549
1763474165157 2.6999999999999996e-05 32599
1763474173042 2.6999999999999996e-05 32649
1763474180868 2.6999999999999996e-05 32699
1763474194772 2.6999999999999996e-05 32749
1763474202609 2.6999999999999996e-05 32799
1763474210478 2.6999999999999996e-05 32849
1763474218319 2.6999999999999996e-05 32899
1763474226154 2.6999999999999996e-05 32949
1763474234004 2.6999999999999996e-05 32999
1763474248197 2.6999999999999996e-05 33049
1763474256160 2.6999999999999996e-05 33099
1763474264152 2.6999999999999996e-05 33149
1763474272250 2.6999999999999996e-05 33199
1763474280572 2.6999999999999996e-05 33249
1763474288936 2.6999999999999996e-05 33299
1763474304260 2.6999999999999996e-05 33349
1763474312374 2.6999999999999996e-05 33399
1763474320777 2.6999999999999996e-05 33449
1763474329169 2.6999999999999996e-05 33499
1763474337029 2.6999999999999996e-05 33549
1763474344838 2.6999999999999996e-05 33599
1763474358702 2.6999999999999996e-05 33649
1763474366570 2.6999999999999996e-05 33699
1763474374696 2.6999999999999996e-05 33749
1763474383067 2.6999999999999996e-05 33799
1763474391331 2.6999999999999996e-05 33849
1763474399462 2.6999999999999996e-05 33899
1763474414031 2.6999999999999996e-05 33949
1763474421844 2.6999999999999996e-05 33999
1763474429751 2.6999999999999996e-05 34049
1763474438012 2.6999999999999996e-05 34099
1763474446404 2.6999999999999996e-05 34149
1763474455065 2.6999999999999996e-05 34199
1763474471243 2.6999999999999996e-05 34249
1763474479798 2.6999999999999996e-05 34299
1763474488495 2.6999999999999996e-05 34349
1763474497042 2.6999999999999996e-05 34399
1763474505536 2.6999999999999996e-05 34449
1763474514149 2.6999999999999996e-05 34499
1763474530063 2.6999999999999996e-05 34549
1763474538622 2.6999999999999996e-05 34599
1763474547300 2.6999999999999996e-05 34649
1763474555889 2.6999999999999996e-05 34699
1763474564512 2.6999999999999996e-05 34749
1763474573209 2.6999999999999996e-05 34799
1763474589132 2.6999999999999996e-05 34849
1763474597513 2.6999999999999996e-05 34899
1763474606136 2.6999999999999996e-05 34949
1763474614590 2.6999999999999996e-05 34999
1763474623080 2.6999999999999996e-05 35049
1763474631526 2.6999999999999996e-05 35099
