1763468197191 2.521979808807373 299
1763468250271 2.2140142917633057 599
1763468303277 2.1728646755218506 899
1763468356180 2.1711344718933105 1199
1763468409722 2.142895460128784 1499
1763468462831 2.1304128170013428 1799
1763468516386 2.120914936065674 2099
1763468570202 2.1149473190307617 2399
1763468623602 2.0977132320404053 2699
1763468676733 2.1130058765411377 2999
1763468729872 2.0797770023345947 3299
1763468783143 2.083768129348755 3599
1763468836262 2.0570833683013916 3899
1763468889929 2.0628416538238525 4199
1763468943563 2.0542092323303223 4499
1763468997122 2.0449697971343994 4799
1763469050236 2.055269241333008 5099
1763469103433 2.0499508380889893 5399
1763469156604 2.036609649658203 5699
1763469209721 2.0270416736602783 5999
1763469263460 2.0307016372680664 6299
1763469316938 2.0307836532592773 6599
1763469370501 2.0103044509887695 6899
1763469423558 2.0218331813812256 7199
1763469476858 2.020026922225952 7499
1763469529928 2.0203049182891846 7799
1763469583486 2.005788803100586 8099
1763469637191 1.9971762895584106 8399
1763469690771 2.0176756381988525 8699
1763469744080 2.004406690597534 8999
1763469797246 1.9895329475402832 9299
1763469850683 1.9976558685302734 9599
1763469903706 1.9877076148986816 9899
1763469957412 1.9901963472366333 10199
1763470011232 1.9719542264938354 10499
1763470064833 1.967252254486084 10799
1763470118015 1.9794514179229736 11099
1763470171546 1.9735409021377563 11399
1763470224835 1.9738733768463135 11699
1763470277974 1.9643198251724243 11999
1763470334855 1.9456262588500977 12299
1763470392074 1.925205111503601 12599
1763470449001 1.9379377365112305 12899
1763470506081 1.9367775917053223 13199
1763470562716 1.9287755489349365 13499
1763470618951 1.9210926294326782 13799
1763470676215 1.9323034286499023 14099
1763470733042 1.9309332370758057 14399
1763470790001 1.929728388786316 14699
1763470846781 1.9269822835922241 14999
1763470903316 1.9342684745788574 15299
1763470959665 1.9231350421905518 15599
1763471016275 1.9319007396697998 15899
1763471073103 1.9105727672576904 16199
1763471129765 1.9164801836013794 16499
1763471186433 1.918110966682434 16799
1763471242782 1.9100477695465088 17099
1763471298896 1.9229304790496826 17399
1763471355866 1.9077006578445435 17699
1763471413038 1.9146080017089844 17999
1763471471442 1.8979909420013428 18299
1763471528931 1.9104416370391846 18599
1763471586026 1.8974368572235107 18899
1763471642886 1.9008662700653076 19199
1763471698910 1.901253342628479 19499
1763471758277 1.8906400203704834 19799
1763471815950 1.904021978378296 20099
1763471871694 1.886433720588684 20399
1763471928859 1.8893873691558838 20699
1763471988080 1.8958134651184082 20999
1763472047751 1.8883527517318726 21299
1763472106614 1.8905329704284668 21599
1763472165833 1.8955717086791992 21899
1763472224945 1.8937195539474487 22199
1763472283605 1.8912642002105713 22499
1763472342016 1.9031414985656738 22799
1763472400024 1.8885282278060913 23099
1763472458121 1.8920873403549194 23399
1763472516420 1.880820631980896 23699
1763472575275 1.8814606666564941 23999
1763472633324 1.8958184719085693 24299
1763472691175 1.8852155208587646 24599
1763472748978 1.904717206954956 24899
1763472807434 1.879020094871521 25199
1763472865193 1.8894131183624268 25499
1763472922211 1.906072974205017 25799
1763472980858 1.8854936361312866 26099
1763473039281 1.9044560194015503 26399
1763473097692 1.8780722618103027 26699
1763473155742 1.8922265768051147 26999
1763473213277 1.8804301023483276 27299
1763473270759 1.8900854587554932 27599
1763473328886 1.8730016946792603 27899
1763473382168 1.887157917022705 28199
1763473435333 1.8833245038986206 28499
1763473488276 1.8869982957839966 28799
1763473541753 1.8837881088256836 29099
1763473595491 1.8788150548934937 29399
1763473649029 1.8737351894378662 29699
1763473702488 1.889784336090088 29999
1763473755744 1.8755781650543213 30299
1763473809114 1.8996412754058838 30599
1763473862135 1.8877590894699097 30899
1763473915611 1.8755497932434082 31199
1763473969363 1.8880897760391235 31499
1763474023755 1.8714287281036377 31799
1763474078789 1.8833153247833252 32099
1763474133454 1.8805251121520996 32399
1763474187030 1.8682994842529297 32699
1763474240349 1.8769571781158447 32999
1763474296246 1.8704677820205688 33299
1763474351017 1.884626865386963 33599
1763474406316 1.8672467470169067 33899
1763474462796 1.8739981651306152 34199
1763474521607 1.8624495267868042 34499
1763474580813 1.8711225986480713 34799
1763474639092 1.8730995655059814 35099
