1763468197191 2.7269434928894043 299
1763468250271 2.3656985759735107 599
1763468303277 2.3225667476654053 899
1763468356180 2.3167777061462402 1199
1763468409722 2.283820629119873 1499
1763468462831 2.271618127822876 1799
1763468516386 2.261686086654663 2099
1763468570202 2.2498779296875 2399
1763468623602 2.230206251144409 2699
1763468676733 2.250609874725342 2999
1763468729872 2.214320421218872 3299
1763468783143 2.2142820358276367 3599
1763468836262 2.187983751296997 3899
1763468889929 2.1921823024749756 4199
1763468943563 2.1819355487823486 4499
1763468997122 2.1718621253967285 4799
1763469050236 2.1844820976257324 5099
1763469103433 2.1780498027801514 5399
1763469156604 2.1638681888580322 5699
1763469209721 2.1509032249450684 5999
1763469263460 2.152960777282715 6299
1763469316938 2.154362678527832 6599
1763469370501 2.1310908794403076 6899
1763469423558 2.1444554328918457 7199
1763469476858 2.141887664794922 7499
1763469529928 2.145268201828003 7799
1763469583486 2.1245548725128174 8099
1763469637191 2.116081953048706 8399
1763469690771 2.1356935501098633 8699
1763469744080 2.120096445083618 8999
1763469797246 2.107668876647949 9299
1763469850683 2.117141008377075 9599
1763469903706 2.106645345687866 9899
1763469957412 2.107483386993408 10199
1763470011232 2.0892386436462402 10499
1763470064833 2.0822792053222656 10799
1763470118015 2.0971550941467285 11099
1763470171546 2.0892155170440674 11399
1763470224835 2.0920498371124268 11699
1763470277974 2.0774807929992676 11999
1763470334855 2.0562515258789062 12299
1763470392074 2.040315628051758 12599
1763470449001 2.048121213912964 12899
1763470506081 2.047173261642456 13199
1763470562716 2.04071307182312 13499
1763470618951 2.034193515777588 13799
1763470676215 2.0417375564575195 14099
1763470733042 2.040240526199341 14399
1763470790001 2.0398306846618652 14699
1763470846781 2.037946939468384 14999
1763470903316 2.04506516456604 15299
1763470959665 2.0351080894470215 15599
1763471016275 2.043274402618408 15899
1763471073103 2.0200092792510986 16199
1763471129765 2.025451183319092 16499
1763471186433 2.0278608798980713 16799
1763471242782 2.0157523155212402 17099
1763471298896 2.032710313796997 17399
1763471355866 2.0136985778808594 17699
1763471413038 2.0240118503570557 17999
1763471471442 2.0057437419891357 18299
1763471528931 2.0169739723205566 18599
1763471586026 2.003904104232788 18899
1763471642886 2.0092811584472656 19199
1763471698910 2.006945848464966 19499
1763471758277 1.9974744319915771 19799
1763471815950 2.008570909500122 20099
1763471871694 1.9917712211608887 20399
1763471928859 1.9961649179458618 20699
1763471988080 2.002586603164673 20999
1763472047751 1.9980378150939941 21299
1763472106614 1.996768593788147 21599
1763472165833 2.0018622875213623 21899
1763472224945 2.000065803527832 22199
1763472283605 1.9997936487197876 22499
1763472342016 2.011838436126709 22799
1763472400024 1.9983798265457153 23099
1763472458121 1.9959336519241333 23399
1763472516420 1.9892034530639648 23699
1763472575275 1.9872043132781982 23999
1763472633324 2.001091480255127 24299
1763472691175 1.9898481369018555 24599
1763472748978 2.0104846954345703 24899
1763472807434 1.9844614267349243 25199
1763472865193 1.9944615364074707 25499
1763472922211 2.0135529041290283 25799
1763472980858 1.9890892505645752 26099
1763473039281 2.0092859268188477 26399
1763473097692 1.9787501096725464 26699
1763473155742 1.9996623992919922 26999
1763473213277 1.98674476146698 27299
1763473270759 1.9932597875595093 27599
1763473328886 1.9788297414779663 27899
1763473382168 1.990437388420105 28199
1763473435333 1.9876936674118042 28499
1763473488276 1.9908363819122314 28799
1763473541753 1.9900410175323486 29099
1763473595491 1.98269784450531 29399
1763473649029 1.9774713516235352 29699
1763473702488 1.9970673322677612 29999
1763473755744 1.9797871112823486 30299
1763473809114 2.0026040077209473 30599
1763473862135 1.9922622442245483 30899
1763473915611 1.9780834913253784 31199
1763473969363 1.9935213327407837 31499
1763474023755 1.9761883020401 31799
1763474078789 1.9883769750595093 32099
1763474133454 1.9826143980026245 32399
1763474187030 1.9719395637512207 32699
1763474240349 1.9821116924285889 32999
1763474296246 1.9767355918884277 33299
1763474351017 1.9870538711547852 33599
1763474406316 1.969917893409729 33899
1763474462796 1.9766919612884521 34199
1763474521607 1.9648383855819702 34499
1763474580813 1.9740947484970093 34799
1763474639092 1.973290205001831 35099
