1763468197191 7.131834030151367 299
1763468250271 3.6628456115722656 599
1763468303277 3.30778169631958 899
1763468356180 2.9965474605560303 1199
1763468409722 2.8823938369750977 1499
1763468462831 2.7934436798095703 1799
1763468516386 2.7991557121276855 2099
1763468570202 2.654810905456543 2399
1763468623602 2.605109930038452 2699
1763468676733 2.6711270809173584 2999
1763468729872 2.7434515953063965 3299
1763468783143 2.5131542682647705 3599
1763468836262 2.644908905029297 3899
1763468889929 2.505258321762085 4199
1763468943563 2.467587947845459 4499
1763468997122 2.493194103240967 4799
1763469050236 2.4699883460998535 5099
1763469103433 2.5414364337921143 5399
1763469156604 2.4991729259490967 5699
1763469209721 2.501925468444824 5999
1763469263460 2.4893195629119873 6299
1763469316938 2.4611995220184326 6599
1763469370501 2.42502760887146 6899
1763469423558 2.4094901084899902 7199
1763469476858 2.40156888961792 7499
1763469529928 2.49699330329895 7799
1763469583486 2.4289004802703857 8099
1763469637191 2.354515790939331 8399
1763469690771 2.3701412677764893 8699
1763469744080 2.2749507427215576 8999
1763469797246 2.380969762802124 9299
1763469850683 2.425144672393799 9599
1763469903706 2.3462069034576416 9899
1763469957412 2.3043224811553955 10199
1763470011232 2.368032217025757 10499
1763470064833 2.3352057933807373 10799
1763470118015 2.4099197387695312 11099
1763470171546 2.2342183589935303 11399
1763470224835 2.2532334327697754 11699
1763470277974 2.255537986755371 11999
1763470334855 2.105268716812134 12299
1763470392074 2.1639750003814697 12599
1763470449001 2.077786445617676 12899
1763470506081 2.1151540279388428 13199
1763470562716 2.1197903156280518 13499
1763470618951 2.1852104663848877 13799
1763470676215 2.054069757461548 14099
1763470733042 2.066922426223755 14399
1763470790001 2.0930821895599365 14699
1763470846781 2.0974462032318115 14999
1763470903316 2.0925793647766113 15299
1763470959665 2.1247055530548096 15599
1763471016275 2.1346075534820557 15899
1763471073103 2.0954904556274414 16199
1763471129765 2.1008493900299072 16499
1763471186433 2.074007749557495 16799
1763471242782 2.0857088565826416 17099
1763471298896 2.1379947662353516 17399
1763471355866 2.0405945777893066 17699
1763471413038 2.093810796737671 17999
1763471471442 2.0123238563537598 18299
1763471528931 2.0080771446228027 18599
1763471586026 2.0525176525115967 18899
1763471642886 1.9935178756713867 19199
1763471698910 2.0291666984558105 19499
1763471758277 2.0216901302337646 19799
1763471815950 2.0318856239318848 20099
1763471871694 2.019808053970337 20399
1763471928859 1.9981871843338013 20699
1763471988080 1.9819817543029785 20999
1763472047751 2.057527780532837 21299
1763472106614 1.9898250102996826 21599
1763472165833 1.9911868572235107 21899
1763472224945 1.9943856000900269 22199
1763472283605 1.9653068780899048 22499
1763472342016 2.0543718338012695 22799
1763472400024 2.019435167312622 23099
1763472458121 1.9678159952163696 23399
1763472516420 2.104969024658203 23699
1763472575275 2.03759503364563 23999
1763472633324 2.0084290504455566 24299
1763472691175 1.9720898866653442 24599
1763472748978 2.006760358810425 24899
1763472807434 1.9986988306045532 25199
1763472865193 2.0312376022338867 25499
1763472922211 2.020375967025757 25799
1763472980858 1.9719047546386719 26099
1763473039281 2.0351603031158447 26399
1763473097692 1.9992228746414185 26699
1763473155742 2.0640158653259277 26999
1763473213277 2.028963088989258 27299
1763473270759 1.9990627765655518 27599
1763473328886 2.030613422393799 27899
1763473382168 2.0145657062530518 28199
1763473435333 2.0362367630004883 28499
1763473488276 1.9960271120071411 28799
1763473541753 1.997607707977295 29099
1763473595491 2.015995740890503 29399
1763473649029 2.004319190979004 29699
1763473702488 2.07503342628479 29999
1763473755744 2.0372982025146484 30299
1763473809114 1.9265611171722412 30599
1763473862135 2.0327606201171875 30899
1763473915611 1.9774949550628662 31199
1763473969363 1.9868104457855225 31499
1763474023755 2.047945499420166 31799
1763474078789 2.019512414932251 32099
1763474133454 1.9236698150634766 32399
1763474187030 1.981242060661316 32699
1763474240349 2.0044498443603516 32999
1763474296246 2.037069320678711 33299
1763474351017 1.965977430343628 33599
1763474406316 1.9578101634979248 33899
1763474462796 1.9434973001480103 34199
1763474521607 1.9929583072662354 34499
1763474580813 1.971347451210022 34799
1763474639092 1.9862866401672363 35099
