1763468197191 6.19486141204834 299
1763468250271 2.668949842453003 599
1763468303277 2.383371591567993 899
1763468356180 2.175619602203369 1199
1763468409722 2.00767183303833 1499
1763468462831 1.929040551185608 1799
1763468516386 1.9827640056610107 2099
1763468570202 1.8612513542175293 2399
1763468623602 1.8349865674972534 2699
1763468676733 1.9295552968978882 2999
1763468729872 1.9305251836776733 3299
1763468783143 1.7344417572021484 3599
1763468836262 1.8420335054397583 3899
1763468889929 1.775976538658142 4199
1763468943563 1.7455213069915771 4499
1763468997122 1.7512050867080688 4799
1763469050236 1.7724970579147339 5099
1763469103433 1.8065006732940674 5399
1763469156604 1.712740182876587 5699
1763469209721 1.750693917274475 5999
1763469263460 1.7476714849472046 6299
1763469316938 1.7592129707336426 6599
1763469370501 1.6611698865890503 6899
1763469423558 1.6665560007095337 7199
1763469476858 1.6525046825408936 7499
1763469529928 1.7900123596191406 7799
1763469583486 1.6668943166732788 8099
1763469637191 1.588813304901123 8399
1763469690771 1.6276276111602783 8699
1763469744080 1.549627423286438 8999
1763469797246 1.6510759592056274 9299
1763469850683 1.6696223020553589 9599
1763469903706 1.6228357553482056 9899
1763469957412 1.6177763938903809 10199
1763470011232 1.6504400968551636 10499
1763470064833 1.6562057733535767 10799
1763470118015 1.6826015710830688 11099
1763470171546 1.5654046535491943 11399
1763470224835 1.5823463201522827 11699
1763470277974 1.5419727563858032 11999
1763470334855 1.4258724451065063 12299
1763470392074 1.4672502279281616 12599
1763470449001 1.4032022953033447 12899
1763470506081 1.427130103111267 13199
1763470562716 1.4479812383651733 13499
1763470618951 1.4910022020339966 13799
1763470676215 1.3795322179794312 14099
1763470733042 1.4002554416656494 14399
1763470790001 1.4395486116409302 14699
1763470846781 1.4525948762893677 14999
1763470903316 1.4403964281082153 15299
1763470959665 1.4634737968444824 15599
1763471016275 1.4489082098007202 15899
1763471073103 1.4250644445419312 16199
1763471129765 1.4566890001296997 16499
1763471186433 1.413431167602539 16799
1763471242782 1.4549273252487183 17099
1763471298896 1.4802584648132324 17399
1763471355866 1.4149553775787354 17699
1763471413038 1.4639655351638794 17999
1763471471442 1.3537158966064453 18299
1763471528931 1.3675225973129272 18599
1763471586026 1.373433232307434 18899
1763471642886 1.3673906326293945 19199
1763471698910 1.3504489660263062 19499
1763471758277 1.3811696767807007 19799
1763471815950 1.3529515266418457 20099
1763471871694 1.3943207263946533 20399
1763471928859 1.368077039718628 20699
1763471988080 1.3588433265686035 20999
1763472047751 1.4061286449432373 21299
1763472106614 1.3523204326629639 21599
1763472165833 1.3900779485702515 21899
1763472224945 1.3719348907470703 22199
1763472283605 1.347965121269226 22499
1763472342016 1.4262025356292725 22799
1763472400024 1.3795526027679443 23099
1763472458121 1.3669458627700806 23399
1763472516420 1.4291974306106567 23699
1763472575275 1.3786028623580933 23999
1763472633324 1.3916471004486084 24299
1763472691175 1.383137822151184 24599
1763472748978 1.3826199769973755 24899
1763472807434 1.3787715435028076 25199
1763472865193 1.361345887184143 25499
1763472922211 1.3773024082183838 25799
1763472980858 1.3342254161834717 26099
1763473039281 1.400617241859436 26399
1763473097692 1.344522476196289 26699
1763473155742 1.390863299369812 26999
1763473213277 1.385622262954712 27299
1763473270759 1.366781234741211 27599
1763473328886 1.4009678363800049 27899
1763473382168 1.353735327720642 28199
1763473435333 1.407071828842163 28499
1763473488276 1.3979451656341553 28799
1763473541753 1.3879470825195312 29099
1763473595491 1.3666032552719116 29399
1763473649029 1.3839519023895264 29699
1763473702488 1.4500490427017212 29999
1763473755744 1.3742495775222778 30299
1763473809114 1.3174586296081543 30599
1763473862135 1.36447274684906 30899
1763473915611 1.3473020792007446 31199
1763473969363 1.3508927822113037 31499
1763474023755 1.3934273719787598 31799
1763474078789 1.3886992931365967 32099
1763474133454 1.3214205503463745 32399
1763474187030 1.3747434616088867 32699
1763474240349 1.3878449201583862 32999
1763474296246 1.4121966361999512 33299
1763474351017 1.3447825908660889 33599
1763474406316 1.3387362957000732 33899
1763474462796 1.3583334684371948 34199
1763474521607 1.3450325727462769 34499
1763474580813 1.373749017715454 34799
1763474639092 1.3954447507858276 35099
