1763468197191 9.787626266479492 299
1763468250271 7.058538436889648 599
1763468303277 6.609317302703857 899
1763468356180 6.1847004890441895 1199
1763468409722 6.141371250152588 1499
1763468462831 5.994391918182373 1799
1763468516386 5.937277317047119 2099
1763468570202 5.6367058753967285 2399
1763468623602 5.475675106048584 2699
1763468676733 5.75827169418335 2999
1763468729872 5.68618631362915 3299
1763468783143 5.454695224761963 3599
1763468836262 5.501430988311768 3899
1763468889929 5.330499172210693 4199
1763468943563 5.274499416351318 4499
1763468997122 5.165039539337158 4799
1763469050236 5.196710109710693 5099
1763469103433 5.320158958435059 5399
1763469156604 5.4399027824401855 5699
1763469209721 5.275801658630371 5999
1763469263460 5.333016395568848 6299
1763469316938 5.154124736785889 6599
1763469370501 5.128478527069092 6899
1763469423558 5.223812580108643 7199
1763469476858 4.985267639160156 7499
1763469529928 5.124095439910889 7799
1763469583486 5.133658409118652 8099
1763469637191 4.990584373474121 8399
1763469690771 4.957370281219482 8699
1763469744080 4.886439800262451 8999
1763469797246 4.963118076324463 9299
1763469850683 5.093093395233154 9599
1763469903706 5.040530204772949 9899
1763469957412 4.956730842590332 10199
1763470011232 5.095758438110352 10499
1763470064833 4.953868865966797 10799
1763470118015 4.8451642990112305 11099
1763470171546 4.916812419891357 11399
1763470224835 4.858356952667236 11699
1763470277974 4.780879020690918 11999
1763470334855 4.590254783630371 12299
1763470392074 4.752155780792236 12599
1763470449001 4.497010707855225 12899
1763470506081 4.657550811767578 13199
1763470562716 4.6151204109191895 13499
1763470618951 4.81799840927124 13799
1763470676215 4.6498613357543945 14099
1763470733042 4.61226749420166 14399
1763470790001 4.6820597648620605 14699
1763470846781 4.556089401245117 14999
1763470903316 4.647070407867432 15299
1763470959665 4.6607584953308105 15599
1763471016275 4.552298545837402 15899
1763471073103 4.523406505584717 16199
1763471129765 4.566127300262451 16499
1763471186433 4.474302768707275 16799
1763471242782 4.574463844299316 17099
1763471298896 4.604776382446289 17399
1763471355866 4.447508811950684 17699
1763471413038 4.455273628234863 17999
1763471471442 4.4259033203125 18299
1763471528931 4.358074188232422 18599
1763471586026 4.463660717010498 18899
1763471642886 4.388094902038574 19199
1763471698910 4.476930618286133 19499
1763471758277 4.434916019439697 19799
1763471815950 4.4279303550720215 20099
1763471871694 4.368057727813721 20399
1763471928859 4.478880882263184 20699
1763471988080 4.478286266326904 20999
1763472047751 4.554943084716797 21299
1763472106614 4.3714728355407715 21599
1763472165833 4.3299736976623535 21899
1763472224945 4.490548133850098 22199
1763472283605 4.393231391906738 22499
1763472342016 4.518696308135986 22799
1763472400024 4.424598693847656 23099
1763472458121 4.355481147766113 23399
1763472516420 4.584725856781006 23699
1763472575275 4.397698879241943 23999
1763472633324 4.3422698974609375 24299
1763472691175 4.395193576812744 24599
1763472748978 4.433009624481201 24899
1763472807434 4.428963661193848 25199
1763472865193 4.472972393035889 25499
1763472922211 4.401278018951416 25799
1763472980858 4.379266738891602 26099
1763473039281 4.4704976081848145 26399
1763473097692 4.304074764251709 26699
1763473155742 4.363856315612793 26999
1763473213277 4.461667537689209 27299
1763473270759 4.353006362915039 27599
1763473328886 4.446071147918701 27899
1763473382168 4.353261947631836 28199
1763473435333 4.442793846130371 28499
1763473488276 4.340699672698975 28799
1763473541753 4.39984130859375 29099
1763473595491 4.409435272216797 29399
1763473649029 4.301665782928467 29699
1763473702488 4.535999298095703 29999
1763473755744 4.468268871307373 30299
1763473809114 4.177663803100586 30599
1763473862135 4.475284099578857 30899
1763473915611 4.392019748687744 31199
1763473969363 4.361489295959473 31499
1763474023755 4.374690055847168 31799
1763474078789 4.360866069793701 32099
1763474133454 4.261809825897217 32399
1763474187030 4.423558712005615 32699
1763474240349 4.431146144866943 32999
1763474296246 4.394911766052246 33299
1763474351017 4.211399555206299 33599
1763474406316 4.376718521118164 33899
1763474462796 4.3418402671813965 34199
1763474521607 4.317701816558838 34499
1763474580813 4.33029842376709 34799
1763474639092 4.334973335266113 35099
