1763468197191 2.227755546569824 299
1763468250271 1.756542444229126 599
1763468303277 1.6254456043243408 899
1763468356180 1.5931732654571533 1199
1763468409722 1.546683669090271 1499
1763468462831 1.5236005783081055 1799
1763468516386 1.5038124322891235 2099
1763468570202 1.4927972555160522 2399
1763468623602 1.4664853811264038 2699
1763468676733 1.47491455078125 2999
1763468729872 1.467276930809021 3299
1763468783143 1.442789077758789 3599
1763468836262 1.4322030544281006 3899
1763468889929 1.4276963472366333 4199
1763468943563 1.4181413650512695 4499
1763468997122 1.4166699647903442 4799
1763469050236 1.4149811267852783 5099
1763469103433 1.420440912246704 5399
1763469156604 1.4015727043151855 5699
1763469209721 1.4150404930114746 5999
1763469263460 1.4111557006835938 6299
1763469316938 1.3932127952575684 6599
1763469370501 1.3890475034713745 6899
1763469423558 1.3943541049957275 7199
1763469476858 1.3979336023330688 7499
1763469529928 1.4000519514083862 7799
1763469583486 1.388675570487976 8099
1763469637191 1.3786200284957886 8399
1763469690771 1.3781410455703735 8699
1763469744080 1.3762898445129395 8999
1763469797246 1.3778326511383057 9299
1763469850683 1.3901578187942505 9599
1763469903706 1.3779772520065308 9899
1763469957412 1.3778705596923828 10199
1763470011232 1.3669599294662476 10499
1763470064833 1.3686490058898926 10799
1763470118015 1.3715327978134155 11099
1763470171546 1.3648384809494019 11399
1763470224835 1.356162428855896 11699
1763470277974 1.3566226959228516 11999
1763470334855 1.322561264038086 12299
1763470392074 1.3144278526306152 12599
1763470449001 1.320143461227417 12899
1763470506081 1.3195172548294067 13199
1763470562716 1.3120049238204956 13499
1763470618951 1.3091968297958374 13799
1763470676215 1.31282377243042 14099
1763470733042 1.3246194124221802 14399
1763470790001 1.31309175491333 14699
1763470846781 1.3126474618911743 14999
1763470903316 1.3218603134155273 15299
1763470959665 1.3078962564468384 15599
1763471016275 1.3175480365753174 15899
1763471073103 1.3141988515853882 16199
1763471129765 1.3073683977127075 16499
1763471186433 1.316611886024475 16799
1763471242782 1.3076010942459106 17099
1763471298896 1.3167271614074707 17399
1763471355866 1.3060181140899658 17699
1763471413038 1.3126299381256104 17999
1763471471442 1.2961012125015259 18299
1763471528931 1.2877867221832275 18599
1763471586026 1.289868712425232 18899
1763471642886 1.2915750741958618 19199
1763471698910 1.2916674613952637 19499
1763471758277 1.2948203086853027 19799
1763471815950 1.2964439392089844 20099
1763471871694 1.2936638593673706 20399
1763471928859 1.2862507104873657 20699
1763471988080 1.2875864505767822 20999
1763472047751 1.2823655605316162 21299
1763472106614 1.2880268096923828 21599
1763472165833 1.2981715202331543 21899
1763472224945 1.2879283428192139 22199
1763472283605 1.290238380432129 22499
1763472342016 1.2887141704559326 22799
1763472400024 1.2909289598464966 23099
1763472458121 1.287965178489685 23399
1763472516420 1.2902673482894897 23699
1763472575275 1.2870322465896606 23999
1763472633324 1.2889597415924072 24299
1763472691175 1.2869411706924438 24599
1763472748978 1.290364384651184 24899
1763472807434 1.2866849899291992 25199
1763472865193 1.2906594276428223 25499
1763472922211 1.2828971147537231 25799
1763472980858 1.291384220123291 26099
1763473039281 1.287487506866455 26399
1763473097692 1.2900280952453613 26699
1763473155742 1.284270167350769 26999
1763473213277 1.2876214981079102 27299
1763473270759 1.2912389039993286 27599
1763473328886 1.2804211378097534 27899
1763473382168 1.29277765750885 28199
1763473435333 1.286838173866272 28499
1763473488276 1.2915962934494019 28799
1763473541753 1.2892433404922485 29099
1763473595491 1.289189100265503 29399
1763473649029 1.276892066001892 29699
1763473702488 1.2847868204116821 29999
1763473755744 1.2816591262817383 30299
1763473809114 1.2824453115463257 30599
1763473862135 1.277785301208496 30899
1763473915611 1.2772424221038818 31199
1763473969363 1.2819559574127197 31499
1763474023755 1.2797563076019287 31799
1763474078789 1.2800984382629395 32099
1763474133454 1.2785221338272095 32399
1763474187030 1.2851405143737793 32699
1763474240349 1.2772552967071533 32999
1763474296246 1.2784779071807861 33299
1763474351017 1.2822872400283813 33599
1763474406316 1.2803951501846313 33899
1763474462796 1.2827318906784058 34199
1763474521607 1.285597324371338 34499
1763474580813 1.2792388200759888 34799
1763474639092 1.2802916765213013 35099
