1763468197191 9.470436096191406 299
1763468250271 6.771932125091553 599
1763468303277 6.491704940795898 899
1763468356180 6.124942302703857 1199
1763468409722 5.948987007141113 1499
1763468462831 5.891541481018066 1799
1763468516386 5.895646095275879 2099
1763468570202 5.6131696701049805 2399
1763468623602 5.473371505737305 2699
1763468676733 5.654031753540039 2999
1763468729872 5.644647121429443 3299
1763468783143 5.405787467956543 3599
1763468836262 5.46956729888916 3899
1763468889929 5.342837810516357 4199
1763468943563 5.255078315734863 4499
1763468997122 5.201973915100098 4799
1763469050236 5.233985424041748 5099
1763469103433 5.311888694763184 5399
1763469156604 5.370383262634277 5699
1763469209721 5.230798244476318 5999
1763469263460 5.196518421173096 6299
1763469316938 5.148514270782471 6599
1763469370501 5.086089134216309 6899
1763469423558 5.134028434753418 7199
1763469476858 5.035198211669922 7499
1763469529928 5.178024768829346 7799
1763469583486 5.078237056732178 8099
1763469637191 4.991096019744873 8399
1763469690771 4.941741943359375 8699
1763469744080 4.842300891876221 8999
1763469797246 4.986284255981445 9299
1763469850683 5.057064533233643 9599
1763469903706 5.021780014038086 9899
1763469957412 4.916478633880615 10199
1763470011232 5.00492525100708 10499
1763470064833 4.884298801422119 10799
1763470118015 4.945380687713623 11099
1763470171546 4.863251209259033 11399
1763470224835 4.8698506355285645 11699
1763470277974 4.75193452835083 11999
1763470334855 4.592319965362549 12299
1763470392074 4.7452850341796875 12599
1763470449001 4.550285339355469 12899
1763470506081 4.626911163330078 13199
1763470562716 4.657132625579834 13499
1763470618951 4.761627674102783 13799
1763470676215 4.559928894042969 14099
1763470733042 4.565626621246338 14399
1763470790001 4.634110450744629 14699
1763470846781 4.5840983390808105 14999
1763470903316 4.5887227058410645 15299
1763470959665 4.652011394500732 15599
1763471016275 4.611487865447998 15899
1763471073103 4.574399471282959 16199
1763471129765 4.558624267578125 16499
1763471186433 4.523840427398682 16799
1763471242782 4.515058517456055 17099
1763471298896 4.6081085205078125 17399
1763471355866 4.455880641937256 17699
1763471413038 4.505405426025391 17999
1763471471442 4.453852653503418 18299
1763471528931 4.41145133972168 18599
1763471586026 4.475864410400391 18899
1763471642886 4.404684543609619 19199
1763471698910 4.452020645141602 19499
1763471758277 4.428363800048828 19799
1763471815950 4.4311628341674805 20099
1763471871694 4.404013156890869 20399
1763471928859 4.4676833152771 20699
1763471988080 4.468064308166504 20999
1763472047751 4.561081409454346 21299
1763472106614 4.379690647125244 21599
1763472165833 4.388337135314941 21899
1763472224945 4.478444576263428 22199
1763472283605 4.438132286071777 22499
1763472342016 4.531508445739746 22799
1763472400024 4.4736175537109375 23099
1763472458121 4.369995594024658 23399
1763472516420 4.576291561126709 23699
1763472575275 4.433024883270264 23999
1763472633324 4.399715423583984 24299
1763472691175 4.386255264282227 24599
1763472748978 4.4196271896362305 24899
1763472807434 4.379364967346191 25199
1763472865193 4.4298272132873535 25499
1763472922211 4.427196025848389 25799
1763472980858 4.322247505187988 26099
1763473039281 4.448000907897949 26399
1763473097692 4.267820835113525 26699
1763473155742 4.430377006530762 26999
1763473213277 4.432004451751709 27299
1763473270759 4.317244529724121 27599
1763473328886 4.4417548179626465 27899
1763473382168 4.305346965789795 28199
1763473435333 4.402563571929932 28499
1763473488276 4.364162921905518 28799
1763473541753 4.3932929039001465 29099
1763473595491 4.416139602661133 29399
1763473649029 4.318905353546143 29699
1763473702488 4.509772300720215 29999
1763473755744 4.416285991668701 30299
1763473809114 4.227895736694336 30599
1763473862135 4.42724084854126 30899
1763473915611 4.319778919219971 31199
1763473969363 4.36876106262207 31499
1763474023755 4.396720886230469 31799
1763474078789 4.387166500091553 32099
1763474133454 4.284445762634277 32399
1763474187030 4.395668983459473 32699
1763474240349 4.399708271026611 32999
1763474296246 4.4319233894348145 33299
1763474351017 4.269820690155029 33599
1763474406316 4.317086219787598 33899
1763474462796 4.3283586502075195 34199
1763474521607 4.301849842071533 34499
1763474580813 4.319846153259277 34799
1763474639092 4.285661697387695 35099
