1763468197191 1.7862894535064697 299
1763468250271 1.2180620431900024 599
1763468303277 1.143781065940857 899
1763468356180 1.1118805408477783 1199
1763468409722 1.088173270225525 1499
1763468462831 1.070157766342163 1799
1763468516386 1.0602673292160034 2099
1763468570202 1.0585843324661255 2399
1763468623602 1.0577017068862915 2699
1763468676733 1.05624520778656 2999
1763468729872 1.0488554239273071 3299
1763468783143 1.0300372838974 3599
1763468836262 1.0229398012161255 3899
1763468889929 1.0242522954940796 4199
1763468943563 1.018263578414917 4499
1763468997122 1.0095494985580444 4799
1763469050236 1.023770809173584 5099
1763469103433 1.0223395824432373 5399
1763469156604 1.0027587413787842 5699
1763469209721 1.012427806854248 5999
1763469263460 1.0169756412506104 6299
1763469316938 1.0069489479064941 6599
1763469370501 0.993835985660553 6899
1763469423558 1.0032119750976562 7199
1763469476858 1.000874638557434 7499
1763469529928 1.0154937505722046 7799
1763469583486 0.9862580895423889 8099
1763469637191 0.991794764995575 8399
1763469690771 0.9958138465881348 8699
1763469744080 0.993590772151947 8999
1763469797246 0.9941864013671875 9299
1763469850683 1.00822913646698 9599
1763469903706 0.990614116191864 9899
1763469957412 0.9907361268997192 10199
1763470011232 0.9875880479812622 10499
1763470064833 0.9911004900932312 10799
1763470118015 0.9950385093688965 11099
1763470171546 0.9889885783195496 11399
1763470224835 0.9810134768486023 11699
1763470277974 0.9807279109954834 11999
1763470334855 0.9545443654060364 12299
1763470392074 0.9469558000564575 12599
1763470449001 0.9512262940406799 12899
1763470506081 0.9490001201629639 13199
1763470562716 0.9461848139762878 13499
1763470618951 0.9441530108451843 13799
1763470676215 0.948607861995697 14099
1763470733042 0.9547362923622131 14399
1763470790001 0.952288031578064 14699
1763470846781 0.9471777677536011 14999
1763470903316 0.9508209228515625 15299
1763470959665 0.9457041025161743 15599
1763471016275 0.9473899602890015 15899
1763471073103 0.9533709287643433 16199
1763471129765 0.9465654492378235 16499
1763471186433 0.9482333064079285 16799
1763471242782 0.9454740285873413 17099
1763471298896 0.9516939520835876 17399
1763471355866 0.9492827653884888 17699
1763471413038 0.9542086124420166 17999
1763471471442 0.9401987195014954 18299
1763471528931 0.9344255328178406 18599
1763471586026 0.9349744319915771 18899
1763471642886 0.9333634376525879 19199
1763471698910 0.9345228672027588 19499
1763471758277 0.9307482242584229 19799
1763471815950 0.9355919361114502 20099
1763471871694 0.9352267980575562 20399
1763471928859 0.9322187304496765 20699
1763471988080 0.937977135181427 20999
1763472047751 0.9344659447669983 21299
1763472106614 0.9361748099327087 21599
1763472165833 0.9372334480285645 21899
1763472224945 0.9350032210350037 22199
1763472283605 0.9385825395584106 22499
1763472342016 0.9371007084846497 22799
1763472400024 0.9335331320762634 23099
1763472458121 0.9405739903450012 23399
1763472516420 0.9339020252227783 23699
1763472575275 0.9358314275741577 23999
1763472633324 0.9368628263473511 24299
1763472691175 0.9335196614265442 24599
1763472748978 0.9360861778259277 24899
1763472807434 0.9373958110809326 25199
1763472865193 0.9349800944328308 25499
1763472922211 0.936182975769043 25799
1763472980858 0.9354934096336365 26099
1763473039281 0.9353452324867249 26399
1763473097692 0.9391415119171143 26699
1763473155742 0.9348415732383728 26999
1763473213277 0.9347487688064575 27299
1763473270759 0.9369794726371765 27599
1763473328886 0.9322329163551331 27899
1763473382168 0.9372722506523132 28199
1763473435333 0.9389781951904297 28499
1763473488276 0.9398272633552551 28799
1763473541753 0.9372191429138184 29099
1763473595491 0.937938392162323 29399
1763473649029 0.9329834580421448 29699
1763473702488 0.9341399669647217 29999
1763473755744 0.931952714920044 30299
1763473809114 0.9321044683456421 30599
1763473862135 0.9349910616874695 30899
1763473915611 0.9307861924171448 31199
1763473969363 0.9347121715545654 31499
1763474023755 0.9285804033279419 31799
1763474078789 0.9324480295181274 32099
1763474133454 0.93393474817276 32399
1763474187030 0.9332193732261658 32699
1763474240349 0.9341343641281128 32999
1763474296246 0.932671308517456 33299
1763474351017 0.9343289732933044 33599
1763474406316 0.9302384257316589 33899
1763474462796 0.934492826461792 34199
1763474521607 0.9362772703170776 34499
1763474580813 0.9335961937904358 34799
1763474639092 0.9336920976638794 35099
