1763468197191 2.5080814361572266 299
1763468250271 2.0251071453094482 599
1763468303277 1.9216985702514648 899
1763468356180 1.887329339981079 1199
1763468409722 1.8528649806976318 1499
1763468462831 1.8257513046264648 1799
1763468516386 1.8163836002349854 2099
1763468570202 1.7932844161987305 2399
1763468623602 1.773254632949829 2699
1763468676733 1.7857011556625366 2999
1763468729872 1.7775866985321045 3299
1763468783143 1.750974178314209 3599
1763468836262 1.7364213466644287 3899
1763468889929 1.7352348566055298 4199
1763468943563 1.7203397750854492 4499
1763468997122 1.723541498184204 4799
1763469050236 1.7220063209533691 5099
1763469103433 1.725339651107788 5399
1763469156604 1.7075185775756836 5699
1763469209721 1.7115356922149658 5999
1763469263460 1.7033823728561401 6299
1763469316938 1.6934608221054077 6599
1763469370501 1.6821502447128296 6899
1763469423558 1.6940001249313354 7199
1763469476858 1.6923761367797852 7499
1763469529928 1.6889303922653198 7799
1763469583486 1.6842206716537476 8099
1763469637191 1.673251748085022 8399
1763469690771 1.6753407716751099 8699
1763469744080 1.6732594966888428 8999
1763469797246 1.6675618886947632 9299
1763469850683 1.6818231344223022 9599
1763469903706 1.6659966707229614 9899
1763469957412 1.6601955890655518 10199
1763470011232 1.6575815677642822 10499
1763470064833 1.6578086614608765 10799
1763470118015 1.660610318183899 11099
1763470171546 1.6509754657745361 11399
1763470224835 1.6477937698364258 11699
1763470277974 1.640156626701355 11999
1763470334855 1.613683819770813 12299
1763470392074 1.6027491092681885 12599
1763470449001 1.600966215133667 12899
1763470506081 1.6055158376693726 13199
1763470562716 1.60020911693573 13499
1763470618951 1.5953434705734253 13799
1763470676215 1.6014283895492554 14099
1763470733042 1.6029654741287231 14399
1763470790001 1.597766399383545 14699
1763470846781 1.5958826541900635 14999
1763470903316 1.6059125661849976 15299
1763470959665 1.5911078453063965 15599
1763471016275 1.6019089221954346 15899
1763471073103 1.5902025699615479 16199
1763471129765 1.5897053480148315 16499
1763471186433 1.5923001766204834 16799
1763471242782 1.591393232345581 17099
1763471298896 1.5929917097091675 17399
1763471355866 1.5830926895141602 17699
1763471413038 1.5891112089157104 17999
1763471471442 1.5704803466796875 18299
1763471528931 1.5746701955795288 18599
1763471586026 1.5687153339385986 18899
1763471642886 1.5725746154785156 19199
1763471698910 1.5679872035980225 19499
1763471758277 1.5693899393081665 19799
1763471815950 1.5708584785461426 20099
1763471871694 1.568047285079956 20399
1763471928859 1.569750428199768 20699
1763471988080 1.565521001815796 20999
1763472047751 1.5657073259353638 21299
1763472106614 1.5651943683624268 21599
1763472165833 1.5685334205627441 21899
1763472224945 1.5685440301895142 22199
1763472283605 1.5675251483917236 22499
1763472342016 1.5724339485168457 22799
1763472400024 1.565163254737854 23099
1763472458121 1.5670945644378662 23399
1763472516420 1.5674183368682861 23699
1763472575275 1.560080885887146 23999
1763472633324 1.565247654914856 24299
1763472691175 1.5615973472595215 24599
1763472748978 1.5709830522537231 24899
1763472807434 1.5591059923171997 25199
1763472865193 1.566219687461853 25499
1763472922211 1.5659524202346802 25799
1763472980858 1.5660797357559204 26099
1763473039281 1.5709794759750366 26399
1763473097692 1.5547088384628296 26699
1763473155742 1.5699526071548462 26999
1763473213277 1.5632538795471191 27299
1763473270759 1.5631160736083984 27599
1763473328886 1.5577133893966675 27899
1763473382168 1.5633549690246582 28199
1763473435333 1.5626935958862305 28499
1763473488276 1.5612757205963135 28799
1763473541753 1.5635488033294678 29099
1763473595491 1.5629124641418457 29399
1763473649029 1.5515551567077637 29699
1763473702488 1.5643123388290405 29999
1763473755744 1.5533896684646606 30299
1763473809114 1.559511423110962 30599
1763473862135 1.5564380884170532 30899
1763473915611 1.5495022535324097 31199
1763473969363 1.552868366241455 31499
1763474023755 1.553022027015686 31799
1763474078789 1.5536755323410034 32099
1763474133454 1.5520678758621216 32399
1763474187030 1.5530368089675903 32699
1763474240349 1.5486841201782227 32999
1763474296246 1.5503777265548706 33299
1763474351017 1.549972653388977 33599
1763474406316 1.5472233295440674 33899
1763474462796 1.5505999326705933 34199
1763474521607 1.548444151878357 34499
1763474580813 1.5516949892044067 34799
1763474639092 1.5469974279403687 35099
