1763468197191 2.490701198577881 299
1763468250271 2.130048990249634 599
1763468303277 2.0428268909454346 899
1763468356180 2.0196187496185303 1199
1763468409722 1.9931610822677612 1499
1763468462831 1.9635754823684692 1799
1763468516386 1.9561201333999634 2099
1763468570202 1.9396491050720215 2399
1763468623602 1.9178478717803955 2699
1763468676733 1.9301263093948364 2999
1763468729872 1.9307053089141846 3299
1763468783143 1.9047621488571167 3599
1763468836262 1.881962776184082 3899
1763468889929 1.8818333148956299 4199
1763468943563 1.8692289590835571 4499
1763468997122 1.8751492500305176 4799
1763469050236 1.869067668914795 5099
1763469103433 1.8705592155456543 5399
1763469156604 1.8530285358428955 5699
1763469209721 1.8512471914291382 5999
1763469263460 1.8423641920089722 6299
1763469316938 1.8342491388320923 6599
1763469370501 1.8233642578125 6899
1763469423558 1.8436317443847656 7199
1763469476858 1.8319487571716309 7499
1763469529928 1.8238078355789185 7799
1763469583486 1.8368487358093262 8099
1763469637191 1.8202840089797974 8399
1763469690771 1.8244407176971436 8699
1763469744080 1.8245540857315063 8999
1763469797246 1.8069556951522827 9299
1763469850683 1.8205323219299316 9599
1763469903706 1.801589846611023 9899
1763469957412 1.797289252281189 10199
1763470011232 1.7966750860214233 10499
1763470064833 1.8040809631347656 10799
1763470118015 1.8056520223617554 11099
1763470171546 1.7941913604736328 11399
1763470224835 1.79358971118927 11699
1763470277974 1.7808233499526978 11999
1763470334855 1.7643288373947144 12299
1763470392074 1.7462722063064575 12599
1763470449001 1.746302843093872 12899
1763470506081 1.7498689889907837 13199
1763470562716 1.7419986724853516 13499
1763470618951 1.7386553287506104 13799
1763470676215 1.75200617313385 14099
1763470733042 1.7429758310317993 14399
1763470790001 1.7392109632492065 14699
1763470846781 1.7380658388137817 14999
1763470903316 1.7499120235443115 15299
1763470959665 1.7307041883468628 15599
1763471016275 1.7479197978973389 15899
1763471073103 1.7279537916183472 16199
1763471129765 1.7322784662246704 16499
1763471186433 1.7289975881576538 16799
1763471242782 1.7415440082550049 17099
1763471298896 1.7284083366394043 17399
1763471355866 1.7219499349594116 17699
1763471413038 1.7218239307403564 17999
1763471471442 1.7122302055358887 18299
1763471528931 1.7252649068832397 18599
1763471586026 1.7107501029968262 18899
1763471642886 1.7181010246276855 19199
1763471698910 1.7070850133895874 19499
1763471758277 1.707774043083191 19799
1763471815950 1.71182119846344 20099
1763471871694 1.7097440958023071 20399
1763471928859 1.719750165939331 20699
1763471988080 1.7054394483566284 20999
1763472047751 1.706520915031433 21299
1763472106614 1.7093944549560547 21599
1763472165833 1.7073532342910767 21899
1763472224945 1.7148678302764893 22199
1763472283605 1.7138012647628784 22499
1763472342016 1.7123621702194214 22799
1763472400024 1.7023652791976929 23099
1763472458121 1.7093524932861328 23399
1763472516420 1.7080650329589844 23699
1763472575275 1.6962456703186035 23999
1763472633324 1.7060985565185547 24299
1763472691175 1.7017161846160889 24599
1763472748978 1.7119336128234863 24899
1763472807434 1.6989902257919312 25199
1763472865193 1.7071995735168457 25499
1763472922211 1.7120364904403687 25799
1763472980858 1.711621880531311 26099
1763473039281 1.7176029682159424 26399
1763473097692 1.693662166595459 26699
1763473155742 1.7180975675582886 26999
1763473213277 1.7044090032577515 27299
1763473270759 1.7062443494796753 27599
1763473328886 1.7006783485412598 27899
1763473382168 1.700721025466919 28199
1763473435333 1.701436996459961 28499
1763473488276 1.6973867416381836 28799
1763473541753 1.70399808883667 29099
1763473595491 1.7028523683547974 29399
1763473649029 1.6945723295211792 29699
1763473702488 1.7063360214233398 29999
1763473755744 1.689749836921692 30299
1763473809114 1.7030725479125977 30599
1763473862135 1.6944069862365723 30899
1763473915611 1.6953009366989136 31199
1763473969363 1.6896586418151855 31499
1763474023755 1.696366310119629 31799
1763474078789 1.691874623298645 32099
1763474133454 1.6910748481750488 32399
1763474187030 1.6878331899642944 32699
1763474240349 1.6866905689239502 32999
1763474296246 1.691208839416504 33299
1763474351017 1.6866459846496582 33599
1763474406316 1.6812841892242432 33899
1763474462796 1.690582275390625 34199
1763474521607 1.6818971633911133 34499
1763474580813 1.6909631490707397 34799
1763474639092 1.6844087839126587 35099
