1763468197191 11.32430362701416 299
1763468250271 9.471915245056152 599
1763468303277 9.462775230407715 899
1763468356180 9.246110916137695 1199
1763468409722 9.035518646240234 1499
1763468462831 9.034117698669434 1799
1763468516386 9.057861328125 2099
1763468570202 8.645027160644531 2399
1763468623602 8.58228874206543 2699
1763468676733 8.880376815795898 2999
1763468729872 8.7207612991333 3299
1763468783143 8.437017440795898 3599
1763468836262 8.502937316894531 3899
1763468889929 8.403552055358887 4199
1763468943563 8.238449096679688 4499
1763468997122 8.223180770874023 4799
1763469050236 8.372798919677734 5099
1763469103433 8.341571807861328 5399
1763469156604 8.374056816101074 5699
1763469209721 8.063702583312988 5999
1763469263460 7.986982822418213 6299
1763469316938 8.069149017333984 6599
1763469370501 7.929936408996582 6899
1763469423558 8.001749992370605 7199
1763469476858 7.99690580368042 7499
1763469529928 8.226218223571777 7799
1763469583486 7.806445598602295 8099
1763469637191 7.8127360343933105 8399
1763469690771 7.757937908172607 8699
1763469744080 7.578358173370361 8999
1763469797246 7.817337512969971 9299
1763469850683 7.856452941894531 9599
1763469903706 7.818541049957275 9899
1763469957412 7.742592811584473 10199
1763470011232 7.818763732910156 10499
1763470064833 7.629693031311035 10799
1763470118015 7.811163425445557 11099
1763470171546 7.644210338592529 11399
1763470224835 7.781366348266602 11699
1763470277974 7.41715669631958 11999
1763470334855 7.33928108215332 12299
1763470392074 7.6771464347839355 12599
1763470449001 7.3552327156066895 12899
1763470506081 7.355783939361572 13199
1763470562716 7.4775519371032715 13499
1763470618951 7.582880020141602 13799
1763470676215 7.290605545043945 14099
1763470733042 7.339041233062744 14399
1763470790001 7.33571195602417 14699
1763470846781 7.375298023223877 14999
1763470903316 7.33750581741333 15299
1763470959665 7.463269233703613 15599
1763471016275 7.4062981605529785 15899
1763471073103 7.338736057281494 16199
1763471129765 7.243988037109375 16499
1763471186433 7.336976051330566 16799
1763471242782 7.1197614669799805 17099
1763471298896 7.347620010375977 17399
1763471355866 7.097993850708008 17699
1763471413038 7.247225761413574 17999
1763471471442 7.226224422454834 18299
1763471528931 7.124837875366211 18599
1763471586026 7.192202091217041 18899
1763471642886 7.2518134117126465 19199
1763471698910 7.121087074279785 19499
1763471758277 7.166295528411865 19799
1763471815950 7.044697284698486 20099
1763471871694 7.053122520446777 20399
1763471928859 7.143465518951416 20699
1763471988080 7.210734844207764 20999
1763472047751 7.358312606811523 21299
1763472106614 7.056472301483154 21599
1763472165833 7.097280025482178 21899
1763472224945 7.134994029998779 22199
1763472283605 7.314718246459961 22499
1763472342016 7.301774024963379 22799
1763472400024 7.391952037811279 23099
1763472458121 6.979700565338135 23399
1763472516420 7.3615803718566895 23699
1763472575275 7.09536600112915 23999
1763472633324 7.07105827331543 24299
1763472691175 7.073793888092041 24599
1763472748978 7.110489368438721 24899
1763472807434 7.02858829498291 25199
1763472865193 7.088142395019531 25499
1763472922211 7.198070526123047 25799
1763472980858 6.902836799621582 26099
1763473039281 7.060225009918213 26399
1763473097692 6.759509086608887 26699
1763473155742 7.164416313171387 26999
1763473213277 7.132936477661133 27299
1763473270759 6.955132961273193 27599
1763473328886 7.129117012023926 27899
1763473382168 6.854175567626953 28199
1763473435333 7.060303211212158 28499
1763473488276 6.963175296783447 28799
1763473541753 7.124424457550049 29099
1763473595491 6.974877834320068 29399
1763473649029 6.9952497482299805 29699
1763473702488 7.215223789215088 29999
1763473755744 6.991427421569824 30299
1763473809114 6.880616188049316 30599
1763473862135 6.996515274047852 30899
1763473915611 6.875819683074951 31199
1763473969363 7.053569316864014 31499
1763474023755 7.09031867980957 31799
1763474078789 7.092739105224609 32099
1763474133454 6.842892169952393 32399
1763474187030 7.00095796585083 32699
1763474240349 7.0476393699646 32999
1763474296246 7.150191307067871 33299
1763474351017 6.861487865447998 33599
1763474406316 6.922135829925537 33899
1763474462796 6.897623538970947 34199
1763474521607 6.861786365509033 34499
1763474580813 6.948444843292236 34799
1763474639092 6.753416538238525 35099
