1763468197191 1.9913089275360107 299
1763468250271 1.4636346101760864 599
1763468303277 1.3704336881637573 899
1763468356180 1.3360244035720825 1199
1763468409722 1.2994853258132935 1499
1763468462831 1.2832777500152588 1799
1763468516386 1.2661749124526978 2099
1763468570202 1.2592061758041382 2399
1763468623602 1.246126413345337 2699
1763468676733 1.2492401599884033 2999
1763468729872 1.242276668548584 3299
1763468783143 1.2210161685943604 3599
1763468836262 1.2167341709136963 3899
1763468889929 1.2115328311920166 4199
1763468943563 1.206987977027893 4499
1763468997122 1.1974847316741943 4799
1763469050236 1.206351399421692 5099
1763469103433 1.2108023166656494 5399
1763469156604 1.1894105672836304 5699
1763469209721 1.2011641263961792 5999
1763469263460 1.2044548988342285 6299
1763469316938 1.1883727312088013 6599
1763469370501 1.1790715456008911 6899
1763469423558 1.1844128370285034 7199
1763469476858 1.186511516571045 7499
1763469529928 1.1941123008728027 7799
1763469583486 1.1758031845092773 8099
1763469637191 1.1715130805969238 8399
1763469690771 1.1769729852676392 8699
1763469744080 1.1753298044204712 8999
1763469797246 1.1744930744171143 9299
1763469850683 1.1876375675201416 9599
1763469903706 1.1705021858215332 9899
1763469957412 1.169467806816101 10199
1763470011232 1.1645103693008423 10499
1763470064833 1.167962670326233 10799
1763470118015 1.173087239265442 11099
1763470171546 1.16153085231781 11399
1763470224835 1.1569892168045044 11699
1763470277974 1.1553294658660889 11999
1763470334855 1.123684048652649 12299
1763470392074 1.1152228116989136 12599
1763470449001 1.1232134103775024 12899
1763470506081 1.1212736368179321 13199
1763470562716 1.1146633625030518 13499
1763470618951 1.1178702116012573 13799
1763470676215 1.1174890995025635 14099
1763470733042 1.126538634300232 14399
1763470790001 1.119599461555481 14699
1763470846781 1.117010474205017 14999
1763470903316 1.1195652484893799 15299
1763470959665 1.1137816905975342 15599
1763471016275 1.1170339584350586 15899
1763471073103 1.121450662612915 16199
1763471129765 1.111657738685608 16499
1763471186433 1.1176228523254395 16799
1763471242782 1.1109230518341064 17099
1763471298896 1.1186063289642334 17399
1763471355866 1.1134274005889893 17699
1763471413038 1.118202805519104 17999
1763471471442 1.1059670448303223 18299
1763471528931 1.0975568294525146 18599
1763471586026 1.099116563796997 18899
1763471642886 1.0980463027954102 19199
1763471698910 1.0986262559890747 19499
1763471758277 1.096913456916809 19799
1763471815950 1.100931167602539 20099
1763471871694 1.0979620218276978 20399
1763471928859 1.0970209836959839 20699
1763471988080 1.0974072217941284 20999
1763472047751 1.0972541570663452 21299
1763472106614 1.0992695093154907 21599
1763472165833 1.1057746410369873 21899
1763472224945 1.098870873451233 22199
1763472283605 1.100939393043518 22499
1763472342016 1.0978604555130005 22799
1763472400024 1.0955265760421753 23099
1763472458121 1.1023026704788208 23399
1763472516420 1.0971297025680542 23699
1763472575275 1.0993481874465942 23999
1763472633324 1.1000316143035889 24299
1763472691175 1.0967479944229126 24599
1763472748978 1.0981863737106323 24899
1763472807434 1.1000988483428955 25199
1763472865193 1.0999150276184082 25499
1763472922211 1.0982160568237305 25799
1763472980858 1.0991225242614746 26099
1763473039281 1.0981522798538208 26399
1763473097692 1.1017004251480103 26699
1763473155742 1.09212064743042 26999
1763473213277 1.097610592842102 27299
1763473270759 1.1003258228302002 27599
1763473328886 1.0919939279556274 27899
1763473382168 1.100557804107666 28199
1763473435333 1.0998326539993286 28499
1763473488276 1.101508617401123 28799
1763473541753 1.0974162817001343 29099
1763473595491 1.1030731201171875 29399
1763473649029 1.0923043489456177 29699
1763473702488 1.0961977243423462 29999
1763473755744 1.0925706624984741 30299
1763473809114 1.0942964553833008 30599
1763473862135 1.0926859378814697 30899
1763473915611 1.0885088443756104 31199
1763473969363 1.093414306640625 31499
1763474023755 1.0881376266479492 31799
1763474078789 1.0897265672683716 32099
1763474133454 1.0929880142211914 32399
1763474187030 1.0938594341278076 32699
1763474240349 1.090603232383728 32999
1763474296246 1.0921181440353394 33299
1763474351017 1.0934791564941406 33599
1763474406316 1.088436484336853 33899
1763474462796 1.0903184413909912 34199
1763474521607 1.0986335277557373 34499
1763474580813 1.0939151048660278 34799
1763474639092 1.0935966968536377 35099
