1763468197191 1.8969942331314087 299
1763468250271 1.2559382915496826 599
1763468303277 1.1783827543258667 899
1763468356180 1.143693447113037 1199
1763468409722 1.1178613901138306 1499
1763468462831 1.099280834197998 1799
1763468516386 1.0898233652114868 2099
1763468570202 1.0864149332046509 2399
1763468623602 1.08555269241333 2699
1763468676733 1.0850319862365723 2999
1763468729872 1.0780597925186157 3299
1763468783143 1.0568041801452637 3599
1763468836262 1.050993800163269 3899
1763468889929 1.0512371063232422 4199
1763468943563 1.0449585914611816 4499
1763468997122 1.0361137390136719 4799
1763469050236 1.0505555868148804 5099
1763469103433 1.0500701665878296 5399
1763469156604 1.0292916297912598 5699
1763469209721 1.0393836498260498 5999
1763469263460 1.043837070465088 6299
1763469316938 1.0337886810302734 6599
1763469370501 1.019710659980774 6899
1763469423558 1.0292450189590454 7199
1763469476858 1.0266730785369873 7499
1763469529928 1.0429710149765015 7799
1763469583486 1.0119878053665161 8099
1763469637191 1.0167516469955444 8399
1763469690771 1.0211116075515747 8699
1763469744080 1.0180938243865967 8999
1763469797246 1.0197341442108154 9299
1763469850683 1.034307837486267 9599
1763469903706 1.0161219835281372 9899
1763469957412 1.0156656503677368 10199
1763470011232 1.0130447149276733 10499
1763470064833 1.016706943511963 10799
1763470118015 1.021055817604065 11099
1763470171546 1.0136500597000122 11399
1763470224835 1.0059350728988647 11699
1763470277974 1.0049644708633423 11999
1763470334855 0.9775980710983276 12299
1763470392074 0.9705862998962402 12599
1763470449001 0.9739710092544556 12899
1763470506081 0.9721965193748474 13199
1763470562716 0.9695260524749756 13499
1763470618951 0.9678864479064941 13799
1763470676215 0.9712823033332825 14099
1763470733042 0.9772776961326599 14399
1763470790001 0.9752953052520752 14699
1763470846781 0.9702218174934387 14999
1763470903316 0.9740014672279358 15299
1763470959665 0.9689083099365234 15599
1763471016275 0.9707867503166199 15899
1763471073103 0.9763779044151306 16199
1763471129765 0.9697685837745667 16499
1763471186433 0.9708474278450012 16799
1763471242782 0.9684513211250305 17099
1763471298896 0.9750795960426331 17399
1763471355866 0.9720746874809265 17699
1763471413038 0.9775954484939575 17999
1763471471442 0.9622592329978943 18299
1763471528931 0.9567435383796692 18599
1763471586026 0.9572678208351135 18899
1763471642886 0.955644965171814 19199
1763471698910 0.9567835927009583 19499
1763471758277 0.9530861973762512 19799
1763471815950 0.958102822303772 20099
1763471871694 0.9577438235282898 20399
1763471928859 0.9543870687484741 20699
1763471988080 0.960193932056427 20999
1763472047751 0.9570485949516296 21299
1763472106614 0.95805424451828 21599
1763472165833 0.9594558477401733 21899
1763472224945 0.9575527906417847 22199
1763472283605 0.9607004523277283 22499
1763472342016 0.9599766135215759 22799
1763472400024 0.9559653997421265 23099
1763472458121 0.9628539085388184 23399
1763472516420 0.9572036862373352 23699
1763472575275 0.9582285284996033 23999
1763472633324 0.9592908620834351 24299
1763472691175 0.9558429718017578 24599
1763472748978 0.958629846572876 24899
1763472807434 0.9599056243896484 25199
1763472865193 0.9572269320487976 25499
1763472922211 0.9587986469268799 25799
1763472980858 0.9572373628616333 26099
1763473039281 0.9579421877861023 26399
1763473097692 0.9609828591346741 26699
1763473155742 0.9575503468513489 26999
1763473213277 0.9571488499641418 27299
1763473270759 0.9592176079750061 27599
1763473328886 0.9549798965454102 27899
1763473382168 0.9594589471817017 28199
1763473435333 0.9617176055908203 28499
1763473488276 0.9621558785438538 28799
1763473541753 0.9597097039222717 29099
1763473595491 0.9604206085205078 29399
1763473649029 0.9554612636566162 29699
1763473702488 0.9571530818939209 29999
1763473755744 0.9544070959091187 30299
1763473809114 0.9535207152366638 30599
1763473862135 0.9575287103652954 30899
1763473915611 0.9528011083602905 31199
1763473969363 0.9567135572433472 31499
1763474023755 0.9512070417404175 31799
1763474078789 0.9550595283508301 32099
1763474133454 0.955636739730835 32399
1763474187030 0.9555209279060364 32699
1763474240349 0.9564581513404846 32999
1763474296246 0.9555479288101196 33299
1763474351017 0.9561509490013123 33599
1763474406316 0.9525362849235535 33899
1763474462796 0.9563122391700745 34199
1763474521607 0.9581560492515564 34499
1763474580813 0.9559662938117981 34799
1763474639092 0.9561282992362976 35099
