1763468197191 11.452585220336914 299
1763468250271 7.166415691375732 599
1763468303277 6.514626979827881 899
1763468356180 6.308897018432617 1199
1763468409722 6.096395015716553 1499
1763468462831 5.953986644744873 1799
1763468516386 5.889026165008545 2099
1763468570202 5.758946418762207 2399
1763468623602 5.618449687957764 2699
1763468676733 5.7119340896606445 2999
1763468729872 5.65802001953125 3299
1763468783143 5.509452819824219 3599
1763468836262 5.416420936584473 3899
1763468889929 5.402731418609619 4199
1763468943563 5.317203044891357 4499
1763468997122 5.350831508636475 4799
1763469050236 5.324414253234863 5099
1763469103433 5.332314491271973 5399
1763469156604 5.245258808135986 5699
1763469209721 5.251621246337891 5999
1763469263460 5.2032647132873535 6299
1763469316938 5.164525032043457 6599
1763469370501 5.101515293121338 6899
1763469423558 5.176869869232178 7199
1763469476858 5.1477952003479 7499
1763469529928 5.130852222442627 7799
1763469583486 5.115522861480713 8099
1763469637191 5.041491508483887 8399
1763469690771 5.052132606506348 8699
1763469744080 5.037684917449951 8999
1763469797246 5.012584686279297 9299
1763469850683 5.075814247131348 9599
1763469903706 4.99614953994751 9899
1763469957412 4.961958885192871 10199
1763470011232 4.9474310874938965 10499
1763470064833 4.938408374786377 10799
1763470118015 4.968446254730225 11099
1763470171546 4.918446063995361 11399
1763470224835 4.894506931304932 11699
1763470277974 4.858041286468506 11999
1763470334855 4.732391834259033 12299
1763470392074 4.656265735626221 12599
1763470449001 4.649284839630127 12899
1763470506081 4.685665130615234 13199
1763470562716 4.638183116912842 13499
1763470618951 4.621440887451172 13799
1763470676215 4.661372661590576 14099
1763470733042 4.662424087524414 14399
1763470790001 4.634174823760986 14699
1763470846781 4.621605396270752 14999
1763470903316 4.677835464477539 15299
1763470959665 4.599795341491699 15599
1763471016275 4.666254997253418 15899
1763471073103 4.579057216644287 16199
1763471129765 4.587898254394531 16499
1763471186433 4.598632335662842 16799
1763471242782 4.59797477722168 17099
1763471298896 4.592950820922852 17399
1763471355866 4.539535045623779 17699
1763471413038 4.572292804718018 17999
1763471471442 4.480854034423828 18299
1763471528931 4.530869483947754 18599
1763471586026 4.467380523681641 18899
1763471642886 4.503641128540039 19199
1763471698910 4.464634418487549 19499
1763471758277 4.472146034240723 19799
1763471815950 4.483863353729248 20099
1763471871694 4.474547386169434 20399
1763471928859 4.4911909103393555 20699
1763471988080 4.451120376586914 20999
1763472047751 4.4575653076171875 21299
1763472106614 4.457004070281982 21599
1763472165833 4.479388236999512 21899
1763472224945 4.472407341003418 22199
1763472283605 4.462531089782715 22499
1763472342016 4.502066135406494 22799
1763472400024 4.455763816833496 23099
1763472458121 4.465548992156982 23399
1763472516420 4.476282119750977 23699
1763472575275 4.415075778961182 23999
1763472633324 4.467123031616211 24299
1763472691175 4.42781925201416 24599
1763472748978 4.505545616149902 24899
1763472807434 4.422871112823486 25199
1763472865193 4.459434509277344 25499
1763472922211 4.466297626495361 25799
1763472980858 4.464097499847412 26099
1763473039281 4.498330593109131 26399
1763473097692 4.389861106872559 26699
1763473155742 4.495090007781982 26999
1763473213277 4.437092304229736 27299
1763473270759 4.445896625518799 27599
1763473328886 4.413414001464844 27899
1763473382168 4.453258037567139 28199
1763473435333 4.43121862411499 28499
1763473488276 4.430146217346191 28799
1763473541753 4.454995155334473 29099
1763473595491 4.4355669021606445 29399
1763473649029 4.373190879821777 29699
1763473702488 4.455073833465576 29999
1763473755744 4.391350746154785 30299
1763473809114 4.42978048324585 30599
1763473862135 4.40810489654541 30899
1763473915611 4.363083839416504 31199
1763473969363 4.3848347663879395 31499
1763474023755 4.3827805519104 31799
1763474078789 4.3940629959106445 32099
1763474133454 4.387920379638672 32399
1763474187030 4.380465507507324 32699
1763474240349 4.363973140716553 32999
1763474296246 4.372561931610107 33299
1763474351017 4.369269371032715 33599
1763474406316 4.34945821762085 33899
1763474462796 4.381654262542725 34199
1763474521607 4.355350017547607 34499
1763474580813 4.366026401519775 34799
1763474639092 4.3412017822265625 35099
