1763468197191 2.419539213180542 299
1763468250271 2.0039288997650146 599
1763468303277 1.8845124244689941 899
1763468356180 1.840887188911438 1199
1763468409722 1.8158502578735352 1499
1763468462831 1.7771902084350586 1799
1763468516386 1.7792420387268066 2099
1763468570202 1.7456549406051636 2399
1763468623602 1.728691816329956 2699
1763468676733 1.742519497871399 2999
1763468729872 1.738918662071228 3299
1763468783143 1.703633427619934 3599
1763468836262 1.6910732984542847 3899
1763468889929 1.696260690689087 4199
1763468943563 1.6724640130996704 4499
1763468997122 1.689137578010559 4799
1763469050236 1.677150011062622 5099
1763469103433 1.6874881982803345 5399
1763469156604 1.6656895875930786 5699
1763469209721 1.6779747009277344 5999
1763469263460 1.6552720069885254 6299
1763469316938 1.6499959230422974 6599
1763469370501 1.6384612321853638 6899
1763469423558 1.6492503881454468 7199
1763469476858 1.655564308166504 7499
1763469529928 1.6439485549926758 7799
1763469583486 1.6419851779937744 8099
1763469637191 1.6324610710144043 8399
1763469690771 1.629797339439392 8699
1763469744080 1.6319340467453003 8999
1763469797246 1.6319949626922607 9299
1763469850683 1.6435527801513672 9599
1763469903706 1.6268454790115356 9899
1763469957412 1.6184685230255127 10199
1763470011232 1.621668815612793 10499
1763470064833 1.621372103691101 10799
1763470118015 1.6139187812805176 11099
1763470171546 1.6096758842468262 11399
1763470224835 1.6063185930252075 11699
1763470277974 1.6020513772964478 11999
1763470334855 1.5780984163284302 12299
1763470392074 1.5678880214691162 12599
1763470449001 1.5546762943267822 12899
1763470506081 1.5681898593902588 13199
1763470562716 1.5641015768051147 13499
1763470618951 1.5544607639312744 13799
1763470676215 1.5660699605941772 14099
1763470733042 1.5647046566009521 14399
1763470790001 1.5541313886642456 14699
1763470846781 1.5585839748382568 14999
1763470903316 1.5693875551223755 15299
1763470959665 1.5511987209320068 15599
1763471016275 1.5614440441131592 15899
1763471073103 1.5528275966644287 16199
1763471129765 1.5517627000808716 16499
1763471186433 1.557321310043335 16799
1763471242782 1.5561403036117554 17099
1763471298896 1.5540140867233276 17399
1763471355866 1.5464674234390259 17699
1763471413038 1.5575551986694336 17999
1763471471442 1.5268656015396118 18299
1763471528931 1.5358903408050537 18599
1763471586026 1.5303162336349487 18899
1763471642886 1.5391377210617065 19199
1763471698910 1.5301607847213745 19499
1763471758277 1.5391448736190796 19799
1763471815950 1.5291589498519897 20099
1763471871694 1.5334484577178955 20399
1763471928859 1.5334140062332153 20699
1763471988080 1.5271896123886108 20999
1763472047751 1.526313304901123 21299
1763472106614 1.5258933305740356 21599
1763472165833 1.529660940170288 21899
1763472224945 1.531239628791809 22199
1763472283605 1.526436686515808 22499
1763472342016 1.534653663635254 22799
1763472400024 1.5326974391937256 23099
1763472458121 1.5315176248550415 23399
1763472516420 1.5347049236297607 23699
1763472575275 1.5245317220687866 23999
1763472633324 1.525793433189392 24299
1763472691175 1.5249249935150146 24599
1763472748978 1.5343592166900635 24899
1763472807434 1.5227259397506714 25199
1763472865193 1.528994083404541 25499
1763472922211 1.5247431993484497 25799
1763472980858 1.5318900346755981 26099
1763473039281 1.5341893434524536 26399
1763473097692 1.516489863395691 26699
1763473155742 1.5386933088302612 26999
1763473213277 1.528367280960083 27299
1763473270759 1.5225998163223267 27599
1763473328886 1.524341344833374 27899
1763473382168 1.527488350868225 28199
1763473435333 1.5262253284454346 28499
1763473488276 1.5266578197479248 28799
1763473541753 1.5274858474731445 29099
1763473595491 1.5264815092086792 29399
1763473649029 1.5147536993026733 29699
1763473702488 1.5261321067810059 29999
1763473755744 1.518507719039917 30299
1763473809114 1.5229045152664185 30599
1763473862135 1.518815279006958 30899
1763473915611 1.5058934688568115 31199
1763473969363 1.511670470237732 31499
1763474023755 1.518253207206726 31799
1763474078789 1.517993450164795 32099
1763474133454 1.5177570581436157 32399
1763474187030 1.5180244445800781 32699
1763474240349 1.5041077136993408 32999
1763474296246 1.5085163116455078 33299
1763474351017 1.5084350109100342 33599
1763474406316 1.512373924255371 33899
1763474462796 1.5114494562149048 34199
1763474521607 1.5104182958602905 34499
1763474580813 1.516891360282898 34799
1763474639092 1.5041635036468506 35099
