1763468197191 2.3714277744293213 299
1763468250271 1.8311067819595337 599
1763468303277 1.6919306516647339 899
1763468356180 1.6533445119857788 1199
1763468409722 1.6065807342529297 1499
1763468462831 1.5812709331512451 1799
1763468516386 1.560850739479065 2099
1763468570202 1.54764723777771 2399
1763468623602 1.5191435813903809 2699
1763468676733 1.5297651290893555 2999
1763468729872 1.522148847579956 3299
1763468783143 1.4955421686172485 3599
1763468836262 1.4851875305175781 3899
1763468889929 1.4789446592330933 4199
1763468943563 1.4689574241638184 4499
1763468997122 1.4665114879608154 4799
1763469050236 1.4655486345291138 5099
1763469103433 1.4721201658248901 5399
1763469156604 1.4525948762893677 5699
1763469209721 1.4655495882034302 5999
1763469263460 1.4616799354553223 6299
1763469316938 1.4425427913665771 6599
1763469370501 1.4386532306671143 6899
1763469423558 1.4439013004302979 7199
1763469476858 1.4464396238327026 7499
1763469529928 1.4495079517364502 7799
1763469583486 1.4387552738189697 8099
1763469637191 1.427099347114563 8399
1763469690771 1.4261705875396729 8699
1763469744080 1.4233307838439941 8999
1763469797246 1.4264919757843018 9299
1763469850683 1.440035343170166 9599
1763469903706 1.4266241788864136 9899
1763469957412 1.4254636764526367 10199
1763470011232 1.4146064519882202 10499
1763470064833 1.4162598848342896 10799
1763470118015 1.4201443195343018 11099
1763470171546 1.4108119010925293 11399
1763470224835 1.4022254943847656 11699
1763470277974 1.402877688407898 11999
1763470334855 1.3668385744094849 12299
1763470392074 1.359368085861206 12599
1763470449001 1.363600254058838 12899
1763470506081 1.3637555837631226 13199
1763470562716 1.3561437129974365 13499
1763470618951 1.3545304536819458 13799
1763470676215 1.3560317754745483 14099
1763470733042 1.3683472871780396 14399
1763470790001 1.3572502136230469 14699
1763470846781 1.3564974069595337 14999
1763470903316 1.3664346933364868 15299
1763470959665 1.3523402214050293 15599
1763471016275 1.362149715423584 15899
1763471073103 1.3579174280166626 16199
1763471129765 1.351216197013855 16499
1763471186433 1.3598623275756836 16799
1763471242782 1.350935697555542 17099
1763471298896 1.3610590696334839 17399
1763471355866 1.3491318225860596 17699
1763471413038 1.3556268215179443 17999
1763471471442 1.3384065628051758 18299
1763471528931 1.3296459913253784 18599
1763471586026 1.3327255249023438 18899
1763471642886 1.33367121219635 19199
1763471698910 1.3341983556747437 19499
1763471758277 1.3373441696166992 19799
1763471815950 1.3394910097122192 20099
1763471871694 1.3358498811721802 20399
1763471928859 1.3291391134262085 20699
1763471988080 1.3299227952957153 20999
1763472047751 1.325178861618042 21299
1763472106614 1.3299719095230103 21599
1763472165833 1.3404191732406616 21899
1763472224945 1.330836296081543 22199
1763472283605 1.3316956758499146 22499
1763472342016 1.3324118852615356 22799
1763472400024 1.3331618309020996 23099
1763472458121 1.3299987316131592 23399
1763472516420 1.3344471454620361 23699
1763472575275 1.3297709226608276 23999
1763472633324 1.3316235542297363 24299
1763472691175 1.3286287784576416 24599
1763472748978 1.3327161073684692 24899
1763472807434 1.3290061950683594 25199
1763472865193 1.3334479331970215 25499
1763472922211 1.3255640268325806 25799
1763472980858 1.333402395248413 26099
1763473039281 1.330109715461731 26399
1763473097692 1.3319326639175415 26699
1763473155742 1.3271657228469849 26999
1763473213277 1.330797791481018 27299
1763473270759 1.3331873416900635 27599
1763473328886 1.3236479759216309 27899
1763473382168 1.3349354267120361 28199
1763473435333 1.329630970954895 28499
1763473488276 1.3338065147399902 28799
1763473541753 1.331349492073059 29099
1763473595491 1.3317800760269165 29399
1763473649029 1.318657398223877 29699
1763473702488 1.3286563158035278 29999
1763473755744 1.3241125345230103 30299
1763473809114 1.3232371807098389 30599
1763473862135 1.3206394910812378 30899
1763473915611 1.3187836408615112 31199
1763473969363 1.3236769437789917 31499
1763474023755 1.3222731351852417 31799
1763474078789 1.3229013681411743 32099
1763474133454 1.3193423748016357 32399
1763474187030 1.3276140689849854 32699
1763474240349 1.3194674253463745 32999
1763474296246 1.3207546472549438 33299
1763474351017 1.3236706256866455 33599
1763474406316 1.3224490880966187 33899
1763474462796 1.3241662979125977 34199
1763474521607 1.3274508714675903 34499
1763474580813 1.320338249206543 34799
1763474639092 1.3223110437393188 35099
