1763468197191 0.28361445665359497 299
1763468250271 0.2290070801973343 599
1763468303277 0.2173118144273758 899
1763468356180 0.21342672407627106 1199
1763468409722 0.20952890813350677 1499
1763468462831 0.20646320283412933 1799
1763468516386 0.2054031640291214 2099
1763468570202 0.2027902901172638 2399
1763468623602 0.2005254179239273 2699
1763468676733 0.20193396508693695 2999
1763468729872 0.2010153979063034 3299
1763468783143 0.19800710678100586 3599
1763468836262 0.19636081159114838 3899
1763468889929 0.19622649252414703 4199
1763468943563 0.19454127550125122 4499
1763468997122 0.19490385055541992 4799
1763469050236 0.19473034143447876 5099
1763469103433 0.19510771334171295 5399
1763469156604 0.19309279322624207 5699
1763469209721 0.19354672729969025 5999
1763469263460 0.19262439012527466 6299
1763469316938 0.1915028691291809 6599
1763469370501 0.1902243047952652 6899
1763469423558 0.19156360626220703 7199
1763469476858 0.1913793832063675 7499
1763469529928 0.19099031388759613 7799
1763469583486 0.19045786559581757 8099
1763469637191 0.189217209815979 8399
1763469690771 0.18945357203483582 8699
1763469744080 0.18921855092048645 8999
1763469797246 0.188572958111763 9299
1763469850683 0.19018790125846863 9599
1763469903706 0.18839645385742188 9899
1763469957412 0.18774037063121796 10199
1763470011232 0.18744462728500366 10499
1763470064833 0.1874709129333496 10799
1763470118015 0.18778802454471588 11099
1763470171546 0.18669934570789337 11399
1763470224835 0.18633818626403809 11699
1763470277974 0.18547402322292328 11999
1763470334855 0.1824820637702942 12299
1763470392074 0.1812441647052765 12599
1763470449001 0.18104298412799835 12899
1763470506081 0.18155735731124878 13199
1763470562716 0.18095698952674866 13499
1763470618951 0.18040788173675537 13799
1763470676215 0.18109562993049622 14099
1763470733042 0.18126900494098663 14399
1763470790001 0.1806807518005371 14699
1763470846781 0.18046864867210388 14999
1763470903316 0.18160223960876465 15299
1763470959665 0.1799275428056717 15599
1763471016275 0.18114981055259705 15899
1763471073103 0.17982496321201324 16199
1763471129765 0.17976976931095123 16499
1763471186433 0.18006397783756256 16799
1763471242782 0.17996002733707428 17099
1763471298896 0.18014028668403625 17399
1763471355866 0.17902277410030365 17699
1763471413038 0.1797029823064804 17999
1763471471442 0.17759619653224945 18299
1763471528931 0.17806987464427948 18599
1763471586026 0.17739543318748474 18899
1763471642886 0.17783212661743164 19199
1763471698910 0.17731338739395142 19499
1763471758277 0.17747314274311066 19799
1763471815950 0.17763815820217133 20099
1763471871694 0.17732079327106476 20399
1763471928859 0.1775127649307251 20699
1763471988080 0.17703476548194885 20999
1763472047751 0.17705684900283813 21299
1763472106614 0.17699740827083588 21599
1763472165833 0.17737513780593872 21899
1763472224945 0.17737680673599243 22199
1763472283605 0.17726199328899384 22499
1763472342016 0.17781604826450348 22799
1763472400024 0.17699456214904785 23099
1763472458121 0.17721158266067505 23399
1763472516420 0.17724932730197906 23699
1763472575275 0.17641955614089966 23999
1763472633324 0.17700287699699402 24299
1763472691175 0.17659157514572144 24599
1763472748978 0.17765188217163086 24899
1763472807434 0.1763099879026413 25199
1763472865193 0.1771136075258255 25499
1763472922211 0.1770833283662796 25799
1763472980858 0.177098348736763 26099
1763473039281 0.17765206098556519 26399
1763473097692 0.17581258714199066 26699
1763473155742 0.17753560841083527 26999
1763473213277 0.17677904665470123 27299
1763473270759 0.1767626404762268 27599
1763473328886 0.17615211009979248 27899
1763473382168 0.1767888069152832 28199
1763473435333 0.17671476304531097 28499
1763473488276 0.1765545755624771 28799
1763473541753 0.1768122762441635 29099
1763473595491 0.1767406314611435 29399
1763473649029 0.17545579373836517 29699
1763473702488 0.17689770460128784 29999
1763473755744 0.17566253244876862 30299
1763473809114 0.17635539174079895 30599
1763473862135 0.17600776255130768 30899
1763473915611 0.1752229928970337 31199
1763473969363 0.1756041795015335 31499
1763474023755 0.17562037706375122 31799
1763474078789 0.17569541931152344 32099
1763474133454 0.17551392316818237 32399
1763474187030 0.17562317848205566 32699
1763474240349 0.17513114213943481 32999
1763474296246 0.17532286047935486 33299
1763474351017 0.17527654767036438 33599
1763474406316 0.17496618628501892 33899
1763474462796 0.17534783482551575 34199
1763474521607 0.1751037985086441 34499
1763474580813 0.17547112703323364 34799
1763474639092 0.17494067549705505 35099
