1763468197191 10.71288776397705 299
1763468250271 8.386006355285645 599
1763468303277 8.270710945129395 899
1763468356180 7.890355587005615 1199
1763468409722 7.580776691436768 1499
1763468462831 7.6043171882629395 1799
1763468516386 7.626027584075928 2099
1763468570202 7.321201324462891 2399
1763468623602 7.067508220672607 2699
1763468676733 7.278327465057373 2999
1763468729872 7.249950885772705 3299
1763468783143 7.036174297332764 3599
1763468836262 7.047224044799805 3899
1763468889929 6.909478187561035 4199
1763468943563 6.850828647613525 4499
1763468997122 6.733883857727051 4799
1763469050236 6.764598846435547 5099
1763469103433 6.848534107208252 5399
1763469156604 6.96942663192749 5699
1763469209721 6.758635997772217 5999
1763469263460 6.70114278793335 6299
1763469316938 6.656589508056641 6599
1763469370501 6.555727958679199 6899
1763469423558 6.6209917068481445 7199
1763469476858 6.49291467666626 7499
1763469529928 6.686463356018066 7799
1763469583486 6.578378200531006 8099
1763469637191 6.421153545379639 8399
1763469690771 6.403521537780762 8699
1763469744080 6.263341903686523 8999
1763469797246 6.3942365646362305 9299
1763469850683 6.485595703125 9599
1763469903706 6.5593647956848145 9899
1763469957412 6.338792324066162 10199
1763470011232 6.432699680328369 10499
1763470064833 6.277984619140625 10799
1763470118015 6.331707954406738 11099
1763470171546 6.4412713050842285 11399
1763470224835 6.332121849060059 11699
1763470277974 6.161269664764404 11999
1763470334855 5.971078395843506 12299
1763470392074 6.186927318572998 12599
1763470449001 5.881308555603027 12899
1763470506081 6.006797790527344 13199
1763470562716 6.138779163360596 13499
1763470618951 6.1825947761535645 13799
1763470676215 5.9166460037231445 14099
1763470733042 5.917561054229736 14399
1763470790001 5.990811347961426 14699
1763470846781 5.959492206573486 14999
1763470903316 5.932741641998291 15299
1763470959665 6.071224212646484 15599
1763471016275 5.982497692108154 15899
1763471073103 5.995118618011475 16199
1763471129765 5.926967144012451 16499
1763471186433 5.899681091308594 16799
1763471242782 5.84803581237793 17099
1763471298896 5.972950458526611 17399
1763471355866 5.779829025268555 17699
1763471413038 5.867659091949463 17999
1763471471442 5.782965660095215 18299
1763471528931 5.782216548919678 18599
1763471586026 5.813091278076172 18899
1763471642886 5.7354207038879395 19199
1763471698910 5.840408802032471 19499
1763471758277 5.700028896331787 19799
1763471815950 5.720510005950928 20099
1763471871694 5.754909515380859 20399
1763471928859 5.815125465393066 20699
1763471988080 5.815340518951416 20999
1763472047751 5.964206695556641 21299
1763472106614 5.716116428375244 21599
1763472165833 5.739140510559082 21899
1763472224945 5.8075151443481445 22199
1763472283605 5.809735298156738 22499
1763472342016 5.853925704956055 22799
1763472400024 5.840388298034668 23099
1763472458121 5.7741169929504395 23399
1763472516420 5.936979293823242 23699
1763472575275 5.757291316986084 23999
1763472633324 5.71529483795166 24299
1763472691175 5.706799507141113 24599
1763472748978 5.7491583824157715 24899
1763472807434 5.634640216827393 25199
1763472865193 5.76479959487915 25499
1763472922211 5.740179538726807 25799
1763472980858 5.593846321105957 26099
1763473039281 5.790152549743652 26399
1763473097692 5.481660842895508 26699
1763473155742 5.725682735443115 26999
1763473213277 5.697806358337402 27299
1763473270759 5.58648681640625 27599
1763473328886 5.702812671661377 27899
1763473382168 5.5371270179748535 28199
1763473435333 5.661921977996826 28499
1763473488276 5.666938304901123 28799
1763473541753 5.689401626586914 29099
1763473595491 5.759035110473633 29399
1763473649029 5.559525489807129 29699
1763473702488 5.776174545288086 29999
1763473755744 5.7220354080200195 30299
1763473809114 5.470114707946777 30599
1763473862135 5.767635345458984 30899
1763473915611 5.565140724182129 31199
1763473969363 5.6925368309021 31499
1763474023755 5.649841785430908 31799
1763474078789 5.6219587326049805 32099
1763474133454 5.6298747062683105 32399
1763474187030 5.684760570526123 32699
1763474240349 5.709270477294922 32999
1763474296246 5.777583122253418 33299
1763474351017 5.568925857543945 33599
1763474406316 5.550989151000977 33899
1763474462796 5.600273609161377 34199
1763474521607 5.5070390701293945 34499
1763474580813 5.538387775421143 34799
1763474639092 5.490128040313721 35099
