1763468197191 2.1183738708496094 299
1763468250271 1.5161821842193604 599
1763468303277 1.4179062843322754 899
1763468356180 1.3791677951812744 1199
1763468409722 1.3410981893539429 1499
1763468462831 1.3235610723495483 1799
1763468516386 1.3065465688705444 2099
1763468570202 1.2977087497711182 2399
1763468623602 1.2839027643203735 2699
1763468676733 1.2881884574890137 2999
1763468729872 1.281904935836792 3299
1763468783143 1.2578765153884888 3599
1763468836262 1.2550952434539795 3899
1763468889929 1.248297929763794 4199
1763468943563 1.2434388399124146 4499
1763468997122 1.233901023864746 4799
1763469050236 1.2428152561187744 5099
1763469103433 1.2479804754257202 5399
1763469156604 1.2260611057281494 5699
1763469209721 1.238054633140564 5999
1763469263460 1.240913987159729 6299
1763469316938 1.224530577659607 6599
1763469370501 1.214788556098938 6899
1763469423558 1.2199277877807617 7199
1763469476858 1.2219632863998413 7499
1763469529928 1.23082435131073 7799
1763469583486 1.2114524841308594 8099
1763469637191 1.2067772150039673 8399
1763469690771 1.2116535902023315 8699
1763469744080 1.2091851234436035 8999
1763469797246 1.2097278833389282 9299
1763469850683 1.223628044128418 9599
1763469903706 1.205276370048523 9899
1763469957412 1.203715205192566 10199
1763470011232 1.1993837356567383 10499
1763470064833 1.2026665210723877 10799
1763470118015 1.208563208580017 11099
1763470171546 1.1949810981750488 11399
1763470224835 1.1905295848846436 11699
1763470277974 1.1885298490524292 11999
1763470334855 1.1551640033721924 12299
1763470392074 1.1475220918655396 12599
1763470449001 1.1543846130371094 12899
1763470506081 1.1532669067382812 13199
1763470562716 1.146604061126709 13499
1763470618951 1.1503323316574097 13799
1763470676215 1.1484967470169067 14099
1763470733042 1.1577516794204712 14399
1763470790001 1.1509944200515747 14699
1763470846781 1.148677945137024 14999
1763470903316 1.1510732173919678 15299
1763470959665 1.1456798315048218 15599
1763471016275 1.1488317251205444 15899
1763471073103 1.1530323028564453 16199
1763471129765 1.1433284282684326 16499
1763471186433 1.1488890647888184 16799
1763471242782 1.1419594287872314 17099
1763471298896 1.1506210565567017 17399
1763471355866 1.1443716287612915 17699
1763471413038 1.1498284339904785 17999
1763471471442 1.1362643241882324 18299
1763471528931 1.1278105974197388 18599
1763471586026 1.1299880743026733 18899
1763471642886 1.1283082962036133 19199
1763471698910 1.129460334777832 19499
1763471758277 1.1273607015609741 19799
1763471815950 1.1316606998443604 20099
1763471871694 1.1285030841827393 20399
1763471928859 1.127206802368164 20699
1763471988080 1.1275897026062012 20999
1763472047751 1.1282957792282104 21299
1763472106614 1.1292463541030884 21599
1763472165833 1.1359044313430786 21899
1763472224945 1.129061222076416 22199
1763472283605 1.1307834386825562 22499
1763472342016 1.1289187669754028 22799
1763472400024 1.1258330345153809 23099
1763472458121 1.1325236558914185 23399
1763472516420 1.12879478931427 23699
1763472575275 1.1300171613693237 23999
1763472633324 1.1305502653121948 24299
1763472691175 1.1265807151794434 24599
1763472748978 1.1283384561538696 24899
1763472807434 1.130671739578247 25199
1763472865193 1.130427360534668 25499
1763472922211 1.1287721395492554 25799
1763472980858 1.129102110862732 26099
1763473039281 1.1289490461349487 26399
1763473097692 1.1316951513290405 26699
1763473155742 1.1233206987380981 26999
1763473213277 1.1280771493911743 27299
1763473270759 1.1304649114608765 27599
1763473328886 1.1231763362884521 27899
1763473382168 1.130921721458435 28199
1763473435333 1.1308866739273071 28499
1763473488276 1.1315860748291016 28799
1763473541753 1.1279195547103882 29099
1763473595491 1.1335861682891846 29399
1763473649029 1.1225690841674805 29699
1763473702488 1.1273561716079712 29999
1763473755744 1.123107671737671 30299
1763473809114 1.1232237815856934 30599
1763473862135 1.1235039234161377 30899
1763473915611 1.1186223030090332 31199
1763473969363 1.1237667798995972 31499
1763474023755 1.1189327239990234 31799
1763474078789 1.120327353477478 32099
1763474133454 1.1225488185882568 32399
1763474187030 1.1240923404693604 32699
1763474240349 1.1208380460739136 32999
1763474296246 1.1228750944137573 33299
1763474351017 1.1233872175216675 33599
1763474406316 1.118699550628662 33899
1763474462796 1.1199489831924438 34199
1763474521607 1.12869131565094 34499
1763474580813 1.1241412162780762 34799
1763474639092 1.1238024234771729 35099
