1763468197191 2.3389809131622314 299
1763468250271 1.9214261770248413 599
1763468303277 1.8235373497009277 899
1763468356180 1.7954940795898438 1199
1763468409722 1.7640080451965332 1499
1763468462831 1.7376965284347534 1799
1763468516386 1.7286325693130493 2099
1763468570202 1.7094790935516357 2399
1763468623602 1.6922006607055664 2699
1763468676733 1.7015823125839233 2999
1763468729872 1.6940326690673828 3299
1763468783143 1.6706925630569458 3599
1763468836262 1.655392050743103 3899
1763468889929 1.6561073064804077 4199
1763468943563 1.6421678066253662 4499
1763468997122 1.6464205980300903 4799
1763469050236 1.6446890830993652 5099
1763469103433 1.646730899810791 5399
1763469156604 1.6282904148101807 5699
1763469209721 1.6344094276428223 5999
1763469263460 1.6268054246902466 6299
1763469316938 1.6174730062484741 6599
1763469370501 1.6072025299072266 6899
1763469423558 1.6182142496109009 7199
1763469476858 1.6181836128234863 7499
1763469529928 1.612849473953247 7799
1763469583486 1.6097620725631714 8099
1763469637191 1.6000312566757202 8399
1763469690771 1.6027320623397827 8699
1763469744080 1.6020684242248535 8999
1763469797246 1.5945875644683838 9299
1763469850683 1.6073451042175293 9599
1763469903706 1.5922255516052246 9899
1763469957412 1.5881098508834839 10199
1763470011232 1.5845459699630737 10499
1763470064833 1.5859819650650024 10799
1763470118015 1.588242530822754 11099
1763470171546 1.5795599222183228 11399
1763470224835 1.5762081146240234 11699
1763470277974 1.5703459978103638 11999
1763470334855 1.5459833145141602 12299
1763470392074 1.5332872867584229 12599
1763470449001 1.5343459844589233 12899
1763470506081 1.537811040878296 13199
1763470562716 1.5322096347808838 13499
1763470618951 1.5259289741516113 13799
1763470676215 1.5346072912216187 14099
1763470733042 1.5361413955688477 14399
1763470790001 1.5302114486694336 14699
1763470846781 1.528671383857727 14999
1763470903316 1.538374662399292 15299
1763470959665 1.5229343175888062 15599
1763471016275 1.5343611240386963 15899
1763471073103 1.523288607597351 16199
1763471129765 1.5229313373565674 16499
1763471186433 1.526102900505066 16799
1763471242782 1.5256285667419434 17099
1763471298896 1.5258471965789795 17399
1763471355866 1.5176318883895874 17699
1763471413038 1.5230201482772827 17999
1763471471442 1.5053941011428833 18299
1763471528931 1.5101298093795776 18599
1763471586026 1.5034905672073364 18899
1763471642886 1.5080112218856812 19199
1763471698910 1.5030969381332397 19499
1763471758277 1.5047047138214111 19799
1763471815950 1.5062028169631958 20099
1763471871694 1.5035786628723145 20399
1763471928859 1.5043232440948486 20699
1763471988080 1.5003548860549927 20999
1763472047751 1.4992378950119019 21299
1763472106614 1.5012331008911133 21599
1763472165833 1.5044276714324951 21899
1763472224945 1.5033226013183594 22199
1763472283605 1.502679467201233 22499
1763472342016 1.5063226222991943 22799
1763472400024 1.4997330904006958 23099
1763472458121 1.5031614303588867 23399
1763472516420 1.5010069608688354 23699
1763472575275 1.4953783750534058 23999
1763472633324 1.5009207725524902 24299
1763472691175 1.497478723526001 24599
1763472748978 1.506341576576233 24899
1763472807434 1.4948387145996094 25199
1763472865193 1.5015937089920044 25499
1763472922211 1.5013165473937988 25799
1763472980858 1.5026309490203857 26099
1763473039281 1.5062079429626465 26399
1763473097692 1.492479681968689 26699
1763473155742 1.5047779083251953 26999
1763473213277 1.4984992742538452 27299
1763473270759 1.4998947381973267 27599
1763473328886 1.492922306060791 27899
1763473382168 1.5000253915786743 28199
1763473435333 1.4984993934631348 28499
1763473488276 1.497416377067566 28799
1763473541753 1.499216079711914 29099
1763473595491 1.4983655214309692 29399
1763473649029 1.488548994064331 29699
1763473702488 1.4987455606460571 29999
1763473755744 1.4888790845870972 30299
1763473809114 1.4975632429122925 30599
1763473862135 1.4918133020401 30899
1763473915611 1.4864394664764404 31199
1763473969363 1.489078402519226 31499
1763474023755 1.4891035556793213 31799
1763474078789 1.4898301362991333 32099
1763474133454 1.4893897771835327 32399
1763474187030 1.4887959957122803 32699
1763474240349 1.4843982458114624 32999
1763474296246 1.4857314825057983 33299
1763474351017 1.487551212310791 33599
1763474406316 1.484214186668396 33899
1763474462796 1.4874438047409058 34199
1763474521607 1.4857096672058105 34499
1763474580813 1.4887137413024902 34799
1763474639092 1.484721302986145 35099
