1763468197191 8.202386856079102 299
1763468250271 5.107264518737793 599
1763468303277 4.579951763153076 899
1763468356180 4.207536220550537 1199
1763468409722 4.156371116638184 1499
1763468462831 3.9910216331481934 1799
1763468516386 3.966397523880005 2099
1763468570202 3.807788848876953 2399
1763468623602 3.664076805114746 2699
1763468676733 3.794187307357788 2999
1763468729872 3.8169500827789307 3299
1763468783143 3.654937982559204 3599
1763468836262 3.692873001098633 3899
1763468889929 3.570974111557007 4199
1763468943563 3.5310251712799072 4499
1763468997122 3.4678587913513184 4799
1763469050236 3.518319845199585 5099
1763469103433 3.6021645069122314 5399
1763469156604 3.577319622039795 5699
1763469209721 3.5152599811553955 5999
1763469263460 3.5159101486206055 6299
1763469316938 3.4274039268493652 6599
1763469370501 3.4421546459198 6899
1763469423558 3.4617209434509277 7199
1763469476858 3.3633370399475098 7499
1763469529928 3.4452717304229736 7799
1763469583486 3.4821414947509766 8099
1763469637191 3.410902738571167 8399
1763469690771 3.355923891067505 8699
1763469744080 3.214670181274414 8999
1763469797246 3.4004135131835938 9299
1763469850683 3.4794681072235107 9599
1763469903706 3.4031550884246826 9899
1763469957412 3.32452130317688 10199
1763470011232 3.3095269203186035 10499
1763470064833 3.307403087615967 10799
1763470118015 3.3961381912231445 11099
1763470171546 3.1708271503448486 11399
1763470224835 3.192842483520508 11699
1763470277974 3.187823534011841 11999
1763470334855 3.0586376190185547 12299
1763470392074 3.102863311767578 12599
1763470449001 3.003627061843872 12899
1763470506081 3.0588152408599854 13199
1763470562716 3.064918041229248 13499
1763470618951 3.1401445865631104 13799
1763470676215 2.993682861328125 14099
1763470733042 3.036435604095459 14399
1763470790001 3.0529022216796875 14699
1763470846781 3.0465354919433594 14999
1763470903316 3.082686185836792 15299
1763470959665 3.067209482192993 15599
1763471016275 3.1061007976531982 15899
1763471073103 3.0377492904663086 16199
1763471129765 3.018226146697998 16499
1763471186433 2.9644956588745117 16799
1763471242782 2.986985921859741 17099
1763471298896 3.062652826309204 17399
1763471355866 2.968095541000366 17699
1763471413038 2.970762252807617 17999
1763471471442 2.9329159259796143 18299
1763471528931 2.892411708831787 18599
1763471586026 2.9610414505004883 18899
1763471642886 2.8905978202819824 19199
1763471698910 2.9407312870025635 19499
1763471758277 2.939850091934204 19799
1763471815950 2.95255446434021 20099
1763471871694 2.8878626823425293 20399
1763471928859 2.9609878063201904 20699
1763471988080 2.9209368228912354 20999
1763472047751 2.9740257263183594 21299
1763472106614 2.9035422801971436 21599
1763472165833 2.9115371704101562 21899
1763472224945 2.972240686416626 22199
1763472283605 2.8494739532470703 22499
1763472342016 3.0202999114990234 22799
1763472400024 2.9118170738220215 23099
1763472458121 2.873405933380127 23399
1763472516420 3.0639171600341797 23699
1763472575275 2.9630126953125 23999
1763472633324 2.9327123165130615 24299
1763472691175 2.8385164737701416 24599
1763472748978 2.901782989501953 24899
1763472807434 2.913067579269409 25199
1763472865193 2.957395076751709 25499
1763472922211 2.918217658996582 25799
1763472980858 2.884113311767578 26099
1763473039281 2.9244091510772705 26399
1763473097692 2.873807668685913 26699
1763473155742 2.983290433883667 26999
1763473213277 2.9590237140655518 27299
1763473270759 2.866576910018921 27599
1763473328886 2.9843873977661133 27899
1763473382168 2.9042279720306396 28199
1763473435333 2.955397844314575 28499
1763473488276 2.903595209121704 28799
1763473541753 2.8818886280059814 29099
1763473595491 2.9438395500183105 29399
1763473649029 2.8675079345703125 29699
1763473702488 3.059530258178711 29999
1763473755744 2.9289567470550537 30299
1763473809114 2.7931549549102783 30599
1763473862135 2.9285829067230225 30899
1763473915611 2.9017741680145264 31199
1763473969363 2.8648250102996826 31499
1763474023755 2.9512529373168945 31799
1763474078789 2.9576406478881836 32099
1763474133454 2.804464101791382 32399
1763474187030 2.9102652072906494 32699
1763474240349 2.8837409019470215 32999
1763474296246 2.9509546756744385 33299
1763474351017 2.8326375484466553 33599
1763474406316 2.909838914871216 33899
1763474462796 2.884721040725708 34199
1763474521607 2.8870954513549805 34499
1763474580813 2.854356288909912 34799
1763474639092 2.8886377811431885 35099
