1763468197191 2.593463182449341 299
1763468250271 2.110738515853882 599
1763468303277 1.9831538200378418 899
1763468356180 1.931942105293274 1199
1763468409722 1.906097173690796 1499
1763468462831 1.8657671213150024 1799
1763468516386 1.8664195537567139 2099
1763468570202 1.8279166221618652 2399
1763468623602 1.8078718185424805 2699
1763468676733 1.8261791467666626 2999
1763468729872 1.8214021921157837 3299
1763468783143 1.7829220294952393 3599
1763468836262 1.770805835723877 3899
1763468889929 1.7737540006637573 4199
1763468943563 1.7489724159240723 4499
1763468997122 1.7641390562057495 4799
1763469050236 1.752427101135254 5099
1763469103433 1.764600157737732 5399
1763469156604 1.7445753812789917 5699
1763469209721 1.7543578147888184 5999
1763469263460 1.7318354845046997 6299
1763469316938 1.7246630191802979 6599
1763469370501 1.7125928401947021 6899
1763469423558 1.7244888544082642 7199
1763469476858 1.7275758981704712 7499
1763469529928 1.7176669836044312 7799
1763469583486 1.7155905961990356 8099
1763469637191 1.7041358947753906 8399
1763469690771 1.7015578746795654 8699
1763469744080 1.7017470598220825 8999
1763469797246 1.7032933235168457 9299
1763469850683 1.7173950672149658 9599
1763469903706 1.6995830535888672 9899
1763469957412 1.6898157596588135 10199
1763470011232 1.6944302320480347 10499
1763470064833 1.692434549331665 10799
1763470118015 1.6839097738265991 11099
1763470171546 1.680584192276001 11399
1763470224835 1.6763811111450195 11699
1763470277974 1.6707452535629272 11999
1763470334855 1.6448131799697876 12299
1763470392074 1.6360636949539185 12599
1763470449001 1.6194044351577759 12899
1763470506081 1.6350998878479004 13199
1763470562716 1.63034188747406 13499
1763470618951 1.6237049102783203 13799
1763470676215 1.6325587034225464 14099
1763470733042 1.6309791803359985 14399
1763470790001 1.6212667226791382 14699
1763470846781 1.6238117218017578 14999
1763470903316 1.636647343635559 15299
1763470959665 1.618393898010254 15599
1763471016275 1.6269701719284058 15899
1763471073103 1.617990255355835 16199
1763471129765 1.6177797317504883 16499
1763471186433 1.6216779947280884 16799
1763471242782 1.6220353841781616 17099
1763471298896 1.6194695234298706 17399
1763471355866 1.6111782789230347 17699
1763471413038 1.6215133666992188 17999
1763471471442 1.5907824039459229 18299
1763471528931 1.5987873077392578 18599
1763471586026 1.594266653060913 18899
1763471642886 1.6019560098648071 19199
1763471698910 1.5941082239151 19499
1763471758277 1.6029850244522095 19799
1763471815950 1.5930479764938354 20099
1763471871694 1.5966265201568604 20399
1763471928859 1.59747314453125 20699
1763471988080 1.5918092727661133 20999
1763472047751 1.5912973880767822 21299
1763472106614 1.5880600214004517 21599
1763472165833 1.5918067693710327 21899
1763472224945 1.5956165790557861 22199
1763472283605 1.5894006490707397 22499
1763472342016 1.5996729135513306 22799
1763472400024 1.596022129058838 23099
1763472458121 1.5939970016479492 23399
1763472516420 1.5999996662139893 23699
1763472575275 1.5879169702529907 23999
1763472633324 1.588430404663086 24299
1763472691175 1.5883482694625854 24599
1763472748978 1.5982913970947266 24899
1763472807434 1.5866005420684814 25199
1763472865193 1.5931968688964844 25499
1763472922211 1.5877314805984497 25799
1763472980858 1.5946694612503052 26099
1763473039281 1.5976030826568604 26399
1763473097692 1.577897071838379 26699
1763473155742 1.6018314361572266 26999
1763473213277 1.5925101041793823 27299
1763473270759 1.5851651430130005 27599
1763473328886 1.5883121490478516 27899
1763473382168 1.5903083086013794 28199
1763473435333 1.590111494064331 28499
1763473488276 1.5890146493911743 28799
1763473541753 1.590206503868103 29099
1763473595491 1.589908480644226 29399
1763473649029 1.5761711597442627 29699
1763473702488 1.591171383857727 29999
1763473755744 1.5823668241500854 30299
1763473809114 1.583144187927246 30599
1763473862135 1.5830153226852417 30899
1763473915611 1.5686253309249878 31199
1763473969363 1.5742712020874023 31499
1763474023755 1.580642819404602 31799
1763474078789 1.5803303718566895 32099
1763474133454 1.5794854164123535 32399
1763474187030 1.5818538665771484 32699
1763474240349 1.5678128004074097 32999
1763474296246 1.5716649293899536 33299
1763474351017 1.5689842700958252 33599
1763474406316 1.5754045248031616 33899
1763474462796 1.573433518409729 34199
1763474521607 1.5718046426773071 34499
1763474580813 1.5789506435394287 34799
1763474639092 1.5660282373428345 35099
