1763468197191 2.681732654571533 299
1763468250271 2.2606592178344727 599
1763468303277 2.1698102951049805 899
1763468356180 2.1390984058380127 1199
1763468409722 2.1073224544525146 1499
1763468462831 2.0781421661376953 1799
1763468516386 2.07087779045105 2099
1763468570202 2.050306558609009 2399
1763468623602 2.0234131813049316 2699
1763468676733 2.0392706394195557 2999
1763468729872 2.0391480922698975 3299
1763468783143 2.009533405303955 3599
1763468836262 1.9873756170272827 3899
1763468889929 1.9849789142608643 4199
1763468943563 1.971478819847107 4499
1763468997122 1.9758102893829346 4799
1763469050236 1.9693256616592407 5099
1763469103433 1.9724377393722534 5399
1763469156604 1.9565197229385376 5699
1763469209721 1.9510635137557983 5999
1763469263460 1.94168221950531 6299
1763469316938 1.9330586194992065 6599
1763469370501 1.9203890562057495 6899
1763469423558 1.941978931427002 7199
1763469476858 1.9280214309692383 7499
1763469529928 1.9220983982086182 7799
1763469583486 1.9335830211639404 8099
1763469637191 1.9153854846954346 8399
1763469690771 1.9186859130859375 8699
1763469744080 1.9167367219924927 8999
1763469797246 1.901076078414917 9299
1763469850683 1.9164811372756958 9599
1763469903706 1.897915005683899 9899
1763469957412 1.8907182216644287 10199
1763470011232 1.8912378549575806 10499
1763470064833 1.8969604969024658 10799
1763470118015 1.8983104228973389 11099
1763470171546 1.8882801532745361 11399
1763470224835 1.8866758346557617 11699
1763470277974 1.8713704347610474 11999
1763470334855 1.8523828983306885 12299
1763470392074 1.8364007472991943 12599
1763470449001 1.832227110862732 12899
1763470506081 1.8375574350357056 13199
1763470562716 1.8311398029327393 13499
1763470618951 1.8285245895385742 13799
1763470676215 1.8386260271072388 14099
1763470733042 1.8293802738189697 14399
1763470790001 1.826697587966919 14699
1763470846781 1.8252159357070923 14999
1763470903316 1.8371000289916992 15299
1763470959665 1.819507122039795 15599
1763471016275 1.835803508758545 15899
1763471073103 1.8153965473175049 16199
1763471129765 1.8188039064407349 16499
1763471186433 1.8150417804718018 16799
1763471242782 1.8265389204025269 17099
1763471298896 1.8151885271072388 17399
1763471355866 1.8068842887878418 17699
1763471413038 1.8079370260238647 17999
1763471471442 1.796727180480957 18299
1763471528931 1.8095598220825195 18599
1763471586026 1.795154333114624 18899
1763471642886 1.8016475439071655 19199
1763471698910 1.7915208339691162 19499
1763471758277 1.7909210920333862 19799
1763471815950 1.7947434186935425 20099
1763471871694 1.7934094667434692 20399
1763471928859 1.8050748109817505 20699
1763471988080 1.7895362377166748 20999
1763472047751 1.7933070659637451 21299
1763472106614 1.7926838397979736 21599
1763472165833 1.790580153465271 21899
1763472224945 1.7992899417877197 22199
1763472283605 1.7984129190444946 22499
1763472342016 1.7974117994308472 22799
1763472400024 1.7874889373779297 23099
1763472458121 1.7931480407714844 23399
1763472516420 1.7934117317199707 23699
1763472575275 1.78021240234375 23999
1763472633324 1.7893288135528564 24299
1763472691175 1.785093069076538 24599
1763472748978 1.7959154844284058 24899
1763472807434 1.7812193632125854 25199
1763472865193 1.7907578945159912 25499
1763472922211 1.7953084707260132 25799
1763472980858 1.7934194803237915 26099
1763473039281 1.8016921281814575 26399
1763473097692 1.7737696170806885 26699
1763473155742 1.802717685699463 26999
1763473213277 1.787211537361145 27299
1763473270759 1.7875537872314453 27599
1763473328886 1.7838077545166016 27899
1763473382168 1.7818474769592285 28199
1763473435333 1.7838499546051025 28499
1763473488276 1.7801268100738525 28799
1763473541753 1.7868860960006714 29099
1763473595491 1.7870793342590332 29399
1763473649029 1.7756279706954956 29699
1763473702488 1.790157437324524 29999
1763473755744 1.7732760906219482 30299
1763473809114 1.7832374572753906 30599
1763473862135 1.7779219150543213 30899
1763473915611 1.7761889696121216 31199
1763473969363 1.7722059488296509 31499
1763474023755 1.7787219285964966 31799
1763474078789 1.7733443975448608 32099
1763474133454 1.7725435495376587 32399
1763474187030 1.770975112915039 32699
1763474240349 1.7695969343185425 32999
1763474296246 1.7750669717788696 33299
1763474351017 1.7679047584533691 33599
1763474406316 1.7615365982055664 33899
1763474462796 1.7724922895431519 34199
1763474521607 1.762198805809021 34499
1763474580813 1.7717750072479248 34799
1763474639092 1.7637773752212524 35099
