1762337662374 0.001 49
1762337668524 0.001 99
1762337674618 0.001 149
1762337680857 0.001 199
1762337686989 0.001 249
1762337693180 0.001 299
1762337703505 0.001 349
1762337709547 0.001 399
1762337715613 0.001 449
1762337721792 0.001 499
1762337727918 0.001 549
1762337734002 0.001 599
1762337744268 0.001 649
1762337750383 0.001 699
1762337756578 0.001 749
1762337762683 0.001 799
1762337768769 0.001 849
1762337774881 0.001 899
1762337785148 0.001 949
1762337791382 0.001 999
1762337797522 0.001 1049
1762337803646 0.001 1099
1762337809722 0.001 1149
1762337815767 0.001 1199
1762337826017 0.001 1249
1762337832125 0.001 1299
1762337838204 0.001 1349
1762337844404 0.001 1399
1762337850744 0.001 1449
1762337856842 0.001 1499
