1763555117546 0.0 299
1763555117690 0.0 299
1763555376388 1.0 599
1763555376532 1.0 599
1763555635476 2.0 899
1763555635620 2.0 899
1763555894860 3.0 1199
1763555895009 3.0 1199
1763556154114 4.0 1499
1763556154266 4.0 1499
1763556413361 5.0 1799
1763556413381 5.0 1799
1763556672447 6.0 2099
1763556672467 6.0 2099
1763556931619 7.0 2399
1763556931639 7.0 2399
1763557190836 8.0 2699
1763557190856 8.0 2699
1763557450151 9.0 2999
1763557450293 9.0 2999
1763557709646 10.0 3299
1763557709666 10.0 3299
1763557969096 11.0 3599
1763557969236 11.0 3599
1763558228644 12.0 3899
1763558228788 12.0 3899
1763558487885 13.0 4199
1763558488036 13.0 4199
1763558747353 14.0 4499
1763558747373 14.0 4499
1763559006706 15.0 4799
1763559006725 15.0 4799
1763559266230 16.0 5099
1763559266379 16.0 5099
1763559525768 17.0 5399
1763559525789 17.0 5399
1763559785026 18.0 5699
1763559785046 18.0 5699
1763560044463 19.0 5999
1763560044483 19.0 5999
1763560303880 20.0 6299
1763560303899 20.0 6299
1763560563078 21.0 6599
1763560563230 21.0 6599
1763560822861 22.0 6899
1763560823002 22.0 6899
1763561082300 23.0 7199
1763561082444 23.0 7199
1763561341581 24.0 7499
1763561341601 24.0 7499
1763561601174 25.0 7799
1763561601194 25.0 7799
1763561860575 26.0 8099
1763561860595 26.0 8099
1763562119812 27.0 8399
1763562119831 27.0 8399
1763562379030 28.0 8699
1763562379050 28.0 8699
1763562638225 29.0 8999
1763562638244 29.0 8999
1763562897661 30.0 9299
1763562897680 30.0 9299
1763563157184 31.0 9599
1763563157328 31.0 9599
1763563416718 32.0 9899
1763563416737 32.0 9899
1763563675923 33.0 10199
1763563675942 33.0 10199
1763563935134 34.0 10499
1763563935154 34.0 10499
1763564194418 35.0 10799
1763564194437 35.0 10799
1763564453668 36.0 11099
1763564453689 36.0 11099
1763564713200 37.0 11399
1763564713219 37.0 11399
1763564972592 38.0 11699
1763564972611 38.0 11699
1763565231872 39.0 11999
1763565231892 39.0 11999
1763565491171 40.0 12299
1763565491191 40.0 12299
1763565750251 41.0 12599
1763565750270 41.0 12599
1763566009637 42.0 12899
1763566009783 42.0 12899
1763566269169 43.0 13199
1763566269188 43.0 13199
1763566528369 44.0 13499
1763566528389 44.0 13499
1763566787669 45.0 13799
1763566787689 45.0 13799
1763567046910 46.0 14099
1763567046930 46.0 14099
1763567306275 47.0 14399
1763567306295 47.0 14399
1763567565675 48.0 14699
1763567565694 48.0 14699
1763567824935 49.0 14999
1763567824954 49.0 14999
1763568084501 50.0 15299
1763568084519 50.0 15299
1763568343832 51.0 15599
1763568343852 51.0 15599
1763568603175 52.0 15899
1763568603194 52.0 15899
1763568862720 53.0 16199
1763568862739 53.0 16199
1763569121858 54.0 16499
1763569121877 54.0 16499
1763569380987 55.0 16799
1763569381006 55.0 16799
1763569640542 56.0 17099
1763569640561 56.0 17099
1763569899798 57.0 17399
1763569899817 57.0 17399
1763570159199 58.0 17699
1763570159218 58.0 17699
1763570418394 59.0 17999
1763570418560 59.0 17999
1763570677827 60.0 18299
1763570677846 60.0 18299
1763570937123 61.0 18599
1763570937143 61.0 18599
1763571196641 62.0 18899
1763571196661 62.0 18899
1763571455911 63.0 19199
1763571455930 63.0 19199
1763571715248 64.0 19499
1763571715269 64.0 19499
1763571974501 65.0 19799
1763571974520 65.0 19799
1763572233768 66.0 20099
1763572233787 66.0 20099
1763572493121 67.0 20399
1763572493140 67.0 20399
1763572752710 68.0 20699
1763572752729 68.0 20699
1763573011915 69.0 20999
1763573011935 69.0 20999
1763573271340 70.0 21299
1763573271359 70.0 21299
1763573530789 71.0 21599
1763573530809 71.0 21599
1763573790044 72.0 21899
1763573790063 72.0 21899
1763574049307 73.0 22199
1763574049327 73.0 22199
1763574308650 74.0 22499
1763574308670 74.0 22499
1763574567691 75.0 22799
1763574567709 75.0 22799
1763574826706 76.0 23099
1763574826725 76.0 23099
1763575085982 77.0 23399
1763575086001 77.0 23399
1763575345410 78.0 23699
1763575345429 78.0 23699
1763575604709 79.0 23999
1763575604728 79.0 23999
1763575863956 80.0 24299
1763575863976 80.0 24299
1763576123052 81.0 24599
1763576123072 81.0 24599
1763576382370 82.0 24899
1763576382390 82.0 24899
1763576641647 83.0 25199
1763576641666 83.0 25199
1763576901112 84.0 25499
1763576901131 84.0 25499
1763577160589 85.0 25799
1763577160608 85.0 25799
1763577419990 86.0 26099
1763577420009 86.0 26099
1763577679466 87.0 26399
1763577679485 87.0 26399
1763577938798 88.0 26699
1763577938817 88.0 26699
1763578198212 89.0 26999
1763578198231 89.0 26999
1763578457829 90.0 27299
1763578457849 90.0 27299
1763578717017 91.0 27599
1763578717036 91.0 27599
1763578976280 92.0 27899
1763578976300 92.0 27899
1763579235596 93.0 28199
1763579235615 93.0 28199
1763579494795 94.0 28499
1763579494815 94.0 28499
1763579754183 95.0 28799
1763579754202 95.0 28799
1763580013724 96.0 29099
1763580013743 96.0 29099
1763580272944 97.0 29399
1763580272963 97.0 29399
1763580532233 98.0 29699
1763580532253 98.0 29699
1763580791654 99.0 29999
1763580791673 99.0 29999
1763581050989 100.0 30299
1763581051007 100.0 30299
1763581310277 101.0 30599
1763581310296 101.0 30599
1763581569762 102.0 30899
1763581569781 102.0 30899
1763581829146 103.0 31199
1763581829165 103.0 31199
1763582088417 104.0 31499
1763582088436 104.0 31499
1763582347839 105.0 31799
1763582347858 105.0 31799
1763582607209 106.0 32099
1763582607228 106.0 32099
1763582866607 107.0 32399
1763582866626 107.0 32399
1763583126043 108.0 32699
1763583126062 108.0 32699
1763583385373 109.0 32999
1763583385393 109.0 32999
1763583471476 110.0 33000
