1763554898306 0.001 49
1763554937594 0.001 99
1763554977046 0.001 149
1763555016450 0.001 199
1763555055829 0.001 249
1763555095240 0.001 299
1763555157062 0.001 349
1763555196492 0.001 399
1763555235915 0.001 449
1763555275354 0.001 499
1763555314793 0.001 549
1763555354229 0.001 599
1763555415918 0.001 649
1763555455353 0.001 699
1763555494796 0.001 749
1763555534222 0.001 799
1763555573680 0.001 849
1763555613127 0.001 899
1763555675054 0.001 949
1763555714520 0.001 999
1763555753999 0.001 1049
1763555793468 0.001 1099
1763555832928 0.001 1149
1763555872386 0.001 1199
1763555934546 0.001 1249
1763555974009 0.001 1299
1763556013479 0.001 1349
1763556052976 0.001 1399
1763556092454 0.001 1449
1763556131930 0.001 1499
1763556193790 0.001 1549
1763556233246 0.001 1599
1763556272735 0.001 1649
1763556312228 0.001 1699
1763556351688 0.001 1749
1763556391167 0.001 1799
1763556452829 0.001 1849
1763556492284 0.001 1899
1763556531753 0.001 1949
1763556571218 0.001 1999
1763556610686 0.001 2049
1763556650153 0.001 2099
1763556711866 0.001 2149
1763556751338 0.001 2199
1763556790818 0.001 2249
1763556830301 0.001 2299
1763556869776 0.001 2349
1763556909261 0.001 2399
1763556971118 0.001 2449
1763557010593 0.001 2499
1763557050076 0.001 2549
1763557089551 0.001 2599
1763557129049 0.001 2649
1763557168578 0.001 2699
1763557230311 0.001 2749
1763557269796 0.001 2799
1763557309300 0.001 2849
1763557348788 0.001 2899
1763557388302 0.001 2949
1763557427795 0.001 2999
1763557489805 0.001 3049
1763557529290 0.001 3099
1763557568768 0.001 3149
1763557608245 0.001 3199
1763557647731 0.001 3249
1763557687199 0.001 3299
1763557749192 0.001 3349
1763557788699 0.001 3399
1763557828198 0.001 3449
1763557867701 0.001 3499
1763557907201 0.001 3549
1763557946697 0.001 3599
1763558008670 0.001 3649
1763558048162 0.001 3699
1763558087657 0.001 3749
1763558127160 0.001 3799
1763558166669 0.001 3849
1763558206164 0.001 3899
1763558268212 0.001 3949
1763558307701 0.001 3999
1763558347185 0.001 4049
1763558386677 0.001 4099
1763558426149 0.001 4149
1763558465642 0.001 4199
1763558527554 0.001 4249
1763558567048 0.001 4299
1763558606534 0.001 4349
1763558646025 0.001 4399
1763558685529 0.001 4449
1763558725037 0.001 4499
1763558786879 0.001 4549
1763558826345 0.001 4599
1763558865833 0.001 4649
1763558905325 0.001 4699
1763558944808 0.001 4749
1763558984313 0.001 4799
1763559046288 0.001 4849
1763559085782 0.001 4899
1763559125307 0.001 4949
1763559164812 0.001 4999
1763559204306 0.001 5049
1763559243804 0.001 5099
1763559305865 0.001 5149
1763559345357 0.001 5199
1763559384846 0.001 5249
1763559424361 0.001 5299
1763559463876 0.001 5349
1763559503428 0.001 5399
1763559565254 0.001 5449
1763559604754 0.001 5499
1763559644260 0.001 5549
1763559683749 0.001 5599
1763559723241 0.001 5649
1763559762752 0.001 5699
1763559824587 0.001 5749
1763559864068 0.001 5799
1763559903561 0.001 5849
1763559943066 0.001 5899
1763559982548 0.001 5949
1763560022037 0.001 5999
1763560083992 0.001 6049
1763560123488 0.001 6099
1763560162976 0.001 6149
1763560202474 0.001 6199
1763560241961 0.001 6249
1763560281457 0.001 6299
1763560343323 0.001 6349
1763560382838 0.001 6399
1763560422325 0.001 6449
1763560461830 0.001 6499
1763560501318 0.001 6549
1763560540819 0.001 6599
1763560602957 0.001 6649
1763560642446 0.001 6699
1763560681929 0.001 6749
1763560721417 0.001 6799
1763560760893 0.001 6849
1763560800379 0.001 6899
1763560862513 0.001 6949
1763560902018 0.001 6999
1763560941522 0.001 7049
1763560981031 0.001 7099
1763561020552 0.001 7149
1763561060049 0.001 7199
1763561121977 0.001 7249
1763561161438 0.001 7299
1763561200932 0.001 7349
1763561240451 0.001 7399
1763561279925 0.001 7449
1763561319409 0.001 7499
1763561381238 0.001 7549
1763561420724 0.001 7599
1763561460200 0.001 7649
1763561499696 0.001 7699
1763561539196 0.001 7749
1763561578694 0.001 7799
1763561640724 0.001 7849
1763561680209 0.001 7899
1763561719741 0.001 7949
1763561759242 0.001 7999
1763561798743 0.001 8049
1763561838258 0.001 8099
1763561900082 0.001 8149
1763561939583 0.001 8199
1763561979095 0.001 8249
1763562018581 0.001 8299
1763562058080 0.001 8349
1763562097570 0.001 8399
1763562159277 0.001 8449
1763562198774 0.001 8499
1763562238271 0.001 8549
1763562277767 0.001 8599
1763562317289 0.001 8649
1763562356791 0.001 8699
1763562418485 0.001 8749
1763562457978 0.001 8799
1763562497486 0.001 8849
1763562536991 0.001 8899
1763562576482 0.001 8949
1763562615967 0.001 8999
1763562677761 0.001 9049
1763562717245 0.001 9099
1763562756739 0.001 9149
1763562796251 0.001 9199
1763562835739 0.001 9249
1763562875272 0.001 9299
1763562937218 0.001 9349
1763562976732 0.001 9399
1763563016239 0.001 9449
1763563055735 0.001 9499
1763563095245 0.001 9549
1763563134737 0.001 9599
1763563196867 0.001 9649
1763563236367 0.001 9699
1763563275868 0.001 9749
1763563315363 0.001 9799
1763563354853 0.001 9849
1763563394368 0.001 9899
1763563456215 0.001 9949
1763563495710 0.001 9999
1763563535224 0.001 10049
1763563574753 0.001 10099
1763563614261 0.001 10149
1763563653767 0.001 10199
1763563715438 0.001 10249
1763563754931 0.001 10299
1763563794416 0.001 10349
1763563833916 0.001 10399
1763563873396 0.001 10449
1763563912868 0.001 10499
1763563974664 0.001 10549
1763564014156 0.001 10599
1763564053637 0.001 10649
1763564093125 0.001 10699
1763564132612 0.001 10749
1763564172100 0.001 10799
1763564233951 0.001 10849
1763564273448 0.001 10899
1763564312957 0.001 10949
1763564352439 0.001 10999
1763564391939 0.001 11049
1763564431435 0.001 11099
1763564493219 0.001 11149
1763564532731 0.001 11199
1763564572231 0.001 11249
1763564611717 0.001 11299
1763564651214 0.001 11349
1763564690701 0.001 11399
1763564752738 0.001 11449
1763564792236 0.001 11499
1763564831750 0.001 11549
1763564871244 0.001 11599
1763564910744 0.001 11649
1763564950270 0.001 11699
1763565012155 0.001 11749
1763565051645 0.001 11799
1763565091153 0.001 11849
1763565130668 0.001 11899
1763565170159 0.001 11949
1763565209674 0.001 11999
1763565271435 0.0003 12049
1763565310941 0.0003 12099
1763565350432 0.0003 12149
1763565389929 0.0003 12199
1763565429425 0.0003 12249
1763565468918 0.0003 12299
1763565530654 0.0003 12349
1763565570140 0.0003 12399
1763565609646 0.0003 12449
1763565649123 0.0003 12499
1763565688611 0.0003 12549
1763565728100 0.0003 12599
1763565789786 0.0003 12649
1763565829275 0.0003 12699
1763565868776 0.0003 12749
1763565908288 0.0003 12799
1763565947805 0.0003 12849
1763565987322 0.0003 12899
1763566049230 0.0003 12949
1763566088723 0.0003 12999
1763566128213 0.0003 13049
1763566167715 0.0003 13099
1763566207210 0.0003 13149
1763566246721 0.0003 13199
1763566308715 0.0003 13249
1763566348208 0.0003 13299
1763566387697 0.0003 13349
1763566427183 0.0003 13399
1763566466691 0.0003 13449
1763566506178 0.0003 13499
1763566567837 0.0003 13549
1763566607321 0.0003 13599
1763566646804 0.0003 13649
1763566686302 0.0003 13699
1763566725800 0.0003 13749
1763566765296 0.0003 13799
1763566827138 0.0003 13849
1763566866630 0.0003 13899
1763566906129 0.0003 13949
1763566945626 0.0003 13999
1763566985112 0.0003 14049
1763567024594 0.0003 14099
1763567086445 0.0003 14149
1763567125948 0.0003 14199
1763567165451 0.0003 14249
1763567204951 0.0003 14299
1763567244452 0.0003 14349
1763567283942 0.0003 14399
1763567345822 0.0003 14449
1763567385315 0.0003 14499
1763567424816 0.0003 14549
1763567464308 0.0003 14599
1763567503811 0.0003 14649
1763567543316 0.0003 14699
1763567605180 0.0003 14749
1763567644676 0.0003 14799
1763567684176 0.0003 14849
1763567723668 0.0003 14899
1763567763156 0.0003 14949
1763567802652 0.0003 14999
1763567864448 0.0003 15049
1763567903955 0.0003 15099
1763567943448 0.0003 15149
1763567982942 0.0003 15199
1763568022432 0.0003 15249
1763568061919 0.0003 15299
1763568123980 0.0003 15349
1763568163484 0.0003 15399
1763568202986 0.0003 15449
1763568242506 0.0003 15499
1763568282009 0.0003 15549
1763568321507 0.0003 15599
1763568383392 0.0003 15649
1763568422890 0.0003 15699
1763568462395 0.0003 15749
1763568501915 0.0003 15799
1763568541413 0.0003 15849
1763568580933 0.0003 15899
1763568642910 0.0003 15949
1763568682406 0.0003 15999
1763568721902 0.0003 16049
1763568761394 0.0003 16099
1763568800896 0.0003 16149
1763568840390 0.0003 16199
1763568902178 0.0003 16249
1763568941664 0.0003 16299
1763568981175 0.0003 16349
1763569020672 0.0003 16399
1763569060181 0.0003 16449
1763569099690 0.0003 16499
1763569161338 0.0003 16549
1763569200819 0.0003 16599
1763569240320 0.0003 16649
1763569279807 0.0003 16699
1763569319281 0.0003 16749
1763569358773 0.0003 16799
1763569420685 0.0003 16849
1763569460199 0.0003 16899
1763569499696 0.0003 16949
1763569539192 0.0003 16999
1763569578683 0.0003 17049
1763569618169 0.0003 17099
1763569680050 0.0003 17149
1763569719547 0.0003 17199
1763569759055 0.0003 17249
1763569798542 0.0003 17299
1763569838041 0.0003 17349
1763569877549 0.0003 17399
1763569939378 0.0003 17449
1763569978877 0.0003 17499
1763570018371 0.0003 17549
1763570057870 0.0003 17599
1763570097361 0.0003 17649
1763570136855 0.0003 17699
1763570198599 0.0003 17749
1763570238092 0.0003 17799
1763570277579 0.0003 17849
1763570317066 0.0003 17899
1763570356551 0.0003 17949
1763570396044 0.0003 17999
1763570458062 8.999999999999999e-05 18049
1763570497556 8.999999999999999e-05 18099
1763570537055 8.999999999999999e-05 18149
1763570576550 8.999999999999999e-05 18199
1763570616049 8.999999999999999e-05 18249
1763570655538 8.999999999999999e-05 18299
1763570717416 8.999999999999999e-05 18349
1763570756902 8.999999999999999e-05 18399
1763570796400 8.999999999999999e-05 18449
1763570835910 8.999999999999999e-05 18499
1763570875396 8.999999999999999e-05 18549
1763570914904 8.999999999999999e-05 18599
1763570976754 8.999999999999999e-05 18649
1763571016249 8.999999999999999e-05 18699
1763571055726 8.999999999999999e-05 18749
1763571095222 8.999999999999999e-05 18799
1763571134732 8.999999999999999e-05 18849
1763571174232 8.999999999999999e-05 18899
1763571236161 8.999999999999999e-05 18949
1763571275650 8.999999999999999e-05 18999
1763571315141 8.999999999999999e-05 19049
1763571354632 8.999999999999999e-05 19099
1763571394119 8.999999999999999e-05 19149
1763571433617 8.999999999999999e-05 19199
1763571495471 8.999999999999999e-05 19249
1763571534960 8.999999999999999e-05 19299
1763571574483 8.999999999999999e-05 19349
1763571613990 8.999999999999999e-05 19399
1763571653487 8.999999999999999e-05 19449
1763571693013 8.999999999999999e-05 19499
1763571754705 8.999999999999999e-05 19549
1763571794210 8.999999999999999e-05 19599
1763571833709 8.999999999999999e-05 19649
1763571873214 8.999999999999999e-05 19699
1763571912713 8.999999999999999e-05 19749
1763571952209 8.999999999999999e-05 19799
1763572013924 8.999999999999999e-05 19849
1763572053444 8.999999999999999e-05 19899
1763572092957 8.999999999999999e-05 19949
1763572132464 8.999999999999999e-05 19999
1763572171959 8.999999999999999e-05 20049
1763572211467 8.999999999999999e-05 20099
1763572273311 8.999999999999999e-05 20149
1763572312812 8.999999999999999e-05 20199
1763572352333 8.999999999999999e-05 20249
1763572391848 8.999999999999999e-05 20299
1763572431357 8.999999999999999e-05 20349
1763572470869 8.999999999999999e-05 20399
1763572532624 8.999999999999999e-05 20449
1763572572126 8.999999999999999e-05 20499
1763572611625 8.999999999999999e-05 20549
1763572651125 8.999999999999999e-05 20599
1763572690632 8.999999999999999e-05 20649
1763572730136 8.999999999999999e-05 20699
1763572792160 8.999999999999999e-05 20749
1763572831655 8.999999999999999e-05 20799
1763572871145 8.999999999999999e-05 20849
1763572910641 8.999999999999999e-05 20899
1763572950129 8.999999999999999e-05 20949
1763572989633 8.999999999999999e-05 20999
1763573051482 8.999999999999999e-05 21049
1763573090964 8.999999999999999e-05 21099
1763573130472 8.999999999999999e-05 21149
1763573169966 8.999999999999999e-05 21199
1763573209470 8.999999999999999e-05 21249
1763573248991 8.999999999999999e-05 21299
1763573310918 8.999999999999999e-05 21349
1763573350440 8.999999999999999e-05 21399
1763573389959 8.999999999999999e-05 21449
1763573429455 8.999999999999999e-05 21499
1763573468950 8.999999999999999e-05 21549
1763573508450 8.999999999999999e-05 21599
1763573570355 8.999999999999999e-05 21649
1763573609864 8.999999999999999e-05 21699
1763573649364 8.999999999999999e-05 21749
1763573688851 8.999999999999999e-05 21799
1763573728338 8.999999999999999e-05 21849
1763573767838 8.999999999999999e-05 21899
1763573829617 8.999999999999999e-05 21949
1763573869093 8.999999999999999e-05 21999
1763573908600 8.999999999999999e-05 22049
1763573948104 8.999999999999999e-05 22099
1763573987595 8.999999999999999e-05 22149
1763574027091 8.999999999999999e-05 22199
1763574088857 8.999999999999999e-05 22249
1763574128341 8.999999999999999e-05 22299
1763574167830 8.999999999999999e-05 22349
1763574207319 8.999999999999999e-05 22399
1763574246800 8.999999999999999e-05 22449
1763574286292 8.999999999999999e-05 22499
1763574348194 8.999999999999999e-05 22549
1763574387695 8.999999999999999e-05 22599
1763574427189 8.999999999999999e-05 22649
1763574466682 8.999999999999999e-05 22699
1763574506173 8.999999999999999e-05 22749
1763574545681 8.999999999999999e-05 22799
1763574607167 8.999999999999999e-05 22849
1763574646661 8.999999999999999e-05 22899
1763574686167 8.999999999999999e-05 22949
1763574725658 8.999999999999999e-05 22999
1763574765166 8.999999999999999e-05 23049
1763574804640 8.999999999999999e-05 23099
1763574866241 8.999999999999999e-05 23149
1763574905762 8.999999999999999e-05 23199
1763574945264 8.999999999999999e-05 23249
1763574984754 8.999999999999999e-05 23299
1763575024256 8.999999999999999e-05 23349
1763575063751 8.999999999999999e-05 23399
1763575125476 8.999999999999999e-05 23449
1763575164978 8.999999999999999e-05 23499
1763575204477 8.999999999999999e-05 23549
1763575243984 8.999999999999999e-05 23599
1763575283491 8.999999999999999e-05 23649
1763575322985 8.999999999999999e-05 23699
1763575384951 8.999999999999999e-05 23749
1763575424443 8.999999999999999e-05 23799
1763575463934 8.999999999999999e-05 23849
1763575503453 8.999999999999999e-05 23899
1763575542961 8.999999999999999e-05 23949
1763575582463 8.999999999999999e-05 23999
1763575644286 8.999999999999999e-05 24049
1763575683789 8.999999999999999e-05 24099
1763575723291 8.999999999999999e-05 24149
1763575762785 8.999999999999999e-05 24199
1763575802277 8.999999999999999e-05 24249
1763575841771 8.999999999999999e-05 24299
1763575903598 8.999999999999999e-05 24349
1763575943080 8.999999999999999e-05 24399
1763575982580 8.999999999999999e-05 24449
1763576022068 8.999999999999999e-05 24499
1763576061561 8.999999999999999e-05 24549
1763576101047 8.999999999999999e-05 24599
1763576162492 8.999999999999999e-05 24649
1763576201983 8.999999999999999e-05 24699
1763576241503 8.999999999999999e-05 24749
1763576280991 8.999999999999999e-05 24799
1763576320498 8.999999999999999e-05 24849
1763576360128 8.999999999999999e-05 24899
1763576421895 8.999999999999999e-05 24949
1763576461400 8.999999999999999e-05 24999
1763576500901 8.999999999999999e-05 25049
1763576540389 8.999999999999999e-05 25099
1763576579884 8.999999999999999e-05 25149
1763576619382 8.999999999999999e-05 25199
1763576681223 8.999999999999999e-05 25249
1763576720716 8.999999999999999e-05 25299
1763576760217 8.999999999999999e-05 25349
1763576799719 8.999999999999999e-05 25399
1763576839213 8.999999999999999e-05 25449
1763576878695 8.999999999999999e-05 25499
1763576940601 8.999999999999999e-05 25549
1763576980093 8.999999999999999e-05 25599
1763577019602 8.999999999999999e-05 25649
1763577059101 8.999999999999999e-05 25699
1763577098590 8.999999999999999e-05 25749
1763577138117 8.999999999999999e-05 25799
1763577200147 8.999999999999999e-05 25849
1763577239662 8.999999999999999e-05 25899
1763577279172 8.999999999999999e-05 25949
1763577318694 8.999999999999999e-05 25999
1763577358203 8.999999999999999e-05 26049
1763577397715 8.999999999999999e-05 26099
1763577459589 8.999999999999999e-05 26149
1763577499088 8.999999999999999e-05 26199
1763577538595 8.999999999999999e-05 26249
1763577578094 8.999999999999999e-05 26299
1763577617590 8.999999999999999e-05 26349
1763577657094 8.999999999999999e-05 26399
1763577718980 8.999999999999999e-05 26449
1763577758481 8.999999999999999e-05 26499
1763577797984 8.999999999999999e-05 26549
1763577837480 8.999999999999999e-05 26599
1763577876979 8.999999999999999e-05 26649
1763577916485 8.999999999999999e-05 26699
1763577978358 8.999999999999999e-05 26749
1763578017870 8.999999999999999e-05 26799
1763578057370 8.999999999999999e-05 26849
1763578096898 8.999999999999999e-05 26899
1763578136405 8.999999999999999e-05 26949
1763578175905 8.999999999999999e-05 26999
1763578237774 8.999999999999999e-05 27049
1763578277277 8.999999999999999e-05 27099
1763578316778 8.999999999999999e-05 27149
1763578356298 8.999999999999999e-05 27199
1763578395812 8.999999999999999e-05 27249
1763578435318 8.999999999999999e-05 27299
1763578497310 8.999999999999999e-05 27349
1763578536813 8.999999999999999e-05 27399
1763578576319 8.999999999999999e-05 27449
1763578615810 8.999999999999999e-05 27499
1763578655317 8.999999999999999e-05 27549
1763578694813 8.999999999999999e-05 27599
1763578756505 8.999999999999999e-05 27649
1763578795989 8.999999999999999e-05 27699
1763578835490 8.999999999999999e-05 27749
1763578874989 8.999999999999999e-05 27799
1763578914484 8.999999999999999e-05 27849
1763578954012 8.999999999999999e-05 27899
1763579015851 8.999999999999999e-05 27949
1763579055345 8.999999999999999e-05 27999
1763579094840 8.999999999999999e-05 28049
1763579134334 8.999999999999999e-05 28099
1763579173835 8.999999999999999e-05 28149
1763579213329 8.999999999999999e-05 28199
1763579275129 8.999999999999999e-05 28249
1763579314612 8.999999999999999e-05 28299
1763579354112 8.999999999999999e-05 28349
1763579393599 8.999999999999999e-05 28399
1763579433089 8.999999999999999e-05 28449
1763579472574 8.999999999999999e-05 28499
1763579534272 8.999999999999999e-05 28549
1763579573783 8.999999999999999e-05 28599
1763579613335 8.999999999999999e-05 28649
1763579652848 8.999999999999999e-05 28699
1763579692355 8.999999999999999e-05 28749
1763579731868 8.999999999999999e-05 28799
1763579793728 8.999999999999999e-05 28849
1763579833239 8.999999999999999e-05 28899
1763579872752 8.999999999999999e-05 28949
1763579912255 8.999999999999999e-05 28999
1763579951759 8.999999999999999e-05 29049
1763579991260 8.999999999999999e-05 29099
1763580053259 8.999999999999999e-05 29149
1763580092754 8.999999999999999e-05 29199
1763580132261 8.999999999999999e-05 29249
1763580171780 8.999999999999999e-05 29299
1763580211277 8.999999999999999e-05 29349
1763580250779 8.999999999999999e-05 29399
1763580312498 8.999999999999999e-05 29449
1763580351992 8.999999999999999e-05 29499
1763580391489 8.999999999999999e-05 29549
1763580430984 8.999999999999999e-05 29599
1763580470474 8.999999999999999e-05 29649
1763580509973 8.999999999999999e-05 29699
1763580571766 8.999999999999999e-05 29749
1763580611267 8.999999999999999e-05 29799
1763580650760 8.999999999999999e-05 29849
1763580690276 8.999999999999999e-05 29899
1763580729800 8.999999999999999e-05 29949
1763580769290 8.999999999999999e-05 29999
1763580831122 2.6999999999999996e-05 30049
1763580870631 2.6999999999999996e-05 30099
1763580910145 2.6999999999999996e-05 30149
1763580949655 2.6999999999999996e-05 30199
1763580989167 2.6999999999999996e-05 30249
1763581028665 2.6999999999999996e-05 30299
1763581090555 2.6999999999999996e-05 30349
1763581130053 2.6999999999999996e-05 30399
1763581169561 2.6999999999999996e-05 30449
1763581209071 2.6999999999999996e-05 30499
1763581248565 2.6999999999999996e-05 30549
1763581288063 2.6999999999999996e-05 30599
1763581349825 2.6999999999999996e-05 30649
1763581389319 2.6999999999999996e-05 30699
1763581428824 2.6999999999999996e-05 30749
1763581468332 2.6999999999999996e-05 30799
1763581507822 2.6999999999999996e-05 30849
1763581547324 2.6999999999999996e-05 30899
1763581609356 2.6999999999999996e-05 30949
1763581648843 2.6999999999999996e-05 30999
1763581688354 2.6999999999999996e-05 31049
1763581727850 2.6999999999999996e-05 31099
1763581767339 2.6999999999999996e-05 31149
1763581806837 2.6999999999999996e-05 31199
1763581868683 2.6999999999999996e-05 31249
1763581908180 2.6999999999999996e-05 31299
1763581947689 2.6999999999999996e-05 31349
1763581987177 2.6999999999999996e-05 31399
1763582026674 2.6999999999999996e-05 31449
1763582066181 2.6999999999999996e-05 31499
1763582127935 2.6999999999999996e-05 31549
1763582167434 2.6999999999999996e-05 31599
1763582206928 2.6999999999999996e-05 31649
1763582246423 2.6999999999999996e-05 31699
1763582285922 2.6999999999999996e-05 31749
1763582325406 2.6999999999999996e-05 31799
1763582387354 2.6999999999999996e-05 31849
1763582426851 2.6999999999999996e-05 31899
1763582466349 2.6999999999999996e-05 31949
1763582505839 2.6999999999999996e-05 31999
1763582545339 2.6999999999999996e-05 32049
1763582584836 2.6999999999999996e-05 32099
1763582646786 2.6999999999999996e-05 32149
1763582686296 2.6999999999999996e-05 32199
1763582725824 2.6999999999999996e-05 32249
1763582765341 2.6999999999999996e-05 32299
1763582804846 2.6999999999999996e-05 32349
1763582844351 2.6999999999999996e-05 32399
1763582906126 2.6999999999999996e-05 32449
1763582945637 2.6999999999999996e-05 32499
1763582985139 2.6999999999999996e-05 32549
1763583024653 2.6999999999999996e-05 32599
1763583064156 2.6999999999999996e-05 32649
1763583103649 2.6999999999999996e-05 32699
1763583165612 2.6999999999999996e-05 32749
1763583205117 2.6999999999999996e-05 32799
1763583244612 2.6999999999999996e-05 32849
1763583284109 2.6999999999999996e-05 32899
1763583323597 2.6999999999999996e-05 32949
1763583363086 2.6999999999999996e-05 32999
