1763555117690 2.2340214252471924 299
1763555376532 1.8374541997909546 599
1763555635620 1.757035493850708 899
1763555895009 1.7133983373641968 1199
1763556154266 1.6568657159805298 1499
1763556413381 1.6452171802520752 1799
1763556672467 1.6263229846954346 2099
1763556931639 1.621817946434021 2399
1763557190856 1.5920923948287964 2699
1763557450293 1.5864908695220947 2999
1763557709666 1.5756866931915283 3299
1763557969236 1.5584180355072021 3599
1763558228788 1.556086778640747 3899
1763558488036 1.5467997789382935 4199
1763558747373 1.5520435571670532 4499
1763559006725 1.5270659923553467 4799
1763559266379 1.5234146118164062 5099
1763559525789 1.5261926651000977 5399
1763559785046 1.518334150314331 5699
1763560044483 1.5154402256011963 5999
1763560303899 1.5128926038742065 6299
1763560563230 1.4926397800445557 6599
1763560823002 1.4985437393188477 6899
1763561082444 1.5005089044570923 7199
1763561341601 1.4855542182922363 7499
1763561601194 1.4851239919662476 7799
1763561860595 1.480574607849121 8099
1763562119831 1.4867444038391113 8399
1763562379050 1.4843791723251343 8699
1763562638244 1.4808393716812134 8999
1763562897680 1.4599595069885254 9299
1763563157328 1.458295226097107 9599
1763563416737 1.4601925611495972 9899
1763563675942 1.4550820589065552 10199
1763563935154 1.457290530204773 10499
1763564194437 1.4444859027862549 10799
1763564453689 1.4403108358383179 11099
1763564713219 1.4482229948043823 11399
1763564972611 1.4336426258087158 11699
1763565231892 1.4414013624191284 11999
1763565491191 1.3731614351272583 12299
1763565750270 1.3687998056411743 12599
1763566009783 1.3603243827819824 12899
1763566269188 1.351772427558899 13199
1763566528389 1.353379726409912 13499
1763566787689 1.3449666500091553 13799
1763567046930 1.342127799987793 14099
1763567306295 1.3431012630462646 14399
1763567565694 1.3436866998672485 14699
1763567824954 1.3388224840164185 14999
1763568084519 1.339275598526001 15299
1763568343852 1.3325237035751343 15599
1763568603194 1.3294326066970825 15899
1763568862739 1.3278518915176392 16199
1763569121877 1.3240046501159668 16499
1763569381006 1.3232272863388062 16799
1763569640561 1.3233473300933838 17099
1763569899817 1.3134162425994873 17399
1763570159218 1.315704584121704 17699
1763570418560 1.314902901649475 17999
1763570677846 1.294995903968811 18299
1763570937143 1.2894949913024902 18599
1763571196661 1.2862000465393066 18899
1763571455930 1.2894988059997559 19199
1763571715269 1.2847429513931274 19499
1763571974520 1.2876032590866089 19799
1763572233787 1.2821576595306396 20099
1763572493140 1.2804694175720215 20399
1763572752729 1.2823748588562012 20699
1763573011935 1.2838114500045776 20999
1763573271359 1.2794917821884155 21299
1763573530809 1.2809449434280396 21599
1763573790063 1.279550552368164 21899
1763574049327 1.2803065776824951 22199
1763574308670 1.276485562324524 22499
1763574567709 1.2759289741516113 22799
1763574826725 1.2706643342971802 23099
1763575086001 1.2698616981506348 23399
1763575345429 1.2732540369033813 23699
1763575604728 1.2744112014770508 23999
1763575863976 1.2691439390182495 24299
1763576123072 1.273634910583496 24599
1763576382390 1.270223617553711 24899
1763576641666 1.2699435949325562 25199
1763576901131 1.2654694318771362 25499
1763577160608 1.2668185234069824 25799
1763577420009 1.2619048357009888 26099
1763577679485 1.2660621404647827 26399
1763577938817 1.2645816802978516 26699
1763578198231 1.2625327110290527 26999
1763578457849 1.2601784467697144 27299
1763578717036 1.2630974054336548 27599
1763578976300 1.2619340419769287 27899
1763579235615 1.2608938217163086 28199
1763579494815 1.2617237567901611 28499
1763579754202 1.2629045248031616 28799
1763580013743 1.2629464864730835 29099
1763580272963 1.2580286264419556 29399
1763580532253 1.2587660551071167 29699
1763580791673 1.2590830326080322 29999
1763581051007 1.250298023223877 30299
1763581310296 1.2518893480300903 30599
1763581569781 1.2493892908096313 30899
1763581829165 1.2522269487380981 31199
1763582088436 1.2527847290039062 31499
1763582347858 1.2508825063705444 31799
1763582607228 1.2496203184127808 32099
1763582866626 1.2504796981811523 32399
1763583126062 1.2505050897598267 32699
1763583385393 1.2477777004241943 32999
