1763555117690 10.283184051513672 299
1763555376532 6.485749244689941 599
1763555635620 6.006100654602051 899
1763555895009 5.721825122833252 1199
1763556154266 5.376773834228516 1499
1763556413381 5.301177024841309 1799
1763556672467 5.194789409637451 2099
1763556931639 5.158079147338867 2399
1763557190856 4.979311943054199 2699
1763557450293 4.940698623657227 2999
1763557709666 4.871982097625732 3299
1763557969236 4.785346984863281 3599
1763558228788 4.775076389312744 3899
1763558488036 4.730180263519287 4199
1763558747373 4.736591815948486 4499
1763559006725 4.613310813903809 4799
1763559266379 4.577457427978516 5099
1763559525789 4.6010332107543945 5399
1763559785046 4.557478904724121 5699
1763560044483 4.521333694458008 5999
1763560303899 4.530632495880127 6299
1763560563230 4.391943454742432 6599
1763560823002 4.421514511108398 6899
1763561082444 4.454347610473633 7199
1763561341601 4.349943161010742 7499
1763561601194 4.343616485595703 7799
1763561860595 4.336717128753662 8099
1763562119831 4.356529712677002 8399
1763562379050 4.333693981170654 8699
1763562638244 4.308841705322266 8999
1763562897680 4.198683738708496 9299
1763563157328 4.2030029296875 9599
1763563416737 4.220629692077637 9899
1763563675942 4.179680824279785 10199
1763563935154 4.203665256500244 10499
1763564194437 4.126430034637451 10799
1763564453689 4.085967063903809 11099
1763564713219 4.139656066894531 11399
1763564972611 4.055511951446533 11699
1763565231892 4.080076694488525 11999
1763565491191 3.745246410369873 12299
1763565750270 3.729140520095825 12599
1763566009783 3.679300308227539 12899
1763566269188 3.6330626010894775 13199
1763566528389 3.632180690765381 13499
1763566787689 3.5896217823028564 13799
1763567046930 3.5620079040527344 14099
1763567306295 3.571465253829956 14399
1763567565694 3.583474636077881 14699
1763567824954 3.5505783557891846 14999
1763568084519 3.5384562015533447 15299
1763568343852 3.506507158279419 15599
1763568603194 3.4958648681640625 15899
1763568862739 3.4803500175476074 16199
1763569121877 3.4597127437591553 16499
1763569381006 3.448737859725952 16799
1763569640561 3.4657840728759766 17099
1763569899817 3.388812303543091 17399
1763570159218 3.411487579345703 17699
1763570418560 3.4064924716949463 17999
1763570677846 3.303812026977539 18299
1763570937143 3.268644332885742 18599
1763571196661 3.2700557708740234 18899
1763571455930 3.2865824699401855 19199
1763571715269 3.250098466873169 19499
1763571974520 3.282580852508545 19799
1763572233787 3.246088981628418 20099
1763572493140 3.24230694770813 20399
1763572752729 3.2485058307647705 20699
1763573011935 3.240910053253174 20999
1763573271359 3.226222276687622 21299
1763573530809 3.233032703399658 21599
1763573790063 3.241574764251709 21899
1763574049327 3.222781181335449 22199
1763574308670 3.2108311653137207 22499
1763574567709 3.2042958736419678 22799
1763574826725 3.180936574935913 23099
1763575086001 3.1812005043029785 23399
1763575345429 3.18999981880188 23699
1763575604728 3.2044599056243896 23999
1763575863976 3.1709787845611572 24299
1763576123072 3.195585012435913 24599
1763576382390 3.1800432205200195 24899
1763576641666 3.173877477645874 25199
1763576901131 3.14131760597229 25499
1763577160608 3.167778968811035 25799
1763577420009 3.1312341690063477 26099
1763577679485 3.1451079845428467 26399
1763577938817 3.152838706970215 26699
1763578198231 3.12595272064209 26999
1763578457849 3.120946168899536 27299
1763578717036 3.138202428817749 27599
1763578976300 3.1339235305786133 27899
1763579235615 3.1207661628723145 28199
1763579494815 3.1401145458221436 28499
1763579754202 3.129335641860962 28799
1763580013743 3.134948253631592 29099
1763580272963 3.109795570373535 29399
1763580532253 3.1148743629455566 29699
1763580791673 3.1171975135803223 29999
1763581051007 3.077129364013672 30299
1763581310296 3.086249589920044 30599
1763581569781 3.0643115043640137 30899
1763581829165 3.086864948272705 31199
1763582088436 3.0843708515167236 31499
1763582347858 3.0775985717773438 31799
1763582607228 3.0727999210357666 32099
1763582866626 3.0679593086242676 32399
1763583126062 3.0833914279937744 32699
1763583385393 3.0586395263671875 32999
