1763555117690 1.6795482635498047 299
1763555376532 1.1725915670394897 599
1763555635620 1.0800331830978394 899
1763555895009 1.0519756078720093 1199
1763556154266 0.9953659176826477 1499
1763556413381 0.9844905734062195 1799
1763556672467 0.972012460231781 2099
1763556931639 0.9703212380409241 2399
1763557190856 0.9408072829246521 2699
1763557450293 0.9410359859466553 2999
1763557709666 0.9263432025909424 3299
1763557969236 0.9148169755935669 3599
1763558228788 0.9100750684738159 3899
1763558488036 0.9100707769393921 4199
1763558747373 0.9168110489845276 4499
1763559006725 0.8863982558250427 4799
1763559266379 0.8851884007453918 5099
1763559525789 0.8831943273544312 5399
1763559785046 0.8899115920066833 5699
1763560044483 0.8838672041893005 5999
1763560303899 0.885048508644104 6299
1763560563230 0.8685256838798523 6599
1763560823002 0.8832236528396606 6899
1763561082444 0.8727185726165771 7199
1763561341601 0.8660356402397156 7499
1763561601194 0.8726263046264648 7799
1763561860595 0.8606770634651184 8099
1763562119831 0.8688804507255554 8399
1763562379050 0.8691713213920593 8699
1763562638244 0.8706963062286377 8999
1763562897680 0.8614015579223633 9299
1763563157328 0.8538261651992798 9599
1763563416737 0.8545567989349365 9899
1763563675942 0.8621897101402283 10199
1763563935154 0.8600030541419983 10499
1763564194437 0.8449788689613342 10799
1763564453689 0.8518756628036499 11099
1763564713219 0.8622360825538635 11399
1763564972611 0.8435885906219482 11699
1763565231892 0.8602805137634277 11999
1763565491191 0.7947723865509033 12299
1763565750270 0.795841634273529 12599
1763566009783 0.7929084897041321 12899
1763566269188 0.7894109487533569 13199
1763566528389 0.7921812534332275 13499
1763566787689 0.7904691696166992 13799
1763567046930 0.7911328077316284 14099
1763567306295 0.7960484623908997 14399
1763567565694 0.791627824306488 14699
1763567824954 0.789452075958252 14999
1763568084519 0.7897629737854004 15299
1763568343852 0.7935208678245544 15599
1763568603194 0.7923359274864197 15899
1763568862739 0.7866746187210083 16199
1763569121877 0.7863779067993164 16499
1763569381006 0.784550130367279 16799
1763569640561 0.792351484298706 17099
1763569899817 0.7849845886230469 17399
1763570159218 0.7862061262130737 17699
1763570418560 0.785599946975708 17999
1763570677846 0.7738957405090332 18299
1763570937143 0.7748979926109314 18599
1763571196661 0.7722724676132202 18899
1763571455930 0.7707602977752686 19199
1763571715269 0.7701016664505005 19499
1763571974520 0.769507110118866 19799
1763572233787 0.77095627784729 20099
1763572493140 0.7654406428337097 20399
1763572752729 0.7711545825004578 20699
1763573011935 0.7740023732185364 20999
1763573271359 0.7703360319137573 21299
1763573530809 0.7681123614311218 21599
1763573790063 0.771345853805542 21899
1763574049327 0.7704094648361206 22199
1763574308670 0.7697995901107788 22499
1763574567709 0.7692050337791443 22799
1763574826725 0.771755576133728 23099
1763575086001 0.7699047923088074 23399
1763575345429 0.7669211030006409 23699
1763575604728 0.7687588930130005 23999
1763575863976 0.7697929739952087 24299
1763576123072 0.773713231086731 24599
1763576382390 0.7690613269805908 24899
1763576641666 0.7690922617912292 25199
1763576901131 0.7703112959861755 25499
1763577160608 0.766940176486969 25799
1763577420009 0.7683340311050415 26099
1763577679485 0.7702769041061401 26399
1763577938817 0.7671993374824524 26699
1763578198231 0.7676886916160583 26999
1763578457849 0.7699078917503357 27299
1763578717036 0.7710516452789307 27599
1763578976300 0.7675290703773499 27899
1763579235615 0.7711930871009827 28199
1763579494815 0.7680808305740356 28499
1763579754202 0.7673460245132446 28799
1763580013743 0.770185112953186 29099
1763580272963 0.7693440318107605 29399
1763580532253 0.7666640877723694 29699
1763580791673 0.7697098851203918 29999
1763581051007 0.7635439038276672 30299
1763581310296 0.763531506061554 30599
1763581569781 0.7632535696029663 30899
1763581829165 0.7657292485237122 31199
1763582088436 0.766547679901123 31499
1763582347858 0.7659202814102173 31799
1763582607228 0.7621451020240784 32099
1763582866626 0.7651069760322571 32399
1763583126062 0.7639011144638062 32699
1763583385393 0.7644647359848022 32999
