1763555117690 9.394429206848145 299
1763555376532 6.597299098968506 599
1763555635620 6.271084785461426 899
1763555895009 6.00990629196167 1199
1763556154266 5.639510154724121 1499
1763556413381 5.429818630218506 1799
1763556672467 5.390064716339111 2099
1763556931639 5.338282108306885 2399
1763557190856 4.944576263427734 2699
1763557450293 5.062053680419922 2999
1763557709666 5.019258499145508 3299
1763557969236 4.855232238769531 3599
1763558228788 4.924021244049072 3899
1763558488036 4.82451057434082 4199
1763558747373 4.82240629196167 4499
1763559006725 4.801105976104736 4799
1763559266379 4.629306316375732 5099
1763559525789 4.620798587799072 5399
1763559785046 4.589397430419922 5699
1763560044483 4.616857051849365 5999
1763560303899 4.600907802581787 6299
1763560563230 4.411961078643799 6599
1763560823002 4.58331823348999 6899
1763561082444 4.353403568267822 7199
1763561341601 4.359184265136719 7499
1763561601194 4.379859924316406 7799
1763561860595 4.192398548126221 8099
1763562119831 4.32230281829834 8399
1763562379050 4.4037957191467285 8699
1763562638244 4.446929931640625 8999
1763562897680 4.20367431640625 9299
1763563157328 4.160036087036133 9599
1763563416737 4.198495864868164 9899
1763563675942 4.2990193367004395 10199
1763563935154 4.266897678375244 10499
1763564194437 4.183050632476807 10799
1763564453689 4.136690139770508 11099
1763564713219 4.243768692016602 11399
1763564972611 4.223280429840088 11699
1763565231892 4.1961517333984375 11999
1763565491191 3.7742395401000977 12299
1763565750270 3.6892313957214355 12599
1763566009783 3.7157065868377686 12899
1763566269188 3.695528030395508 13199
1763566528389 3.716437578201294 13499
1763566787689 3.537217855453491 13799
1763567046930 3.617156744003296 14099
1763567306295 3.623993396759033 14399
1763567565694 3.75433349609375 14699
1763567824954 3.639836072921753 14999
1763568084519 3.508143663406372 15299
1763568343852 3.5639891624450684 15599
1763568603194 3.6155548095703125 15899
1763568862739 3.5005407333374023 16199
1763569121877 3.5516412258148193 16499
1763569381006 3.5507547855377197 16799
1763569640561 3.6025760173797607 17099
1763569899817 3.46785569190979 17399
1763570159218 3.392237424850464 17699
1763570418560 3.424633026123047 17999
1763570677846 3.321927785873413 18299
1763570937143 3.338076114654541 18599
1763571196661 3.3450188636779785 18899
1763571455930 3.3657889366149902 19199
1763571715269 3.250629186630249 19499
1763571974520 3.3333358764648438 19799
1763572233787 3.3871042728424072 20099
1763572493140 3.373828172683716 20399
1763572752729 3.3108572959899902 20699
1763573011935 3.221296787261963 20999
1763573271359 3.3330814838409424 21299
1763573530809 3.3087446689605713 21599
1763573790063 3.409790277481079 21899
1763574049327 3.2866878509521484 22199
1763574308670 3.3351922035217285 22499
1763574567709 3.2532835006713867 22799
1763574826725 3.2683844566345215 23099
1763575086001 3.317143201828003 23399
1763575345429 3.274503469467163 23699
1763575604728 3.251265287399292 23999
1763575863976 3.2423291206359863 24299
1763576123072 3.3276448249816895 24599
1763576382390 3.235814332962036 24899
1763576641666 3.245295524597168 25199
1763576901131 3.266535520553589 25499
1763577160608 3.2741527557373047 25799
1763577420009 3.286679267883301 26099
1763577679485 3.178252696990967 26399
1763577938817 3.2142856121063232 26699
1763578198231 3.2234065532684326 26999
1763578457849 3.21211838722229 27299
1763578717036 3.291940212249756 27599
1763578976300 3.282794237136841 27899
1763579235615 3.165926694869995 28199
1763579494815 3.2336909770965576 28499
1763579754202 3.178654193878174 28799
1763580013743 3.1488144397735596 29099
1763580272963 3.1915946006774902 29399
1763580532253 3.2076058387756348 29699
1763580791673 3.2045059204101562 29999
1763581051007 3.2702112197875977 30299
1763581310296 3.2670822143554688 30599
1763581569781 3.183809995651245 30899
1763581829165 3.197266101837158 31199
1763582088436 3.333279848098755 31499
1763582347858 3.137336015701294 31799
1763582607228 3.1150989532470703 32099
1763582866626 3.052823543548584 32399
1763583126062 3.2021217346191406 32699
1763583385393 3.2623543739318848 32999
