1763555117690 2.3963558673858643 299
1763555376532 2.046450138092041 599
1763555635620 1.9854620695114136 899
1763555895009 1.9308329820632935 1199
1763556154266 1.8802638053894043 1499
1763556413381 1.8704649209976196 1799
1763556672467 1.8388233184814453 2099
1763556931639 1.8389745950698853 2399
1763557190856 1.8100359439849854 2699
1763557450293 1.7970901727676392 2999
1763557709666 1.7999008893966675 3299
1763557969236 1.7797235250473022 3599
1763558228788 1.7722290754318237 3899
1763558488036 1.7654565572738647 4199
1763558747373 1.7657092809677124 4499
1763559006725 1.7459467649459839 4799
1763559266379 1.7416784763336182 5099
1763559525789 1.7483843564987183 5399
1763559785046 1.7375311851501465 5699
1763560044483 1.724928855895996 5999
1763560303899 1.7291110754013062 6299
1763560563230 1.6967061758041382 6599
1763560823002 1.7029542922973633 6899
1763561082444 1.71567964553833 7199
1763561341601 1.6955103874206543 7499
1763561601194 1.6930346488952637 7799
1763561860595 1.6974269151687622 8099
1763562119831 1.700798511505127 8399
1763562379050 1.6833285093307495 8699
1763562638244 1.691846251487732 8999
1763562897680 1.6593226194381714 9299
1763563157328 1.6707088947296143 9599
1763563416737 1.669968843460083 9899
1763563675942 1.65309739112854 10199
1763563935154 1.663869023323059 10499
1763564194437 1.6491808891296387 10799
1763564453689 1.6373744010925293 11099
1763564713219 1.650861382484436 11399
1763564972611 1.635085940361023 11699
1763565231892 1.641188383102417 11999
1763565491191 1.5673681497573853 12299
1763565750270 1.5597599744796753 12599
1763566009783 1.5434324741363525 12899
1763566269188 1.5282659530639648 13199
1763566528389 1.5370620489120483 13499
1763566787689 1.5194480419158936 13799
1763567046930 1.5174537897109985 14099
1763567306295 1.5188769102096558 14399
1763567565694 1.5241798162460327 14699
1763567824954 1.5134682655334473 14999
1763568084519 1.5086414813995361 15299
1763568343852 1.5012985467910767 15599
1763568603194 1.5000231266021729 15899
1763568862739 1.497930645942688 16199
1763569121877 1.4929341077804565 16499
1763569381006 1.48551607131958 16799
1763569640561 1.4898096323013306 17099
1763569899817 1.4732599258422852 17399
1763570159218 1.4831554889678955 17699
1763570418560 1.4814027547836304 17999
1763570677846 1.4529671669006348 18299
1763570937143 1.4441643953323364 18599
1763571196661 1.4386556148529053 18899
1763571455930 1.4441511631011963 19199
1763571715269 1.4406532049179077 19499
1763571974520 1.4450886249542236 19799
1763572233787 1.433991551399231 20099
1763572493140 1.4318498373031616 20399
1763572752729 1.4389106035232544 20699
1763573011935 1.4348602294921875 20999
1763573271359 1.4338997602462769 21299
1763573530809 1.4275869131088257 21599
1763573790063 1.4247899055480957 21899
1763574049327 1.4282270669937134 22199
1763574308670 1.427849531173706 22499
1763574567709 1.4215281009674072 22799
1763574826725 1.415657877922058 23099
1763575086001 1.4155744314193726 23399
1763575345429 1.4249006509780884 23699
1763575604728 1.4191595315933228 23999
1763575863976 1.4136379957199097 24299
1763576123072 1.4164646863937378 24599
1763576382390 1.419824481010437 24899
1763576641666 1.4205163717269897 25199
1763576901131 1.406245231628418 25499
1763577160608 1.413140058517456 25799
1763577420009 1.4035426378250122 26099
1763577679485 1.4069582223892212 26399
1763577938817 1.4091155529022217 26699
1763578198231 1.4041495323181152 26999
1763578457849 1.4007000923156738 27299
1763578717036 1.402094841003418 27599
1763578976300 1.4048712253570557 27899
1763579235615 1.4019014835357666 28199
1763579494815 1.405292272567749 28499
1763579754202 1.4042272567749023 28799
1763580013743 1.4048634767532349 29099
1763580272963 1.3924965858459473 29399
1763580532253 1.3999903202056885 29699
1763580791673 1.397334337234497 29999
1763581051007 1.387007236480713 30299
1763581310296 1.3916738033294678 30599
1763581569781 1.3879315853118896 30899
1763581829165 1.3845243453979492 31199
1763582088436 1.38827645778656 31499
1763582347858 1.3892649412155151 31799
1763582607228 1.388586163520813 32099
1763582866626 1.3861390352249146 32399
1763583126062 1.385781168937683 32699
1763583385393 1.3854236602783203 32999
