1763555117690 11.599126815795898 299
1763555376532 9.247238159179688 599
1763555635620 8.929094314575195 899
1763555895009 8.507805824279785 1199
1763556154266 8.290831565856934 1499
1763556413381 8.221187591552734 1799
1763556672467 8.083239555358887 2099
1763556931639 8.134392738342285 2399
1763557190856 7.708249568939209 2699
1763557450293 7.871134281158447 2999
1763557709666 7.686939716339111 3299
1763557969236 7.528785228729248 3599
1763558228788 7.641273021697998 3899
1763558488036 7.436309337615967 4199
1763558747373 7.414687156677246 4499
1763559006725 7.507873058319092 4799
1763559266379 7.316026210784912 5099
1763559525789 7.386116981506348 5399
1763559785046 7.410224437713623 5699
1763560044483 7.190328121185303 5999
1763560303899 7.371954917907715 6299
1763560563230 6.989313125610352 6599
1763560823002 7.113683223724365 6899
1763561082444 7.066758632659912 7199
1763561341601 7.029606342315674 7499
1763561601194 6.940611839294434 7799
1763561860595 6.921319961547852 8099
1763562119831 6.8612589836120605 8399
1763562379050 6.940115928649902 8699
1763562638244 6.870577812194824 8999
1763562897680 6.741230010986328 9299
1763563157328 6.717207908630371 9599
1763563416737 6.878520488739014 9899
1763563675942 6.718950271606445 10199
1763563935154 6.717176914215088 10499
1763564194437 6.663669109344482 10799
1763564453689 6.575680255889893 11099
1763564713219 6.716702938079834 11399
1763564972611 6.692834854125977 11699
1763565231892 6.57588529586792 11999
1763565491191 6.177594184875488 12299
1763565750270 6.009881973266602 12599
1763566009783 5.975127696990967 12899
1763566269188 5.962812423706055 13199
1763566528389 5.975652694702148 13499
1763566787689 5.785167694091797 13799
1763567046930 5.776509761810303 14099
1763567306295 5.769253730773926 14399
1763567565694 6.006938934326172 14699
1763567824954 5.857405662536621 14999
1763568084519 5.847996711730957 15299
1763568343852 5.6730637550354 15599
1763568603194 5.614454746246338 15899
1763568862739 5.676192283630371 16199
1763569121877 5.620375633239746 16499
1763569381006 5.484223365783691 16799
1763569640561 5.769195556640625 17099
1763569899817 5.470215797424316 17399
1763570159218 5.473141670227051 17699
1763570418560 5.475557327270508 17999
1763570677846 5.394899845123291 18299
1763570937143 5.320988178253174 18599
1763571196661 5.39211893081665 18899
1763571455930 5.521559238433838 19199
1763571715269 5.187386512756348 19499
1763571974520 5.379422664642334 19799
1763572233787 5.295231342315674 20099
1763572493140 5.309075355529785 20399
1763572752729 5.347048759460449 20699
1763573011935 5.160562515258789 20999
1763573271359 5.23413610458374 21299
1763573530809 5.2854905128479 21599
1763573790063 5.420644283294678 21899
1763574049327 5.239649295806885 22199
1763574308670 5.331210613250732 22499
1763574567709 5.169462203979492 22799
1763574826725 5.221772193908691 23099
1763575086001 5.256394386291504 23399
1763575345429 5.266819953918457 23699
1763575604728 5.204148292541504 23999
1763575863976 5.1984710693359375 24299
1763576123072 5.2189812660217285 24599
1763576382390 5.124495029449463 24899
1763576641666 5.205004692077637 25199
1763576901131 5.046572685241699 25499
1763577160608 5.24131441116333 25799
1763577420009 5.200312614440918 26099
1763577679485 5.084759712219238 26399
1763577938817 5.193740367889404 26699
1763578198231 5.120895862579346 26999
1763578457849 5.121952533721924 27299
1763578717036 5.073119163513184 27599
1763578976300 5.170851230621338 27899
1763579235615 5.152977466583252 28199
1763579494815 5.1409077644348145 28499
1763579754202 5.096288681030273 28799
1763580013743 5.0251545906066895 29099
1763580272963 5.031779766082764 29399
1763580532253 5.045285224914551 29699
1763580791673 5.087705612182617 29999
1763581051007 5.18634557723999 30299
1763581310296 5.109398365020752 30599
1763581569781 4.945622444152832 30899
1763581829165 5.080989837646484 31199
1763582088436 5.154858112335205 31499
1763582347858 4.873470306396484 31799
1763582607228 5.021599769592285 32099
1763582866626 4.8236083984375 32399
1763583126062 5.2260942459106445 32699
1763583385393 5.033236026763916 32999
