1763555117690 0.270588755607605 299
1763555376532 0.21875394880771637 599
1763555635620 0.20889396965503693 899
1763555895009 0.20349489152431488 1199
1763556154266 0.19656628370285034 1499
1763556413381 0.1949298083782196 1799
1763556672467 0.19275180995464325 2099
1763556931639 0.1921539455652237 2399
1763557190856 0.18820682168006897 2699
1763557450293 0.1877336949110031 2999
1763557709666 0.18641482293605804 3299
1763557969236 0.18420270085334778 3599
1763558228788 0.18401531875133514 3899
1763558488036 0.18287992477416992 4199
1763558747373 0.18343113362789154 4499
1763559006725 0.18054963648319244 4799
1763559266379 0.17986507713794708 5099
1763559525789 0.18026742339134216 5399
1763559785046 0.179347425699234 5699
1763560044483 0.17893673479557037 5999
1763560303899 0.17874310910701752 6299
1763560563230 0.17601606249809265 6599
1763560823002 0.1769517958164215 6899
1763561082444 0.17697754502296448 7199
1763561341601 0.17525914311408997 7499
1763561601194 0.17512433230876923 7799
1763561860595 0.17442436516284943 8099
1763562119831 0.17524126172065735 8399
1763562379050 0.17508575320243835 8699
1763562638244 0.17463620007038116 8999
1763562897680 0.1720452457666397 9299
1763563157328 0.1718132346868515 9599
1763563416737 0.17216001451015472 9899
1763563675942 0.17158842086791992 10199
1763563935154 0.17177505791187286 10499
1763564194437 0.17022685706615448 10799
1763564453689 0.16968315839767456 11099
1763564713219 0.1707397699356079 11399
1763564972611 0.16899561882019043 11699
1763565231892 0.1698232740163803 11999
1763565491191 0.16151371598243713 12299
1763565750270 0.16090083122253418 12599
1763566009783 0.15991003811359406 12899
1763566269188 0.15889675915241241 13199
1763566528389 0.15917323529720306 13499
1763566787689 0.1579582840204239 13799
1763567046930 0.15770670771598816 14099
1763567306295 0.15783630311489105 14399
1763567565694 0.15809302031993866 14699
1763567824954 0.1573537290096283 14999
1763568084519 0.15726687014102936 15299
1763568343852 0.15655504167079926 15599
1763568603194 0.1561431884765625 15899
1763568862739 0.15590442717075348 16199
1763569121877 0.15549573302268982 16499
1763569381006 0.1553228497505188 16799
1763569640561 0.15552949905395508 17099
1763569899817 0.15418587625026703 17399
1763570159218 0.15441882610321045 17699
1763570418560 0.15432682633399963 17999
1763570677846 0.15194132924079895 18299
1763570937143 0.15123295783996582 18599
1763571196661 0.150953009724617 18899
1763571455930 0.1513737291097641 19199
1763571715269 0.1505923718214035 19499
1763571974520 0.1510854959487915 19799
1763572233787 0.15045881271362305 20099
1763572493140 0.15028056502342224 20399
1763572752729 0.1504666954278946 20699
1763573011935 0.15048585832118988 20999
1763573271359 0.15009699761867523 21299
1763573530809 0.15023237466812134 21599
1763573790063 0.15022072196006775 21899
1763574049327 0.15014886856079102 22199
1763574308670 0.14976507425308228 22499
1763574567709 0.14962807297706604 22799
1763574826725 0.14903803169727325 23099
1763575086001 0.1490105390548706 23399
1763575345429 0.14936412870883942 23699
1763575604728 0.1494130939245224 23999
1763575863976 0.14887544512748718 24299
1763576123072 0.14942675828933716 24599
1763576382390 0.14893145859241486 24899
1763576641666 0.14894862473011017 25199
1763576901131 0.14832501113414764 25499
1763577160608 0.1486089676618576 25799
1763577420009 0.14804421365261078 26099
1763577679485 0.14839889109134674 26399
1763577938817 0.1483076512813568 26699
1763578198231 0.1480085700750351 26999
1763578457849 0.14780832827091217 27299
1763578717036 0.14814862608909607 27599
1763578976300 0.1480426788330078 27899
1763579235615 0.1478094458580017 28199
1763579494815 0.1479857712984085 28499
1763579754202 0.14801673591136932 28799
1763580013743 0.14801865816116333 29099
1763580272963 0.14745314419269562 29399
1763580532253 0.1476156860589981 29699
1763580791673 0.14759625494480133 29999
1763581051007 0.14670798182487488 30299
1763581310296 0.14685478806495667 30599
1763581569781 0.14638236165046692 30899
1763581829165 0.14684127271175385 31199
1763582088436 0.14699038863182068 31499
1763582347858 0.14656704664230347 31799
1763582607228 0.1464160978794098 32099
1763582866626 0.14637793600559235 32399
1763583126062 0.1466725617647171 32699
1763583385393 0.14632172882556915 32999
