1763555117690 5.695854663848877 299
1763555376532 2.5186073780059814 599
1763555635620 2.120314121246338 899
1763555895009 1.9857134819030762 1199
1763556154266 1.7026009559631348 1499
1763556413381 1.601243257522583 1799
1763556672467 1.5745352506637573 2099
1763556931639 1.5472066402435303 2399
1763557190856 1.3629063367843628 2699
1763557450293 1.431218147277832 2999
1763557709666 1.3645318746566772 3299
1763557969236 1.3469611406326294 3599
1763558228788 1.3756548166275024 3899
1763558488036 1.2957258224487305 4199
1763558747373 1.3623584508895874 4499
1763559006725 1.2863469123840332 4799
1763559266379 1.2350293397903442 5099
1763559525789 1.2371903657913208 5399
1763559785046 1.276940107345581 5699
1763560044483 1.2576106786727905 5999
1763560303899 1.2677557468414307 6299
1763560563230 1.1644762754440308 6599
1763560823002 1.227230191230774 6899
1763561082444 1.1873936653137207 7199
1763561341601 1.1989190578460693 7499
1763561601194 1.162466287612915 7799
1763561860595 1.0835922956466675 8099
1763562119831 1.1241116523742676 8399
1763562379050 1.2100379467010498 8699
1763562638244 1.1138865947723389 8999
1763562897680 1.1350990533828735 9299
1763563157328 1.0727198123931885 9599
1763563416737 1.1137940883636475 9899
1763563675942 1.1405693292617798 10199
1763563935154 1.123342514038086 10499
1763564194437 1.061017394065857 10799
1763564453689 1.0670356750488281 11099
1763564713219 1.1185212135314941 11399
1763564972611 1.0621566772460938 11699
1763565231892 1.1223878860473633 11999
1763565491191 0.8749083876609802 12299
1763565750270 0.8867049217224121 12599
1763566009783 0.856910765171051 12899
1763566269188 0.8395155668258667 13199
1763566528389 0.8882606029510498 13499
1763566787689 0.8387882113456726 13799
1763567046930 0.8635479807853699 14099
1763567306295 0.8953399658203125 14399
1763567565694 0.8847504258155823 14699
1763567824954 0.8907985091209412 14999
1763568084519 0.8650637269020081 15299
1763568343852 0.8641376495361328 15599
1763568603194 0.8399864435195923 15899
1763568862739 0.8429735898971558 16199
1763569121877 0.8554787039756775 16499
1763569381006 0.8741600513458252 16799
1763569640561 0.8756619691848755 17099
1763569899817 0.862684965133667 17399
1763570159218 0.8426377773284912 17699
1763570418560 0.8254368305206299 17999
1763570677846 0.8031848073005676 18299
1763570937143 0.7903220653533936 18599
1763571196661 0.8215847015380859 18899
1763571455930 0.8273953199386597 19199
1763571715269 0.7578220367431641 19499
1763571974520 0.800762951374054 19799
1763572233787 0.7812919616699219 20099
1763572493140 0.7906915545463562 20399
1763572752729 0.8153300881385803 20699
1763573011935 0.7767009735107422 20999
1763573271359 0.7733553647994995 21299
1763573530809 0.7951495051383972 21599
1763573790063 0.8119876980781555 21899
1763574049327 0.8019803166389465 22199
1763574308670 0.8046631813049316 22499
1763574567709 0.7917975187301636 22799
1763574826725 0.7842544913291931 23099
1763575086001 0.8163090944290161 23399
1763575345429 0.793652355670929 23699
1763575604728 0.7782524228096008 23999
1763575863976 0.7936033010482788 24299
1763576123072 0.8086734414100647 24599
1763576382390 0.7816513180732727 24899
1763576641666 0.7821123003959656 25199
1763576901131 0.7809104919433594 25499
1763577160608 0.8079912066459656 25799
1763577420009 0.8038830161094666 26099
1763577679485 0.7606841325759888 26399
1763577938817 0.7766526341438293 26699
1763578198231 0.7587212324142456 26999
1763578457849 0.8075345158576965 27299
1763578717036 0.7920439839363098 27599
1763578976300 0.7875180244445801 27899
1763579235615 0.7897072434425354 28199
1763579494815 0.7886205911636353 28499
1763579754202 0.7651054859161377 28799
1763580013743 0.7717539668083191 29099
1763580272963 0.777787983417511 29399
1763580532253 0.7948758006095886 29699
1763580791673 0.7748976349830627 29999
1763581051007 0.7901686429977417 30299
1763581310296 0.7865008115768433 30599
1763581569781 0.7551985383033752 30899
1763581829165 0.7940701842308044 31199
1763582088436 0.7835764288902283 31499
1763582347858 0.7757006883621216 31799
1763582607228 0.7470934391021729 32099
1763582866626 0.7274768352508545 32399
1763583126062 0.7880496382713318 32699
1763583385393 0.783810555934906 32999
