1763555117690 2.4643805027008057 299
1763555376532 2.1786718368530273 599
1763555635620 2.113798141479492 899
1763555895009 2.0797011852264404 1199
1763556154266 2.020298957824707 1499
1763556413381 2.0231258869171143 1799
1763556672467 2.009122848510742 2099
1763556931639 1.9960451126098633 2399
1763557190856 1.9737515449523926 2699
1763557450293 1.962518572807312 2999
1763557709666 1.94827139377594 3299
1763557969236 1.9544463157653809 3599
1763558228788 1.954429268836975 3899
1763558488036 1.9348984956741333 4199
1763558747373 1.9214839935302734 4499
1763559006725 1.9095525741577148 4799
1763559266379 1.920069694519043 5099
1763559525789 1.9108176231384277 5399
1763559785046 1.904066562652588 5699
1763560044483 1.8967853784561157 5999
1763560303899 1.884382724761963 6299
1763560563230 1.877731442451477 6599
1763560823002 1.8775231838226318 6899
1763561082444 1.8756543397903442 7199
1763561341601 1.8667166233062744 7499
1763561601194 1.8666017055511475 7799
1763561860595 1.8697515726089478 8099
1763562119831 1.8686630725860596 8399
1763562379050 1.8751379251480103 8699
1763562638244 1.8388276100158691 8999
1763562897680 1.830034613609314 9299
1763563157328 1.844254493713379 9599
1763563416737 1.846139907836914 9899
1763563675942 1.8290925025939941 10199
1763563935154 1.8382402658462524 10499
1763564194437 1.818544626235962 10799
1763564453689 1.8099489212036133 11099
1763564713219 1.8239666223526 11399
1763564972611 1.8052774667739868 11699
1763565231892 1.8100072145462036 11999
1763565491191 1.7424378395080566 12299
1763565750270 1.7389320135116577 12599
1763566009783 1.7354964017868042 12899
1763566269188 1.7249271869659424 13199
1763566528389 1.7088840007781982 13499
1763566787689 1.7088502645492554 13799
1763567046930 1.6949098110198975 14099
1763567306295 1.7000865936279297 14399
1763567565694 1.6977593898773193 14699
1763567824954 1.6886602640151978 14999
1763568084519 1.6942487955093384 15299
1763568343852 1.6759761571884155 15599
1763568603194 1.6723071336746216 15899
1763568862739 1.6718848943710327 16199
1763569121877 1.6619924306869507 16499
1763569381006 1.6680842638015747 16799
1763569640561 1.6631025075912476 17099
1763569899817 1.6460542678833008 17399
1763570159218 1.6486629247665405 17699
1763570418560 1.660323977470398 17999
1763570677846 1.6300081014633179 18299
1763570937143 1.6198850870132446 18599
1763571196661 1.6328613758087158 18899
1763571455930 1.617724895477295 19199
1763571715269 1.615691065788269 19499
1763571974520 1.6167796850204468 19799
1763572233787 1.617613673210144 20099
1763572493140 1.6027190685272217 20399
1763572752729 1.6091675758361816 20699
1763573011935 1.6118507385253906 20999
1763573271359 1.6053581237792969 21299
1763573530809 1.6005929708480835 21599
1763573790063 1.602946400642395 21899
1763574049327 1.6087651252746582 22199
1763574308670 1.593015193939209 22499
1763574567709 1.5988857746124268 22799
1763574826725 1.592409372329712 23099
1763575086001 1.5883013010025024 23399
1763575345429 1.5932320356369019 23699
1763575604728 1.5959382057189941 23999
1763575863976 1.5893057584762573 24299
1763576123072 1.59019136428833 24599
1763576382390 1.5876283645629883 24899
1763576641666 1.59394109249115 25199
1763576901131 1.58175528049469 25499
1763577160608 1.5787954330444336 25799
1763577420009 1.5780627727508545 26099
1763577679485 1.5739221572875977 26399
1763577938817 1.5812729597091675 26699
1763578198231 1.5827126502990723 26999
1763578457849 1.5757406949996948 27299
1763578717036 1.5783528089523315 27599
1763578976300 1.5740021467208862 27899
1763579235615 1.567366600036621 28199
1763579494815 1.5757520198822021 28499
1763579754202 1.5718965530395508 28799
1763580013743 1.571075201034546 29099
1763580272963 1.5673956871032715 29399
1763580532253 1.5634677410125732 29699
1763580791673 1.565390706062317 29999
1763581051007 1.5586918592453003 30299
1763581310296 1.555751919746399 30599
1763581569781 1.561974048614502 30899
1763581829165 1.5606226921081543 31199
1763582088436 1.5658525228500366 31499
1763582347858 1.5576441287994385 31799
1763582607228 1.5538276433944702 32099
1763582866626 1.5594605207443237 32399
1763583126062 1.5623213052749634 32699
1763583385393 1.5519802570343018 32999
