1763555117690 9.236907958984375 299
1763555376532 6.455597400665283 599
1763555635620 6.063281536102295 899
1763555895009 5.8137407302856445 1199
1763556154266 5.479325294494629 1499
1763556413381 5.320193290710449 1799
1763556672467 5.278661251068115 2099
1763556931639 5.25469446182251 2399
1763557190856 4.89059591293335 2699
1763557450293 5.012015342712402 2999
1763557709666 4.958583354949951 3299
1763557969236 4.795682907104492 3599
1763558228788 4.852571487426758 3899
1763558488036 4.784308433532715 4199
1763558747373 4.763322353363037 4499
1763559006725 4.724924087524414 4799
1763559266379 4.583013534545898 5099
1763559525789 4.617770195007324 5399
1763559785046 4.605114936828613 5699
1763560044483 4.54966926574707 5999
1763560303899 4.614712715148926 6299
1763560563230 4.360436916351318 6599
1763560823002 4.495558738708496 6899
1763561082444 4.393553256988525 7199
1763561341601 4.372870922088623 7499
1763561601194 4.332855701446533 7799
1763561860595 4.186822891235352 8099
1763562119831 4.290133953094482 8399
1763562379050 4.362400054931641 8699
1763562638244 4.3252387046813965 8999
1763562897680 4.195616245269775 9299
1763563157328 4.1438117027282715 9599
1763563416737 4.22538948059082 9899
1763563675942 4.261448383331299 10199
1763563935154 4.209594249725342 10499
1763564194437 4.157804489135742 10799
1763564453689 4.106975078582764 11099
1763564713219 4.2179036140441895 11399
1763564972611 4.156890392303467 11699
1763565231892 4.14113712310791 11999
1763565491191 3.773646116256714 12299
1763565750270 3.6674044132232666 12599
1763566009783 3.670105218887329 12899
1763566269188 3.63055157661438 13199
1763566528389 3.7036099433898926 13499
1763566787689 3.5389602184295654 13799
1763567046930 3.581373691558838 14099
1763567306295 3.598008632659912 14399
1763567565694 3.7039990425109863 14699
1763567824954 3.598266363143921 14999
1763568084519 3.5032894611358643 15299
1763568343852 3.5394136905670166 15599
1763568603194 3.4959423542022705 15899
1763568862739 3.4662599563598633 16199
1763569121877 3.4907443523406982 16499
1763569381006 3.4408459663391113 16799
1763569640561 3.553217887878418 17099
1763569899817 3.4045603275299072 17399
1763570159218 3.416086196899414 17699
1763570418560 3.38643741607666 17999
1763570677846 3.309807777404785 18299
1763570937143 3.26332950592041 18599
1763571196661 3.3325064182281494 18899
1763571455930 3.3484508991241455 19199
1763571715269 3.188098192214966 19499
1763571974520 3.2950053215026855 19799
1763572233787 3.3012359142303467 20099
1763572493140 3.3081467151641846 20399
1763572752729 3.281765937805176 20699
1763573011935 3.188847541809082 20999
1763573271359 3.258000373840332 21299
1763573530809 3.258647918701172 21599
1763573790063 3.3339645862579346 21899
1763574049327 3.222791910171509 22199
1763574308670 3.2791035175323486 22499
1763574567709 3.216981887817383 22799
1763574826725 3.220334768295288 23099
1763575086001 3.2744483947753906 23399
1763575345429 3.247255325317383 23699
1763575604728 3.1924047470092773 23999
1763575863976 3.2309367656707764 24299
1763576123072 3.2546520233154297 24599
1763576382390 3.1865203380584717 24899
1763576641666 3.221391439437866 25199
1763576901131 3.1451056003570557 25499
1763577160608 3.2353901863098145 25799
1763577420009 3.210432767868042 26099
1763577679485 3.147453784942627 26399
1763577938817 3.186699151992798 26699
1763578198231 3.1590795516967773 26999
1763578457849 3.1864001750946045 27299
1763578717036 3.2043447494506836 27599
1763578976300 3.216763973236084 27899
1763579235615 3.142935276031494 28199
1763579494815 3.200669288635254 28499
1763579754202 3.1363301277160645 28799
1763580013743 3.12250018119812 29099
1763580272963 3.1352434158325195 29399
1763580532253 3.1722943782806396 29699
1763580791673 3.1453802585601807 29999
1763581051007 3.212385654449463 30299
1763581310296 3.198184013366699 30599
1763581569781 3.0861380100250244 30899
1763581829165 3.1640572547912598 31199
1763582088436 3.2184066772460938 31499
1763582347858 3.068603038787842 31799
1763582607228 3.0677483081817627 32099
1763582866626 2.9917006492614746 32399
1763583126062 3.1707117557525635 32699
1763583385393 3.15075421333313 32999
