1763555117690 2.2692134380340576 299
1763555376532 1.7279431819915771 599
1763555635620 1.6094549894332886 899
1763555895009 1.5641276836395264 1199
1763556154266 1.4981648921966553 1499
1763556413381 1.4818270206451416 1799
1763556672467 1.467344045639038 2099
1763556931639 1.466822862625122 2399
1763557190856 1.4313585758209229 2699
1763557450293 1.4288315773010254 2999
1763557709666 1.4060096740722656 3299
1763557969236 1.389501929283142 3599
1763558228788 1.3856887817382812 3899
1763558488036 1.3762916326522827 4199
1763558747373 1.3884122371673584 4499
1763559006725 1.3591856956481934 4799
1763559266379 1.3468393087387085 5099
1763559525789 1.3542835712432861 5399
1763559785046 1.3552449941635132 5699
1763560044483 1.3504083156585693 5999
1763560303899 1.3440232276916504 6299
1763560563230 1.324216604232788 6599
1763560823002 1.3394781351089478 6899
1763561082444 1.3329015970230103 7199
1763561341601 1.3214516639709473 7499
1763561601194 1.3230018615722656 7799
1763561860595 1.3075648546218872 8099
1763562119831 1.321497917175293 8399
1763562379050 1.321689248085022 8699
1763562638244 1.315949559211731 8999
1763562897680 1.3002759218215942 9299
1763563157328 1.2953695058822632 9599
1763563416737 1.2998813390731812 9899
1763563675942 1.2988749742507935 10199
1763563935154 1.2905861139297485 10499
1763564194437 1.2839728593826294 10799
1763564453689 1.284645676612854 11099
1763564713219 1.2878429889678955 11399
1763564972611 1.2752355337142944 11699
1763565231892 1.2865746021270752 11999
1763565491191 1.2191407680511475 12299
1763565750270 1.214993953704834 12599
1763566009783 1.2104501724243164 12899
1763566269188 1.208196759223938 13199
1763566528389 1.2070673704147339 13499
1763566787689 1.2028734683990479 13799
1763567046930 1.2030104398727417 14099
1763567306295 1.205749750137329 14399
1763567565694 1.2037335634231567 14699
1763567824954 1.2019429206848145 14999
1763568084519 1.2032865285873413 15299
1763568343852 1.198394536972046 15599
1763568603194 1.1970500946044922 15899
1763568862739 1.193554162979126 16199
1763569121877 1.1937474012374878 16499
1763569381006 1.19619619846344 16799
1763569640561 1.1990641355514526 17099
1763569899817 1.187638759613037 17399
1763570159218 1.1879267692565918 17699
1763570418560 1.1808457374572754 17999
1763570677846 1.17083740234375 18299
1763570937143 1.1683697700500488 18599
1763571196661 1.1675713062286377 18899
1763571455930 1.1757830381393433 19199
1763571715269 1.1614985466003418 19499
1763571974520 1.1688103675842285 19799
1763572233787 1.1628416776657104 20099
1763572493140 1.1649023294448853 20399
1763572752729 1.1641106605529785 20699
1763573011935 1.1720086336135864 20999
1763573271359 1.1619516611099243 21299
1763573530809 1.1727378368377686 21599
1763573790063 1.1688854694366455 21899
1763574049327 1.1657922267913818 22199
1763574308670 1.164576768875122 22499
1763574567709 1.1648200750350952 22799
1763574826725 1.1600606441497803 23099
1763575086001 1.161258578300476 23399
1763575345429 1.1606342792510986 23699
1763575604728 1.163594126701355 23999
1763575863976 1.1591459512710571 24299
1763576123072 1.1667426824569702 24599
1763576382390 1.1591211557388306 24899
1763576641666 1.157509684562683 25199
1763576901131 1.1552237272262573 25499
1763577160608 1.1554100513458252 25799
1763577420009 1.1547560691833496 26099
1763577679485 1.163129210472107 26399
1763577938817 1.1556638479232788 26699
1763578198231 1.153838872909546 26999
1763578457849 1.1555733680725098 27299
1763578717036 1.1583517789840698 27599
1763578976300 1.154204249382019 27899
1763579235615 1.1563018560409546 28199
1763579494815 1.151658296585083 28499
1763579754202 1.1601264476776123 28799
1763580013743 1.1603869199752808 29099
1763580272963 1.159761905670166 29399
1763580532253 1.152295708656311 29699
1763580791673 1.1560059785842896 29999
1763581051007 1.1508978605270386 30299
1763581310296 1.1520805358886719 30599
1763581569781 1.1471226215362549 30899
1763581829165 1.1517343521118164 31199
1763582088436 1.1537009477615356 31499
1763582347858 1.1491296291351318 31799
1763582607228 1.148622751235962 32099
1763582866626 1.1475361585617065 32399
1763583126062 1.1520354747772217 32699
1763583385393 1.1463372707366943 32999
