1763555117690 2.131395101547241 299
1763555376532 1.6572990417480469 599
1763555635620 1.547247290611267 899
1763555895009 1.5040026903152466 1199
1763556154266 1.4433517456054688 1499
1763556413381 1.4291863441467285 1799
1763556672467 1.4152272939682007 2099
1763556931639 1.4149959087371826 2399
1763557190856 1.3829569816589355 2699
1763557450293 1.3796281814575195 2999
1763557709666 1.3570975065231323 3299
1763557969236 1.3426332473754883 3599
1763558228788 1.3395613431930542 3899
1763558488036 1.3291857242584229 4199
1763558747373 1.3409641981124878 4499
1763559006725 1.3135206699371338 4799
1763559266379 1.3025662899017334 5099
1763559525789 1.3093693256378174 5399
1763559785046 1.3099111318588257 5699
1763560044483 1.3055155277252197 5999
1763560303899 1.2994468212127686 6299
1763560563230 1.2818580865859985 6599
1763560823002 1.2956955432891846 6899
1763561082444 1.2895597219467163 7199
1763561341601 1.278417706489563 7499
1763561601194 1.2799205780029297 7799
1763561860595 1.2673254013061523 8099
1763562119831 1.2797576189041138 8399
1763562379050 1.278925895690918 8699
1763562638244 1.2732877731323242 8999
1763562897680 1.2592065334320068 9299
1763563157328 1.2549514770507812 9599
1763563416737 1.2581921815872192 9899
1763563675942 1.2569334506988525 10199
1763563935154 1.248892068862915 10499
1763564194437 1.24332594871521 10799
1763564453689 1.2440630197525024 11099
1763564713219 1.2468868494033813 11399
1763564972611 1.2344352006912231 11699
1763565231892 1.2451852560043335 11999
1763565491191 1.1817489862442017 12299
1763565750270 1.178921103477478 12599
1763566009783 1.1739293336868286 12899
1763566269188 1.1721446514129639 13199
1763566528389 1.1700559854507446 13499
1763566787689 1.166855812072754 13799
1763567046930 1.167546272277832 14099
1763567306295 1.169446587562561 14399
1763567565694 1.1664572954177856 14699
1763567824954 1.1658049821853638 14999
1763568084519 1.1678847074508667 15299
1763568343852 1.1622663736343384 15599
1763568603194 1.161144495010376 15899
1763568862739 1.157938838005066 16199
1763569121877 1.1579357385635376 16499
1763569381006 1.1608238220214844 16799
1763569640561 1.163280963897705 17099
1763569899817 1.1528162956237793 17399
1763570159218 1.1529587507247925 17699
1763570418560 1.1460918188095093 17999
1763570677846 1.1368286609649658 18299
1763570937143 1.1345490217208862 18599
1763571196661 1.1329630613327026 18899
1763571455930 1.1408363580703735 19199
1763571715269 1.1287965774536133 19499
1763571974520 1.1346447467803955 19799
1763572233787 1.1288827657699585 20099
1763572493140 1.1305153369903564 20399
1763572752729 1.1299622058868408 20699
1763573011935 1.1386021375656128 20999
1763573271359 1.1279665231704712 21299
1763573530809 1.1387243270874023 21599
1763573790063 1.1339396238327026 21899
1763574049327 1.1325695514678955 22199
1763574308670 1.1303582191467285 22499
1763574567709 1.1306493282318115 22799
1763574826725 1.1264619827270508 23099
1763575086001 1.127274751663208 23399
1763575345429 1.1269168853759766 23699
1763575604728 1.1304802894592285 23999
1763575863976 1.125999927520752 24299
1763576123072 1.1322567462921143 24599
1763576382390 1.125738263130188 24899
1763576641666 1.1234722137451172 25199
1763576901131 1.1219600439071655 25499
1763577160608 1.1217269897460938 25799
1763577420009 1.1210635900497437 26099
1763577679485 1.129668951034546 26399
1763577938817 1.1218414306640625 26699
1763578198231 1.1208677291870117 26999
1763578457849 1.121353030204773 27299
1763578717036 1.124290108680725 27599
1763578976300 1.1201019287109375 27899
1763579235615 1.1232359409332275 28199
1763579494815 1.1185739040374756 28499
1763579754202 1.1258563995361328 28799
1763580013743 1.1274207830429077 29099
1763580272963 1.126206398010254 29399
1763580532253 1.118986964225769 29699
1763580791673 1.1227556467056274 29999
1763581051007 1.1166448593139648 30299
1763581310296 1.1181832551956177 30599
1763581569781 1.1140152215957642 30899
1763581829165 1.1183061599731445 31199
1763582088436 1.1196175813674927 31499
1763582347858 1.1159374713897705 31799
1763582607228 1.1164755821228027 32099
1763582866626 1.1153740882873535 32399
1763583126062 1.1184526681900024 32699
1763583385393 1.1126015186309814 32999
