1763555117690 2.0251047611236572 299
1763555376532 1.4662485122680664 599
1763555635620 1.3558568954467773 899
1763555895009 1.32135808467865 1199
1763556154266 1.2558389902114868 1499
1763556413381 1.2463090419769287 1799
1763556672467 1.229804515838623 2099
1763556931639 1.2241692543029785 2399
1763557190856 1.1920157670974731 2699
1763557450293 1.19325852394104 2999
1763557709666 1.1733031272888184 3299
1763557969236 1.1584042310714722 3599
1763558228788 1.159401297569275 3899
1763558488036 1.154623031616211 4199
1763558747373 1.1605689525604248 4499
1763559006725 1.1276148557662964 4799
1763559266379 1.1259377002716064 5099
1763559525789 1.124219298362732 5399
1763559785046 1.1311160326004028 5699
1763560044483 1.1271060705184937 5999
1763560303899 1.119525671005249 6299
1763560563230 1.1022182703018188 6599
1763560823002 1.1235817670822144 6899
1763561082444 1.108497977256775 7199
1763561341601 1.099839687347412 7499
1763561601194 1.1049894094467163 7799
1763561860595 1.0930936336517334 8099
1763562119831 1.1002181768417358 8399
1763562379050 1.1016695499420166 8699
1763562638244 1.1007095575332642 8999
1763562897680 1.0904009342193604 9299
1763563157328 1.0836485624313354 9599
1763563416737 1.08616304397583 9899
1763563675942 1.0904055833816528 10199
1763563935154 1.086137056350708 10499
1763564194437 1.0756264925003052 10799
1763564453689 1.0799154043197632 11099
1763564713219 1.0826029777526855 11399
1763564972611 1.0659369230270386 11699
1763565231892 1.0856364965438843 11999
1763565491191 1.0155450105667114 12299
1763565750270 1.0159934759140015 12599
1763566009783 1.0126620531082153 12899
1763566269188 1.0085488557815552 13199
1763566528389 1.0111840963363647 13499
1763566787689 1.0073796510696411 13799
1763567046930 1.0084025859832764 14099
1763567306295 1.0136892795562744 14399
1763567565694 1.0080634355545044 14699
1763567824954 1.0082132816314697 14999
1763568084519 1.0096194744110107 15299
1763568343852 1.0089776515960693 15599
1763568603194 1.0070372819900513 15899
1763568862739 1.0012435913085938 16199
1763569121877 1.0033814907073975 16499
1763569381006 1.0020304918289185 16799
1763569640561 1.0068482160568237 17099
1763569899817 0.9966480731964111 17399
1763570159218 1.0020970106124878 17699
1763570418560 0.9979915618896484 17999
1763570677846 0.9856595396995544 18299
1763570937143 0.9855136275291443 18599
1763571196661 0.985393762588501 18899
1763571455930 0.9882398843765259 19199
1763571715269 0.9821921586990356 19499
1763571974520 0.9838578701019287 19799
1763572233787 0.9820013642311096 20099
1763572493140 0.9768484234809875 20399
1763572752729 0.9837623834609985 20699
1763573011935 0.9882467985153198 20999
1763573271359 0.9825339317321777 21299
1763573530809 0.9858133792877197 21599
1763573790063 0.9834468960762024 21899
1763574049327 0.9842692613601685 22199
1763574308670 0.9846115112304688 22499
1763574567709 0.9816780090332031 22799
1763574826725 0.9817090034484863 23099
1763575086001 0.9826902151107788 23399
1763575345429 0.9778084754943848 23699
1763575604728 0.9820747971534729 23999
1763575863976 0.9810980558395386 24299
1763576123072 0.9869828820228577 24599
1763576382390 0.9799585938453674 24899
1763576641666 0.979158341884613 25199
1763576901131 0.9792916774749756 25499
1763577160608 0.9771918058395386 25799
1763577420009 0.9792296290397644 26099
1763577679485 0.983564555644989 26399
1763577938817 0.9780698418617249 26699
1763578198231 0.9763924479484558 26999
1763578457849 0.979828417301178 27299
1763578717036 0.9806635975837708 27599
1763578976300 0.979170560836792 27899
1763579235615 0.9813079237937927 28199
1763579494815 0.9765571355819702 28499
1763579754202 0.9785857796669006 28799
1763580013743 0.9803778529167175 29099
1763580272963 0.9801526665687561 29399
1763580532253 0.9740979671478271 29699
1763580791673 0.9801182746887207 29999
1763581051007 0.9714120030403137 30299
1763581310296 0.9740514755249023 30599
1763581569781 0.9741904139518738 30899
1763581829165 0.975785493850708 31199
1763582088436 0.9764297604560852 31499
1763582347858 0.9745770692825317 31799
1763582607228 0.9734356999397278 32099
1763582866626 0.9737513065338135 32399
1763583126062 0.9755654335021973 32699
1763583385393 0.9725742340087891 32999
