1763555117690 2.392807722091675 299
1763555376532 1.9344496726989746 599
1763555635620 1.847246766090393 899
1763555895009 1.799507737159729 1199
1763556154266 1.73823881149292 1499
1763556413381 1.72377347946167 1799
1763556672467 1.7045131921768188 2099
1763556931639 1.699215292930603 2399
1763557190856 1.6643178462982178 2699
1763557450293 1.6601336002349854 2999
1763557709666 1.6484713554382324 3299
1763557969236 1.6289085149765015 3599
1763558228788 1.6272447109222412 3899
1763558488036 1.617212176322937 4199
1763558747373 1.622080683708191 4499
1763559006725 1.596604347229004 4799
1763559266379 1.5905474424362183 5099
1763559525789 1.5940974950790405 5399
1763559785046 1.5859706401824951 5699
1763560044483 1.582343339920044 5999
1763560303899 1.5806175470352173 6299
1763560563230 1.5565099716186523 6599
1763560823002 1.5647820234298706 6899
1763561082444 1.565011978149414 7199
1763561341601 1.5498173236846924 7499
1763561601194 1.5486304759979248 7799
1763561860595 1.5424418449401855 8099
1763562119831 1.5496599674224854 8399
1763562379050 1.5482858419418335 8699
1763562638244 1.5443105697631836 8999
1763562897680 1.5214022397994995 9299
1763563157328 1.519349217414856 9599
1763563416737 1.5224145650863647 9899
1763563675942 1.5173591375350952 10199
1763563935154 1.5190078020095825 10499
1763564194437 1.5053194761276245 10799
1763564453689 1.5005121231079102 11099
1763564713219 1.5098521709442139 11399
1763564972611 1.4944278001785278 11699
1763565231892 1.5017530918121338 11999
1763565491191 1.4282742738723755 12299
1763565750270 1.4228423833847046 12599
1763566009783 1.4140838384628296 12899
1763566269188 1.4051322937011719 13199
1763566528389 1.407571792602539 13499
1763566787689 1.3968279361724854 13799
1763567046930 1.3946083784103394 14099
1763567306295 1.395747184753418 14399
1763567565694 1.3980222940444946 14699
1763567824954 1.3914803266525269 14999
1763568084519 1.3907158374786377 15299
1763568343852 1.3844166994094849 15599
1763568603194 1.3807809352874756 15899
1763568862739 1.378669023513794 16199
1763569121877 1.3750545978546143 16499
1763569381006 1.3735218048095703 16799
1763569640561 1.375353455543518 17099
1763569899817 1.3634699583053589 17399
1763570159218 1.3655301332473755 17699
1763570418560 1.3647156953811646 17999
1763570677846 1.3436201810836792 18299
1763570937143 1.337356686592102 18599
1763571196661 1.3348811864852905 18899
1763571455930 1.3386013507843018 19199
1763571715269 1.331692099571228 19499
1763571974520 1.336051344871521 19799
1763572233787 1.3305083513259888 20099
1763572493140 1.3289331197738647 20399
1763572752729 1.3305788040161133 20699
1763573011935 1.3307487964630127 20999
1763573271359 1.3273048400878906 21299
1763573530809 1.3285064697265625 21599
1763573790063 1.3283987045288086 21899
1763574049327 1.3277690410614014 22199
1763574308670 1.3243751525878906 22499
1763574567709 1.3231624364852905 22799
1763574826725 1.3179465532302856 23099
1763575086001 1.3177034854888916 23399
1763575345429 1.3208309412002563 23699
1763575604728 1.3212639093399048 23999
1763575863976 1.3165076971054077 24299
1763576123072 1.3213855028152466 24599
1763576382390 1.3170047998428345 24899
1763576641666 1.3171542882919312 25199
1763576901131 1.311646580696106 25499
1763577160608 1.314153790473938 25799
1763577420009 1.3091555833816528 26099
1763577679485 1.3122992515563965 26399
1763577938817 1.3114871978759766 26699
1763578198231 1.3088387250900269 26999
1763578457849 1.3070708513259888 27299
1763578717036 1.3100816011428833 27599
1763578976300 1.3091442584991455 27899
1763579235615 1.3070815801620483 28199
1763579494815 1.3086386919021606 28499
1763579754202 1.3089121580123901 28799
1763580013743 1.3089348077774048 29099
1763580272963 1.3039295673370361 29399
1763580532253 1.305370569229126 29699
1763580791673 1.3051992654800415 29999
1763581051007 1.2973448038101196 30299
1763581310296 1.2986392974853516 30599
1763581569781 1.2944705486297607 30899
1763581829165 1.298519492149353 31199
1763582088436 1.2998336553573608 31499
1763582347858 1.296101450920105 31799
1763582607228 1.2947601079940796 32099
1763582866626 1.2944227457046509 32399
1763583126062 1.2970260381698608 32699
1763583385393 1.2939255237579346 32999
