1763555117690 2.4451961517333984 299
1763555376532 1.9865516424179077 599
1763555635620 1.9040945768356323 899
1763555895009 1.8528568744659424 1199
1763556154266 1.7890651226043701 1499
1763556413381 1.7652242183685303 1799
1763556672467 1.749167561531067 2099
1763556931639 1.7414565086364746 2399
1763557190856 1.7071081399917603 2699
1763557450293 1.702451467514038 2999
1763557709666 1.6897790431976318 3299
1763557969236 1.661583662033081 3599
1763558228788 1.6663891077041626 3899
1763558488036 1.6547651290893555 4199
1763558747373 1.6662157773971558 4499
1763559006725 1.6364508867263794 4799
1763559266379 1.6271311044692993 5099
1763559525789 1.6287171840667725 5399
1763559785046 1.613132357597351 5699
1763560044483 1.6247624158859253 5999
1763560303899 1.6198114156723022 6299
1763560563230 1.5986225605010986 6599
1763560823002 1.5993611812591553 6899
1763561082444 1.6022436618804932 7199
1763561341601 1.5813738107681274 7499
1763561601194 1.5869693756103516 7799
1763561860595 1.5680490732192993 8099
1763562119831 1.578354001045227 8399
1763562379050 1.5831693410873413 8699
1763562638244 1.5877026319503784 8999
1763562897680 1.5563335418701172 9299
1763563157328 1.5394411087036133 9599
1763563416737 1.5445209741592407 9899
1763563675942 1.5481373071670532 10199
1763563935154 1.5487927198410034 10499
1763564194437 1.5345964431762695 10799
1763564453689 1.5326658487319946 11099
1763564713219 1.534469485282898 11399
1763564972611 1.5260183811187744 11699
1763565231892 1.5273326635360718 11999
1763565491191 1.4542691707611084 12299
1763565750270 1.4459149837493896 12599
1763566009783 1.4404703378677368 12899
1763566269188 1.4280372858047485 13199
1763566528389 1.4383257627487183 13499
1763566787689 1.4229216575622559 13799
1763567046930 1.419958233833313 14099
1763567306295 1.4177017211914062 14399
1763567565694 1.4220705032348633 14699
1763567824954 1.4169280529022217 14999
1763568084519 1.41762113571167 15299
1763568343852 1.4109901189804077 15599
1763568603194 1.4054776430130005 15899
1763568862739 1.4087824821472168 16199
1763569121877 1.4057674407958984 16499
1763569381006 1.4046823978424072 16799
1763569640561 1.399754524230957 17099
1763569899817 1.396665096282959 17399
1763570159218 1.3902640342712402 17699
1763570418560 1.3875846862792969 17999
1763570677846 1.3707051277160645 18299
1763570937143 1.3675661087036133 18599
1763571196661 1.3539340496063232 18899
1763571455930 1.363747477531433 19199
1763571715269 1.3597331047058105 19499
1763571974520 1.3618402481079102 19799
1763572233787 1.3553383350372314 20099
1763572493140 1.3593523502349854 20399
1763572752729 1.3541009426116943 20699
1763573011935 1.3519096374511719 20999
1763573271359 1.3509595394134521 21299
1763573530809 1.3588560819625854 21599
1763573790063 1.356869101524353 21899
1763574049327 1.3548383712768555 22199
1763574308670 1.3527511358261108 22499
1763574567709 1.3519314527511597 22799
1763574826725 1.3413333892822266 23099
1763575086001 1.3417810201644897 23399
1763575345429 1.3466145992279053 23699
1763575604728 1.3501492738723755 23999
1763575863976 1.3431118726730347 24299
1763576123072 1.3495112657546997 24599
1763576382390 1.344212532043457 24899
1763576641666 1.3412169218063354 25199
1763576901131 1.33955717086792 25499
1763577160608 1.3432687520980835 25799
1763577420009 1.3354631662368774 26099
1763577679485 1.3394289016723633 26399
1763577938817 1.339658498764038 26699
1763578198231 1.335058331489563 26999
1763578457849 1.3314430713653564 27299
1763578717036 1.3375892639160156 27599
1763578976300 1.3367916345596313 27899
1763579235615 1.332163691520691 28199
1763579494815 1.3358681201934814 28499
1763579754202 1.338165521621704 28799
1763580013743 1.3354929685592651 29099
1763580272963 1.3265866041183472 29399
1763580532253 1.3362021446228027 29699
1763580791673 1.3344743251800537 29999
1763581051007 1.3222538232803345 30299
1763581310296 1.3287640810012817 30599
1763581569781 1.3179775476455688 30899
1763581829165 1.3262124061584473 31199
1763582088436 1.327327847480774 31499
1763582347858 1.3222721815109253 31799
1763582607228 1.3208404779434204 32099
1763582866626 1.3246794939041138 32399
1763583126062 1.3211082220077515 32699
1763583385393 1.3224841356277466 32999
