1763555117690 2.2851881980895996 299
1763555376532 1.888002634048462 599
1763555635620 1.8118966817855835 899
1763555895009 1.764876365661621 1199
1763556154266 1.706723928451538 1499
1763556413381 1.686003565788269 1799
1763556672467 1.671602487564087 2099
1763556931639 1.6642661094665527 2399
1763557190856 1.6356924772262573 2699
1763557450293 1.630218505859375 2999
1763557709666 1.6176670789718628 3299
1763557969236 1.5916223526000977 3599
1763558228788 1.5957741737365723 3899
1763558488036 1.5854065418243408 4199
1763558747373 1.5963764190673828 4499
1763559006725 1.5675475597381592 4799
1763559266379 1.5607365369796753 5099
1763559525789 1.562461256980896 5399
1763559785046 1.5469331741333008 5699
1763560044483 1.5582388639450073 5999
1763560303899 1.5530810356140137 6299
1763560563230 1.5351203680038452 6599
1763560823002 1.5334287881851196 6899
1763561082444 1.5391297340393066 7199
1763561341601 1.5182868242263794 7499
1763561601194 1.5243877172470093 7799
1763561860595 1.5070207118988037 8099
1763562119831 1.5161038637161255 8399
1763562379050 1.519942283630371 8699
1763562638244 1.5239285230636597 8999
1763562897680 1.4960116147994995 9299
1763563157328 1.479844093322754 9599
1763563416737 1.4842380285263062 9899
1763563675942 1.4861127138137817 10199
1763563935154 1.487830638885498 10499
1763564194437 1.4742897748947144 10799
1763564453689 1.473106026649475 11099
1763564713219 1.474044919013977 11399
1763564972611 1.4653812646865845 11699
1763565231892 1.4674158096313477 11999
1763565491191 1.399693489074707 12299
1763565750270 1.3923817873001099 12599
1763566009783 1.3869775533676147 12899
1763566269188 1.3745890855789185 13199
1763566528389 1.3844841718673706 13499
1763566787689 1.3720033168792725 13799
1763567046930 1.367896318435669 14099
1763567306295 1.3651001453399658 14399
1763567565694 1.3678394556045532 14699
1763567824954 1.3646810054779053 14999
1763568084519 1.3671784400939941 15299
1763568343852 1.3591270446777344 15599
1763568603194 1.3538329601287842 15899
1763568862739 1.358401894569397 16199
1763569121877 1.354683756828308 16499
1763569381006 1.3537800312042236 16799
1763569640561 1.3479256629943848 17099
1763569899817 1.346508502960205 17399
1763570159218 1.3411636352539062 17699
1763570418560 1.337670087814331 17999
1763570677846 1.3224656581878662 18299
1763570937143 1.3196203708648682 18599
1763571196661 1.3056029081344604 18899
1763571455930 1.314992070198059 19199
1763571715269 1.3126720190048218 19499
1763571974520 1.3132562637329102 19799
1763572233787 1.3065465688705444 20099
1763572493140 1.3105480670928955 20399
1763572752729 1.3063650131225586 20699
1763573011935 1.3048397302627563 20999
1763573271359 1.302505373954773 21299
1763573530809 1.3111988306045532 21599
1763573790063 1.3077573776245117 21899
1763574049327 1.3073108196258545 22199
1763574308670 1.304705262184143 22499
1763574567709 1.3045847415924072 22799
1763574826725 1.2940194606781006 23099
1763575086001 1.2937229871749878 23399
1763575345429 1.2989674806594849 23699
1763575604728 1.3030771017074585 23999
1763575863976 1.2960890531539917 24299
1763576123072 1.3014047145843506 24599
1763576382390 1.296993613243103 24899
1763576641666 1.2941904067993164 25199
1763576901131 1.2924599647521973 25499
1763577160608 1.2957139015197754 25799
1763577420009 1.287592887878418 26099
1763577679485 1.2933106422424316 26399
1763577938817 1.2926480770111084 26699
1763578198231 1.2885668277740479 26999
1763578457849 1.2846087217330933 27299
1763578717036 1.2900288105010986 27599
1763578976300 1.289263367652893 27899
1763579235615 1.2860448360443115 28199
1763579494815 1.2889896631240845 28499
1763579754202 1.2922919988632202 28799
1763580013743 1.2895240783691406 29099
1763580272963 1.280584692955017 29399
1763580532253 1.2895482778549194 29699
1763580791673 1.2876896858215332 29999
1763581051007 1.2750310897827148 30299
1763581310296 1.2816952466964722 30599
1763581569781 1.2721613645553589 30899
1763581829165 1.2799327373504639 31199
1763582088436 1.2793182134628296 31499
1763582347858 1.2763357162475586 31799
1763582607228 1.2758522033691406 32099
1763582866626 1.2803689241409302 32399
1763583126062 1.2749141454696655 32699
1763583385393 1.2755028009414673 32999
