1763555117690 6.811767578125 299
1763555376532 3.5724172592163086 599
1763555635620 3.0827534198760986 899
1763555895009 2.992826223373413 1199
1763556154266 2.6133809089660645 1499
1763556413381 2.5125107765197754 1799
1763556672467 2.4503166675567627 2099
1763556931639 2.4176857471466064 2399
1763557190856 2.239182472229004 2699
1763557450293 2.2833621501922607 2999
1763557709666 2.250187397003174 3299
1763557969236 2.1389684677124023 3599
1763558228788 2.159487724304199 3899
1763558488036 2.186406135559082 4199
1763558747373 2.212071418762207 4499
1763559006725 2.082512617111206 4799
1763559266379 2.0190274715423584 5099
1763559525789 2.084465980529785 5399
1763559785046 2.0821752548217773 5699
1763560044483 2.0817556381225586 5999
1763560303899 2.085984230041504 6299
1763560563230 1.9275566339492798 6599
1763560823002 1.9931187629699707 6899
1763561082444 1.9762177467346191 7199
1763561341601 1.9412333965301514 7499
1763561601194 1.9485962390899658 7799
1763561860595 1.8219670057296753 8099
1763562119831 1.8650716543197632 8399
1763562379050 1.9586068391799927 8699
1763562638244 1.8901656866073608 8999
1763562897680 1.8778173923492432 9299
1763563157328 1.8347907066345215 9599
1763563416737 1.862242341041565 9899
1763563675942 1.8836787939071655 10199
1763563935154 1.8808876276016235 10499
1763564194437 1.8054965734481812 10799
1763564453689 1.8083969354629517 11099
1763564713219 1.857524037361145 11399
1763564972611 1.7766392230987549 11699
1763565231892 1.8521487712860107 11999
1763565491191 1.6056777238845825 12299
1763565750270 1.547906517982483 12599
1763566009783 1.568793535232544 12899
1763566269188 1.578209638595581 13199
1763566528389 1.5953043699264526 13499
1763566787689 1.530276894569397 13799
1763567046930 1.5622012615203857 14099
1763567306295 1.5849210023880005 14399
1763567565694 1.6075421571731567 14699
1763567824954 1.568705677986145 14999
1763568084519 1.5283015966415405 15299
1763568343852 1.5483148097991943 15599
1763568603194 1.5435612201690674 15899
1763568862739 1.5203174352645874 16199
1763569121877 1.5266739130020142 16499
1763569381006 1.5155209302902222 16799
1763569640561 1.5541936159133911 17099
1763569899817 1.515213966369629 17399
1763570159218 1.523499846458435 17699
1763570418560 1.4904749393463135 17999
1763570677846 1.4401130676269531 18299
1763570937143 1.4264825582504272 18599
1763571196661 1.497921109199524 18899
1763571455930 1.483398675918579 19199
1763571715269 1.3946508169174194 19499
1763571974520 1.4715344905853271 19799
1763572233787 1.457288146018982 20099
1763572493140 1.4461264610290527 20399
1763572752729 1.4621671438217163 20699
1763573011935 1.4322773218154907 20999
1763573271359 1.4593229293823242 21299
1763573530809 1.4485666751861572 21599
1763573790063 1.4739742279052734 21899
1763574049327 1.4299660921096802 22199
1763574308670 1.475664734840393 22499
1763574567709 1.4514046907424927 22799
1763574826725 1.4275497198104858 23099
1763575086001 1.4603582620620728 23399
1763575345429 1.4635475873947144 23699
1763575604728 1.422028660774231 23999
1763575863976 1.462894320487976 24299
1763576123072 1.4691587686538696 24599
1763576382390 1.4456228017807007 24899
1763576641666 1.4596673250198364 25199
1763576901131 1.4123080968856812 25499
1763577160608 1.476562261581421 25799
1763577420009 1.424767255783081 26099
1763577679485 1.408268928527832 26399
1763577938817 1.4207065105438232 26699
1763578198231 1.402948260307312 26999
1763578457849 1.4708558320999146 27299
1763578717036 1.4382057189941406 27599
1763578976300 1.484222173690796 27899
1763579235615 1.4279199838638306 28199
1763579494815 1.4233219623565674 28499
1763579754202 1.4300287961959839 28799
1763580013743 1.4079192876815796 29099
1763580272963 1.4185158014297485 29399
1763580532253 1.4267737865447998 29699
1763580791673 1.4474395513534546 29999
1763581051007 1.4476053714752197 30299
1763581310296 1.4503519535064697 30599
1763581569781 1.3784687519073486 30899
1763581829165 1.456080675125122 31199
1763582088436 1.418792486190796 31499
1763582347858 1.4320881366729736 31799
1763582607228 1.3844012022018433 32099
1763582866626 1.3880605697631836 32399
1763583126062 1.4424223899841309 32699
1763583385393 1.4498205184936523 32999
