1763555117690 2.6708579063415527 299
1763555376532 2.3232131004333496 599
1763555635620 2.2517178058624268 899
1763555895009 2.2095909118652344 1199
1763556154266 2.1480066776275635 1499
1763556413381 2.1481974124908447 1799
1763556672467 2.1335597038269043 2099
1763556931639 2.119250535964966 2399
1763557190856 2.0914926528930664 2699
1763557450293 2.0816164016723633 2999
1763557709666 2.064349412918091 3299
1763557969236 2.068451404571533 3599
1763558228788 2.0700385570526123 3899
1763558488036 2.047830581665039 4199
1763558747373 2.033339023590088 4499
1763559006725 2.0233042240142822 4799
1763559266379 2.0299324989318848 5099
1763559525789 2.0228164196014404 5399
1763559785046 2.015230178833008 5699
1763560044483 2.005763053894043 5999
1763560303899 1.9953597784042358 6299
1763560563230 1.9830090999603271 6599
1763560823002 1.9844502210617065 6899
1763561082444 1.9814130067825317 7199
1763561341601 1.9719336032867432 7499
1763561601194 1.9712263345718384 7799
1763561860595 1.9741071462631226 8099
1763562119831 1.970674753189087 8399
1763562379050 1.9795387983322144 8699
1763562638244 1.94087553024292 8999
1763562897680 1.9315496683120728 9299
1763563157328 1.9451061487197876 9599
1763563416737 1.9492586851119995 9899
1763563675942 1.9294297695159912 10199
1763563935154 1.9389433860778809 10499
1763564194437 1.9174110889434814 10799
1763564453689 1.9078289270401 11099
1763564713219 1.9242244958877563 11399
1763564972611 1.9048724174499512 11699
1763565231892 1.9078549146652222 11999
1763565491191 1.8341196775436401 12299
1763565750270 1.8280202150344849 12599
1763566009783 1.8238534927368164 12899
1763566269188 1.8131392002105713 13199
1763566528389 1.7972198724746704 13499
1763566787689 1.7947012186050415 13799
1763567046930 1.7802554368972778 14099
1763567306295 1.7847057580947876 14399
1763567565694 1.7858558893203735 14699
1763567824954 1.7744320631027222 14999
1763568084519 1.7799899578094482 15299
1763568343852 1.7592477798461914 15599
1763568603194 1.754529595375061 15899
1763568862739 1.7543563842773438 16199
1763569121877 1.7440987825393677 16499
1763569381006 1.7483022212982178 16799
1763569640561 1.7476550340652466 17099
1763569899817 1.7263977527618408 17399
1763570159218 1.7284265756607056 17699
1763570418560 1.74087393283844 17999
1763570677846 1.7090240716934204 18299
1763570937143 1.6978434324264526 18599
1763571196661 1.710924744606018 18899
1763571455930 1.6982622146606445 19199
1763571715269 1.6919080018997192 19499
1763571974520 1.6952131986618042 19799
1763572233787 1.694867491722107 20099
1763572493140 1.6802022457122803 20399
1763572752729 1.687530517578125 20699
1763573011935 1.6871744394302368 20999
1763573271359 1.6821271181106567 21299
1763573530809 1.6770122051239014 21599
1763573790063 1.6818143129348755 21899
1763574049327 1.68522047996521 22199
1763574308670 1.6696311235427856 22499
1763574567709 1.6742100715637207 22799
1763574826725 1.6693352460861206 23099
1763575086001 1.6647076606750488 23399
1763575345429 1.6694766283035278 23699
1763575604728 1.671905755996704 23999
1763575863976 1.6651989221572876 24299
1763576123072 1.6659209728240967 24599
1763576382390 1.6622127294540405 24899
1763576641666 1.6692920923233032 25199
1763576901131 1.6553473472595215 25499
1763577160608 1.6546292304992676 25799
1763577420009 1.6538246870040894 26099
1763577679485 1.6478848457336426 26399
1763577938817 1.6565593481063843 26699
1763578198231 1.6572751998901367 26999
1763578457849 1.6503033638000488 27299
1763578717036 1.651925802230835 27599
1763578976300 1.6487993001937866 27899
1763579235615 1.6423183679580688 28199
1763579494815 1.6505146026611328 28499
1763579754202 1.6457350254058838 28799
1763580013743 1.644331455230713 29099
1763580272963 1.6402777433395386 29399
1763580532253 1.6371091604232788 29699
1763580791673 1.6387325525283813 29999
1763581051007 1.6337546110153198 30299
1763581310296 1.629578709602356 30599
1763581569781 1.6332002878189087 30899
1763581829165 1.6340000629425049 31199
1763582088436 1.6400282382965088 31499
1763582347858 1.628178358078003 31799
1763582607228 1.626370906829834 32099
1763582866626 1.6293526887893677 32399
1763583126062 1.6377081871032715 32699
1763583385393 1.624450445175171 32999
