1763555117690 1.9088292121887207 299
1763555376532 1.4151359796524048 599
1763555635620 1.3115967512130737 899
1763555895009 1.2780916690826416 1199
1763556154266 1.217398762702942 1499
1763556413381 1.209153175354004 1799
1763556672467 1.19353187084198 2099
1763556931639 1.1881060600280762 2399
1763557190856 1.1585465669631958 2699
1763557450293 1.1592575311660767 2999
1763557709666 1.139522671699524 3299
1763557969236 1.1262472867965698 3599
1763558228788 1.1268484592437744 3899
1763558488036 1.1219195127487183 4199
1763558747373 1.1269419193267822 4499
1763559006725 1.09595787525177 4799
1763559266379 1.0950700044631958 5099
1763559525789 1.0928400754928589 5399
1763559785046 1.0995949506759644 5699
1763560044483 1.0957813262939453 5999
1763560303899 1.0879443883895874 6299
1763560563230 1.0728188753128052 6599
1763560823002 1.0927752256393433 6899
1763561082444 1.0783710479736328 7199
1763561341601 1.069976806640625 7499
1763561601194 1.0753592252731323 7799
1763561860595 1.0648895502090454 8099
1763562119831 1.071611762046814 8399
1763562379050 1.0716770887374878 8699
1763562638244 1.0713918209075928 8999
1763562897680 1.0619001388549805 9299
1763563157328 1.055269718170166 9599
1763563416737 1.057152509689331 9899
1763563675942 1.0613054037094116 10199
1763563935154 1.0568974018096924 10499
1763564194437 1.0473042726516724 10799
1763564453689 1.0517327785491943 11099
1763564713219 1.0539923906326294 11399
1763564972611 1.0381834506988525 11699
1763565231892 1.057036280632019 11999
1763565491191 0.9899932146072388 12299
1763565750270 0.9910339713096619 12599
1763566009783 0.9874876141548157 12899
1763566269188 0.9833963513374329 13199
1763566528389 0.9859438538551331 13499
1763566787689 0.9829508066177368 13799
1763567046930 0.9834693074226379 14099
1763567306295 0.9885501861572266 14399
1763567565694 0.9823599457740784 14699
1763567824954 0.9830475449562073 14999
1763568084519 0.9849265813827515 15299
1763568343852 0.9839470982551575 15599
1763568603194 0.9824144244194031 15899
1763568862739 0.9764848947525024 16199
1763569121877 0.9784808158874512 16499
1763569381006 0.9775557518005371 16799
1763569640561 0.9818562269210815 17099
1763569899817 0.9720910787582397 17399
1763570159218 0.9775302410125732 17699
1763570418560 0.9738485217094421 17999
1763570677846 0.9622660875320435 18299
1763570937143 0.9619598388671875 18599
1763571196661 0.961329460144043 18899
1763571455930 0.9640078544616699 19199
1763571715269 0.9592182636260986 19499
1763571974520 0.959821343421936 19799
1763572233787 0.9585884809494019 20099
1763572493140 0.9532358050346375 20399
1763572752729 0.9596316814422607 20699
1763573011935 0.9647564888000488 20999
1763573271359 0.9586648941040039 21299
1763573530809 0.9619634747505188 21599
1763573790063 0.9593915343284607 21899
1763574049327 0.9608306884765625 22199
1763574308670 0.9605090618133545 22499
1763574567709 0.9580589532852173 22799
1763574826725 0.958559513092041 23099
1763575086001 0.9588547348976135 23399
1763575345429 0.9540780186653137 23699
1763575604728 0.958661675453186 23999
1763575863976 0.9575831294059753 24299
1763576123072 0.9627075791358948 24599
1763576382390 0.9567031860351562 24899
1763576641666 0.9553096294403076 25199
1763576901131 0.9559850096702576 25499
1763577160608 0.953721284866333 25799
1763577420009 0.9556674957275391 26099
1763577679485 0.960415244102478 26399
1763577938817 0.9545659422874451 26699
1763578198231 0.9535187482833862 26999
1763578457849 0.9558491706848145 27299
1763578717036 0.9567855596542358 27599
1763578976300 0.9552925229072571 27899
1763579235615 0.9579123854637146 28199
1763579494815 0.9532477855682373 28499
1763579754202 0.9551768898963928 28799
1763580013743 0.9571166038513184 29099
1763580272963 0.9566208720207214 29399
1763580532253 0.9505164623260498 29699
1763580791673 0.9566789269447327 29999
1763581051007 0.9475811123847961 30299
1763581310296 0.9504711627960205 30599
1763581569781 0.9513987898826599 30899
1763581829165 0.9521085023880005 31199
1763582088436 0.9529098272323608 31499
1763582347858 0.9511985778808594 31799
1763582607228 0.9507649540901184 32099
1763582866626 0.9508490562438965 32399
1763583126062 0.9519475102424622 32699
1763583385393 0.948848307132721 32999
