1763555117690 2.5756726264953613 299
1763555376532 2.16847825050354 599
1763555635620 2.100263833999634 899
1763555895009 2.0410311222076416 1199
1763556154266 1.9847772121429443 1499
1763556413381 1.9714967012405396 1799
1763556672467 1.9407168626785278 2099
1763556931639 1.9396946430206299 2399
1763557190856 1.903954029083252 2699
1763557450293 1.8920707702636719 2999
1763557709666 1.8947968482971191 3299
1763557969236 1.8713405132293701 3599
1763558228788 1.8647935390472412 3899
1763558488036 1.8575239181518555 4199
1763558747373 1.8557590246200562 4499
1763559006725 1.835460901260376 4799
1763559266379 1.8285324573516846 5099
1763559525789 1.836484670639038 5399
1763559785046 1.8240526914596558 5699
1763560044483 1.811357021331787 5999
1763560303899 1.8169947862625122 6299
1763560563230 1.7791121006011963 6599
1763560823002 1.788753867149353 6899
1763561082444 1.7988042831420898 7199
1763561341601 1.7783042192459106 7499
1763561601194 1.7741001844406128 7799
1763561860595 1.7770041227340698 8099
1763562119831 1.7824138402938843 8399
1763562379050 1.766453742980957 8699
1763562638244 1.7735201120376587 8999
1763562897680 1.7379331588745117 9299
1763563157328 1.7500933408737183 9599
1763563416737 1.7501049041748047 9899
1763563675942 1.7329171895980835 10199
1763563935154 1.7430429458618164 10499
1763564194437 1.7277852296829224 10799
1763564453689 1.7146031856536865 11099
1763564713219 1.7311711311340332 11399
1763564972611 1.7126519680023193 11699
1763565231892 1.7185670137405396 11999
1763565491191 1.6377627849578857 12299
1763565750270 1.6294387578964233 12599
1763566009783 1.6122534275054932 12899
1763566269188 1.5955206155776978 13199
1763566528389 1.606796383857727 13499
1763566787689 1.5848438739776611 13799
1763567046930 1.584075689315796 14099
1763567306295 1.5858104228973389 14399
1763567565694 1.5932320356369019 14699
1763567824954 1.5800673961639404 14999
1763568084519 1.573745846748352 15299
1763568343852 1.5666662454605103 15599
1763568603194 1.5648562908172607 15899
1763568862739 1.5615593194961548 16199
1763569121877 1.556836485862732 16499
1763569381006 1.548403024673462 16799
1763569640561 1.5558301210403442 17099
1763569899817 1.5360924005508423 17399
1763570159218 1.5463752746582031 17699
1763570418560 1.5438133478164673 17999
1763570677846 1.5147604942321777 18299
1763570937143 1.5040249824523926 18599
1763571196661 1.4994171857833862 18899
1763571455930 1.5049426555633545 19199
1763571715269 1.4998111724853516 19499
1763571974520 1.5053093433380127 19799
1763572233787 1.4946753978729248 20099
1763572493140 1.4924014806747437 20399
1763572752729 1.4991294145584106 20699
1763573011935 1.4934195280075073 20999
1763573271359 1.4930648803710938 21299
1763573530809 1.4862003326416016 21599
1763573790063 1.4856841564178467 21899
1763574049327 1.4882551431655884 22199
1763574308670 1.4880820512771606 22499
1763574567709 1.4803760051727295 22799
1763574826725 1.4748103618621826 23099
1763575086001 1.4752072095870972 23399
1763575345429 1.4845032691955566 23699
1763575604728 1.4773335456848145 23999
1763575863976 1.4734331369400024 24299
1763576123072 1.4755297899246216 24599
1763576382390 1.4779061079025269 24899
1763576641666 1.4789907932281494 25199
1763576901131 1.4630428552627563 25499
1763577160608 1.4719152450561523 25799
1763577420009 1.4620542526245117 26099
1763577679485 1.4645379781723022 26399
1763577938817 1.4672825336456299 26699
1763578198231 1.4616823196411133 26999
1763578457849 1.458595633506775 27299
1763578717036 1.4602389335632324 27599
1763578976300 1.4636839628219604 27899
1763579235615 1.4587074518203735 28199
1763579494815 1.4641399383544922 28499
1763579754202 1.4606763124465942 28799
1763580013743 1.4622071981430054 29099
1763580272963 1.4492096900939941 29399
1763580532253 1.4585990905761719 29699
1763580791673 1.454520344734192 29999
1763581051007 1.4455273151397705 30299
1763581310296 1.4497989416122437 30599
1763581569781 1.4428282976150513 30899
1763581829165 1.4427586793899536 31199
1763582088436 1.4462525844573975 31499
1763582347858 1.4451364278793335 31799
1763582607228 1.4444754123687744 32099
1763582866626 1.4400849342346191 32399
1763583126062 1.443585991859436 32699
1763583385393 1.4419039487838745 32999
