1763555117690 10.368833541870117 299
1763555376532 8.009344100952148 599
1763555635620 7.656710147857666 899
1763555895009 7.366027355194092 1199
1763556154266 7.005548000335693 1499
1763556413381 6.828708171844482 1799
1763556672467 6.876611232757568 2099
1763556931639 6.8090009689331055 2399
1763557190856 6.3847975730896 2699
1763557450293 6.438265800476074 2999
1763557709666 6.441025733947754 3299
1763557969236 6.265017032623291 3599
1763558228788 6.3531317710876465 3899
1763558488036 6.253903865814209 4199
1763558747373 6.161068916320801 4499
1763559006725 6.0717926025390625 4799
1763559266379 5.948566913604736 5099
1763559525789 6.008950710296631 5399
1763559785046 5.897645950317383 5699
1763560044483 5.89654016494751 5999
1763560303899 6.006997108459473 6299
1763560563230 5.609855651855469 6599
1763560823002 5.812185287475586 6899
1763561082444 5.682312488555908 7199
1763561341601 5.659804344177246 7499
1763561601194 5.5324482917785645 7799
1763561860595 5.422470569610596 8099
1763562119831 5.5897603034973145 8399
1763562379050 5.719625473022461 8699
1763562638244 5.542967796325684 8999
1763562897680 5.4152421951293945 9299
1763563157328 5.420576572418213 9599
1763563416737 5.468433856964111 9899
1763563675942 5.529672145843506 10199
1763563935154 5.427387714385986 10499
1763564194437 5.420729637145996 10799
1763564453689 5.301576137542725 11099
1763564713219 5.548666000366211 11399
1763564972611 5.395412445068359 11699
1763565231892 5.329346656799316 11999
1763565491191 4.926630973815918 12299
1763565750270 4.785046100616455 12599
1763566009783 4.785928726196289 12899
1763566269188 4.618592739105225 13199
1763566528389 4.822479248046875 13499
1763566787689 4.534904479980469 13799
1763567046930 4.629242897033691 14099
1763567306295 4.649402141571045 14399
1763567565694 4.783722400665283 14699
1763567824954 4.627763748168945 14999
1763568084519 4.527900695800781 15299
1763568343852 4.517629146575928 15599
1763568603194 4.460991859436035 15899
1763568862739 4.411707401275635 16199
1763569121877 4.4527907371521 16499
1763569381006 4.398501873016357 16799
1763569640561 4.608988285064697 17099
1763569899817 4.340723037719727 17399
1763570159218 4.425400733947754 17699
1763570418560 4.315227508544922 17999
1763570677846 4.296621799468994 18299
1763570937143 4.158815860748291 18599
1763571196661 4.249739170074463 18899
1763571455930 4.237891674041748 19199
1763571715269 4.103053092956543 19499
1763571974520 4.1756157875061035 19799
1763572233787 4.2030205726623535 20099
1763572493140 4.225760459899902 20399
1763572752729 4.186158180236816 20699
1763573011935 4.0541887283325195 20999
1763573271359 4.11717414855957 21299
1763573530809 4.0970377922058105 21599
1763573790063 4.2285847663879395 21899
1763574049327 4.1573662757873535 22199
1763574308670 4.195693492889404 22499
1763574567709 4.077281475067139 22799
1763574826725 4.100111484527588 23099
1763575086001 4.184204578399658 23399
1763575345429 4.13850212097168 23699
1763575604728 4.052482604980469 23999
1763575863976 4.170624256134033 24299
1763576123072 4.107145309448242 24599
1763576382390 4.03629207611084 24899
1763576641666 4.089734077453613 25199
1763576901131 3.9182486534118652 25499
1763577160608 4.105865478515625 25799
1763577420009 4.053898811340332 26099
1763577679485 4.017269611358643 26399
1763577938817 4.028500556945801 26699
1763578198231 4.025824069976807 26999
1763578457849 4.011413097381592 27299
1763578717036 4.050429344177246 27599
1763578976300 4.069295406341553 27899
1763579235615 3.9575343132019043 28199
1763579494815 4.091246604919434 28499
1763579754202 3.9317924976348877 28799
1763580013743 3.9842441082000732 29099
1763580272963 3.934751510620117 29399
1763580532253 4.075672149658203 29699
1763580791673 3.954573631286621 29999
1763581051007 4.0919036865234375 30299
1763581310296 4.061008453369141 30599
1763581569781 3.86617374420166 30899
1763581829165 4.05387020111084 31199
1763582088436 4.066689491271973 31499
1763582347858 3.868828535079956 31799
1763582607228 3.8821041584014893 32099
1763582866626 3.735436201095581 32399
1763583126062 4.016805648803711 32699
1763583385393 3.9303600788116455 32999
