1763555117690 8.101314544677734 299
1763555376532 4.872446537017822 599
1763555635620 4.326157569885254 899
1763555895009 4.163464546203613 1199
1763556154266 3.804779052734375 1499
1763556413381 3.649955987930298 1799
1763556672467 3.6104016304016113 2099
1763556931639 3.6143722534179688 2399
1763557190856 3.3363664150238037 2699
1763557450293 3.4146649837493896 2999
1763557709666 3.3923685550689697 3299
1763557969236 3.243727207183838 3599
1763558228788 3.2013776302337646 3899
1763558488036 3.26998233795166 4199
1763558747373 3.2756590843200684 4499
1763559006725 3.146108388900757 4799
1763559266379 3.0572638511657715 5099
1763559525789 3.128870964050293 5399
1763559785046 3.135404348373413 5699
1763560044483 3.076913595199585 5999
1763560303899 3.084848165512085 6299
1763560563230 2.931339740753174 6599
1763560823002 2.996821403503418 6899
1763561082444 3.002105951309204 7199
1763561341601 2.9512975215911865 7499
1763561601194 2.99332594871521 7799
1763561860595 2.707975387573242 8099
1763562119831 2.8807802200317383 8399
1763562379050 2.9437825679779053 8699
1763562638244 2.9386000633239746 8999
1763562897680 2.809520959854126 9299
1763563157328 2.7531518936157227 9599
1763563416737 2.8665835857391357 9899
1763563675942 2.889139175415039 10199
1763563935154 2.8592488765716553 10499
1763564194437 2.785484790802002 10799
1763564453689 2.758070707321167 11099
1763564713219 2.8088605403900146 11399
1763564972611 2.7884533405303955 11699
1763565231892 2.839789390563965 11999
1763565491191 2.515794515609741 12299
1763565750270 2.4162216186523438 12599
1763566009783 2.4249680042266846 12899
1763566269188 2.4208688735961914 13199
1763566528389 2.536191463470459 13499
1763566787689 2.4272687435150146 13799
1763567046930 2.3804500102996826 14099
1763567306295 2.4721028804779053 14399
1763567565694 2.5093564987182617 14699
1763567824954 2.4315037727355957 14999
1763568084519 2.381035566329956 15299
1763568343852 2.4347548484802246 15599
1763568603194 2.4037954807281494 15899
1763568862739 2.3876349925994873 16199
1763569121877 2.430917978286743 16499
1763569381006 2.3691060543060303 16799
1763569640561 2.409345865249634 17099
1763569899817 2.3250110149383545 17399
1763570159218 2.367581367492676 17699
1763570418560 2.3095884323120117 17999
1763570677846 2.237842321395874 18299
1763570937143 2.252584457397461 18599
1763571196661 2.302900552749634 18899
1763571455930 2.3184289932250977 19199
1763571715269 2.1676690578460693 19499
1763571974520 2.282191753387451 19799
1763572233787 2.2364606857299805 20099
1763572493140 2.281064748764038 20399
1763572752729 2.2741005420684814 20699
1763573011935 2.1893270015716553 20999
1763573271359 2.2868120670318604 21299
1763573530809 2.2886483669281006 21599
1763573790063 2.321643829345703 21899
1763574049327 2.1929259300231934 22199
1763574308670 2.2846601009368896 22499
1763574567709 2.2512359619140625 22799
1763574826725 2.245014190673828 23099
1763575086001 2.2674598693847656 23399
1763575345429 2.236281633377075 23699
1763575604728 2.2097420692443848 23999
1763575863976 2.220942497253418 24299
1763576123072 2.2907421588897705 24599
1763576382390 2.214510440826416 24899
1763576641666 2.2657876014709473 25199
1763576901131 2.2072603702545166 25499
1763577160608 2.237929105758667 25799
1763577420009 2.2352404594421387 26099
1763577679485 2.2202603816986084 26399
1763577938817 2.227023124694824 26699
1763578198231 2.179826498031616 26999
1763578457849 2.261457920074463 27299
1763578717036 2.253394365310669 27599
1763578976300 2.254892349243164 27899
1763579235615 2.196936845779419 28199
1763579494815 2.176959276199341 28499
1763579754202 2.261395215988159 28799
1763580013743 2.1693902015686035 29099
1763580272963 2.2262442111968994 29399
1763580532253 2.2179088592529297 29699
1763580791673 2.2314958572387695 29999
1763581051007 2.254983901977539 30299
1763581310296 2.254798412322998 30599
1763581569781 2.179993152618408 30899
1763581829165 2.2197043895721436 31199
1763582088436 2.2348790168762207 31499
1763582347858 2.2085139751434326 31799
1763582607228 2.120579481124878 32099
1763582866626 2.0928447246551514 32399
1763583126062 2.2137975692749023 32699
1763583385393 2.2183260917663574 32999
