1763555117690 1.776225209236145 299
1763555376532 1.2092493772506714 599
1763555635620 1.1115611791610718 899
1763555895009 1.0821185111999512 1199
1763556154266 1.0217959880828857 1499
1763556413381 1.0096808671951294 1799
1763556672467 0.9967849254608154 2099
1763556931639 0.9950244426727295 2399
1763557190856 0.9631853103637695 2699
1763557450293 0.9638583660125732 2999
1763557709666 0.9487494230270386 3299
1763557969236 0.936577558517456 3599
1763558228788 0.932543933391571 3899
1763558488036 0.9316275119781494 4199
1763558747373 0.9390741586685181 4499
1763559006725 0.9078277349472046 4799
1763559266379 0.9058572053909302 5099
1763559525789 0.9041429162025452 5399
1763559785046 0.9111493229866028 5699
1763560044483 0.904748797416687 5999
1763560303899 0.9061712622642517 6299
1763560563230 0.8881900906562805 6599
1763560823002 0.9041922092437744 6899
1763561082444 0.8929614424705505 7199
1763561341601 0.8864865303039551 7499
1763561601194 0.8926005959510803 7799
1763561860595 0.8795270323753357 8099
1763562119831 0.8881514072418213 8399
1763562379050 0.8894485235214233 8699
1763562638244 0.8900561332702637 8999
1763562897680 0.8805847764015198 9299
1763563157328 0.8726270198822021 9599
1763563416737 0.8736032247543335 9899
1763563675942 0.8819724917411804 10199
1763563935154 0.8793728351593018 10499
1763564194437 0.8637180924415588 10799
1763564453689 0.8705421090126038 11099
1763564713219 0.8818801641464233 11399
1763564972611 0.8621947169303894 11699
1763565231892 0.8792544603347778 11999
1763565491191 0.8111029267311096 12299
1763565750270 0.8121625185012817 12599
1763566009783 0.8089720606803894 12899
1763566269188 0.8052840828895569 13199
1763566528389 0.808601438999176 13499
1763566787689 0.8062857985496521 13799
1763567046930 0.8072845339775085 14099
1763567306295 0.8125323057174683 14399
1763567565694 0.8081662058830261 14699
1763567824954 0.8057687878608704 14999
1763568084519 0.8059043288230896 15299
1763568343852 0.8098229765892029 15599
1763568603194 0.8081786036491394 15899
1763568862739 0.8028344511985779 16199
1763569121877 0.8024023771286011 16499
1763569381006 0.8006744980812073 16799
1763569640561 0.8086448311805725 17099
1763569899817 0.8010767698287964 17399
1763570159218 0.8020058870315552 17699
1763570418560 0.801347553730011 17999
1763570677846 0.7890962362289429 18299
1763570937143 0.7900530695915222 18599
1763571196661 0.7879540324211121 18899
1763571455930 0.7863802909851074 19199
1763571715269 0.7848948240280151 19499
1763571974520 0.7849690914154053 19799
1763572233787 0.7861168384552002 20099
1763572493140 0.7806742191314697 20399
1763572752729 0.7867087721824646 20699
1763573011935 0.7891019582748413 20999
1763573271359 0.7854878306388855 21299
1763573530809 0.7834281921386719 21599
1763573790063 0.7868890166282654 21899
1763574049327 0.7855914235115051 22199
1763574308670 0.7854127883911133 22499
1763574567709 0.7844600677490234 22799
1763574826725 0.7866165041923523 23099
1763575086001 0.7853267788887024 23399
1763575345429 0.782244861125946 23699
1763575604728 0.7839292287826538 23999
1763575863976 0.7849779725074768 24299
1763576123072 0.7892534732818604 24599
1763576382390 0.7842299938201904 24899
1763576641666 0.7843887209892273 25199
1763576901131 0.7854113578796387 25499
1763577160608 0.7823807597160339 25799
1763577420009 0.7836362719535828 26099
1763577679485 0.7851059436798096 26399
1763577938817 0.7823443412780762 26699
1763578198231 0.7824437022209167 26999
1763578457849 0.7852953672409058 27299
1763578717036 0.7864302396774292 27599
1763578976300 0.7828653454780579 27899
1763579235615 0.7863500714302063 28199
1763579494815 0.7835400104522705 28499
1763579754202 0.7823867201805115 28799
1763580013743 0.7852338552474976 29099
1763580272963 0.7845847010612488 29399
1763580532253 0.781986653804779 29699
1763580791673 0.7847357988357544 29999
1763581051007 0.7788928747177124 30299
1763581310296 0.7786683440208435 30599
1763581569781 0.7779783010482788 30899
1763581829165 0.7808073163032532 31199
1763582088436 0.7818220257759094 31499
1763582347858 0.7807974219322205 31799
1763582607228 0.7768596410751343 32099
1763582866626 0.7795712351799011 32399
1763583126062 0.7791799902915955 32699
1763583385393 0.7795776724815369 32999
